ticker,date,open,high,low,close
ALCO,1973-05-03,3.62,3.81,3.62,3.62
ALCO,1973-05-04,3.62,3.81,3.62,3.62
ALCO,1973-05-07,3.62,3.81,3.62,3.62
ALCO,1973-05-08,3.69,3.88,3.69,3.69
ALCO,1973-05-09,3.69,3.88,3.69,3.69
ALCO,1973-05-10,3.69,3.88,3.69,3.69
ALCO,1973-05-11,3.69,3.88,3.69,3.69
ALCO,1973-05-14,3.69,3.81,3.69,3.69
ALCO,1973-05-15,3.69,3.88,3.69,3.69
ALCO,1973-05-16,3.75,3.94,3.75,3.75
ALCO,1973-05-17,4.06,4.25,4.06,4.06
ALCO,1973-05-18,3.88,3.88,3.69,3.69
ALCO,1973-05-21,3.69,3.75,3.56,3.56
ALCO,1973-05-22,3.62,3.81,3.62,3.62
ALCO,1973-05-23,3.75,3.94,3.75,3.75
ALCO,1973-05-24,3.88,4.06,3.88,3.88
ALCO,1973-05-25,4.06,4.25,4.06,4.06
ALCO,1973-05-29,4.06,4.25,4.06,4.06
ALCO,1973-05-30,4.06,4.19,4.0,4.0
ALCO,1973-05-31,4.0,4.19,4.0,4.0
ALCO,1973-06-01,4.0,4.12,3.94,3.94
ALCO,1973-06-04,3.94,3.94,3.69,3.69
ALCO,1973-06-05,3.75,3.94,3.75,3.75
ALCO,1973-06-06,3.75,3.88,3.69,3.69
ALCO,1973-06-07,3.69,3.88,3.69,3.69
ALCO,1973-06-08,3.81,4.0,3.81,3.81
ALCO,1973-06-11,3.81,3.94,3.75,3.75
ALCO,1973-06-12,3.75,3.94,3.75,3.75
ALCO,1973-06-13,3.75,3.94,3.75,3.75
ALCO,1973-06-14,3.75,3.94,3.75,3.75
ALCO,1973-06-15,3.75,3.94,3.75,3.75
ALCO,1973-06-18,3.75,3.94,3.75,3.75
ALCO,1973-06-19,3.75,3.88,3.69,3.69
ALCO,1973-06-20,3.69,3.88,3.69,3.69
ALCO,1973-06-21,3.69,3.81,3.62,3.62
ALCO,1973-06-22,3.62,3.69,3.5,3.5
ALCO,1973-06-25,3.5,3.69,3.5,3.5
ALCO,1973-06-26,3.5,3.69,3.5,3.5
ALCO,1973-06-27,3.5,3.69,3.5,3.5
ALCO,1973-06-28,3.5,3.69,3.5,3.5
ALCO,1973-06-29,3.5,3.5,3.31,3.31
ALCO,1973-07-02,3.31,3.5,3.31,3.31
ALCO,1973-07-03,3.38,3.56,3.38,3.38
ALCO,1973-07-05,3.38,3.56,3.38,3.38
ALCO,1973-07-06,3.38,3.56,3.38,3.38
ALCO,1973-07-09,3.38,3.56,3.38,3.38
ALCO,1973-07-10,3.44,3.62,3.44,3.44
ALCO,1973-07-11,3.62,3.81,3.62,3.62
ALCO,1973-07-12,3.62,3.69,3.5,3.5
ALCO,1973-07-13,3.5,3.69,3.5,3.5
ALCO,1973-07-16,3.5,3.69,3.5,3.5
ALCO,1973-07-17,3.5,3.69,3.5,3.5
ALCO,1973-07-18,3.5,3.69,3.5,3.5
ALCO,1973-07-19,3.69,3.88,3.69,3.69
ALCO,1973-07-20,3.75,3.94,3.75,3.75
ALCO,1973-07-23,3.75,3.94,3.75,3.75
ALCO,1973-07-24,3.75,3.88,3.69,3.69
ALCO,1973-07-25,3.88,4.06,3.88,3.88
ALCO,1973-07-26,3.88,4.06,3.88,3.88
ALCO,1973-07-27,3.88,4.0,3.81,3.81
ALCO,1973-07-30,3.81,4.0,3.81,3.81
ALCO,1973-07-31,3.81,4.0,3.81,3.81
ALCO,1973-08-01,3.81,3.94,3.75,3.75
ALCO,1973-08-02,3.75,3.88,3.69,3.69
ALCO,1973-08-03,3.69,3.88,3.69,3.69
ALCO,1973-08-06,3.69,3.81,3.62,3.62
ALCO,1973-08-07,3.69,3.88,3.69,3.69
ALCO,1973-08-08,3.69,3.81,3.62,3.62
ALCO,1973-08-09,3.62,3.81,3.62,3.62
ALCO,1973-08-10,3.62,3.75,3.56,3.56
ALCO,1973-08-13,3.56,3.75,3.56,3.56
ALCO,1973-08-14,3.62,3.81,3.62,3.62
ALCO,1973-08-15,3.62,3.81,3.62,3.62
ALCO,1973-08-16,3.62,3.81,3.62,3.62
ALCO,1973-08-17,3.69,3.88,3.69,3.69
ALCO,1973-08-20,3.69,3.88,3.69,3.69
ALCO,1973-08-21,3.75,3.94,3.75,3.75
ALCO,1973-08-22,3.81,4.0,3.81,3.81
ALCO,1973-08-23,3.88,4.06,3.88,3.88
ALCO,1973-08-24,3.88,4.0,3.81,3.81
ALCO,1973-08-27,3.81,4.0,3.81,3.81
ALCO,1973-08-28,3.81,4.0,3.81,3.81
ALCO,1973-08-29,3.81,4.0,3.81,3.81
ALCO,1973-08-30,3.81,4.0,3.81,3.81
ALCO,1973-08-31,3.81,4.0,3.81,3.81
ALCO,1973-09-04,3.81,3.94,3.75,3.75
ALCO,1973-09-05,3.81,4.0,3.81,3.81
ALCO,1973-09-06,3.81,3.94,3.75,3.75
ALCO,1973-09-07,3.81,4.0,3.81,3.81
ALCO,1973-09-10,3.81,4.0,3.81,3.81
ALCO,1973-09-11,3.81,4.0,3.81,3.81
ALCO,1973-09-12,3.81,4.0,3.81,3.81
ALCO,1973-09-13,3.81,3.94,3.75,3.75
ALCO,1973-09-14,3.75,3.94,3.75,3.75
ALCO,1973-09-17,3.75,3.94,3.75,3.75
ALCO,1973-09-18,3.75,3.88,3.69,3.69
ALCO,1973-09-19,3.69,3.81,3.62,3.62
ALCO,1973-09-20,3.62,3.81,3.62,3.62
ALCO,1973-09-21,3.62,3.81,3.62,3.62
ALCO,1973-09-24,3.62,3.75,3.56,3.56
ALCO,1973-09-25,3.56,3.75,3.56,3.56
ALCO,1973-09-26,3.56,3.75,3.56,3.56
ALCO,1973-09-27,3.56,3.69,3.5,3.5
ALCO,1973-09-28,3.5,3.62,3.44,3.44
ALCO,1973-10-01,3.5,3.69,3.5,3.5
ALCO,1973-10-02,3.56,3.75,3.56,3.56
ALCO,1973-10-03,3.56,3.75,3.56,3.56
ALCO,1973-10-04,3.56,3.75,3.56,3.56
ALCO,1973-10-05,3.56,3.69,3.5,3.5
ALCO,1973-10-08,3.5,3.62,3.44,3.44
ALCO,1973-10-09,3.44,3.62,3.44,3.44
ALCO,1973-10-10,3.44,3.62,3.44,3.44
ALCO,1973-10-11,3.5,3.69,3.5,3.5
ALCO,1973-10-12,3.5,3.69,3.5,3.5
ALCO,1973-10-15,3.5,3.62,3.44,3.44
ALCO,1973-10-16,3.44,3.56,3.38,3.38
ALCO,1973-10-17,3.5,3.69,3.5,3.5
ALCO,1973-10-18,3.5,3.69,3.5,3.5
ALCO,1973-10-19,3.5,3.69,3.5,3.5
ALCO,1973-10-22,3.5,3.62,3.44,3.44
ALCO,1973-10-23,3.44,3.62,3.44,3.44
ALCO,1973-10-24,3.5,3.69,3.5,3.5
ALCO,1973-10-25,3.5,3.69,3.5,3.5
ALCO,1973-10-26,3.5,3.69,3.5,3.5
ALCO,1973-10-29,3.44,3.62,3.44,3.44
ALCO,1973-10-30,3.44,3.56,3.38,3.38
ALCO,1973-10-31,3.38,3.56,3.38,3.38
ALCO,1973-11-01,3.38,3.56,3.38,3.38
ALCO,1973-11-02,3.38,3.38,3.38,3.38
ALCO,1973-11-05,3.38,3.44,3.25,3.25
ALCO,1973-11-06,3.25,3.44,3.25,3.25
ALCO,1973-11-07,3.38,3.56,3.38,3.38
ALCO,1973-11-08,3.44,3.62,3.44,3.44
ALCO,1973-11-09,3.5,3.69,3.5,3.5
ALCO,1973-11-12,3.5,3.62,3.44,3.44
ALCO,1973-11-13,3.44,3.56,3.38,3.38
ALCO,1973-11-14,3.38,3.5,3.31,3.31
ALCO,1973-11-15,3.31,3.5,3.31,3.31
ALCO,1973-11-16,3.31,3.44,3.25,3.25
ALCO,1973-11-19,3.31,3.5,3.31,3.31
ALCO,1973-11-20,3.31,3.5,3.31,3.31
ALCO,1973-11-21,3.31,3.5,3.31,3.31
ALCO,1973-11-23,3.31,3.5,3.31,3.31
ALCO,1973-11-26,3.31,3.44,3.25,3.25
ALCO,1973-11-27,3.25,3.44,3.25,3.25
ALCO,1973-11-28,3.25,3.38,3.19,3.19
ALCO,1973-11-29,3.19,3.31,3.12,3.12
ALCO,1973-11-30,3.12,3.25,3.06,3.06
ALCO,1973-12-03,3.06,3.25,3.06,3.06
ALCO,1973-12-04,3.06,3.12,2.94,2.94
ALCO,1973-12-05,2.94,3.12,2.94,2.94
ALCO,1973-12-06,2.94,3.12,2.94,2.94
ALCO,1973-12-07,3.06,3.25,3.06,3.06
ALCO,1973-12-10,3.12,3.31,3.12,3.12
ALCO,1973-12-11,3.12,3.25,3.06,3.06
ALCO,1973-12-12,3.06,3.19,3.0,3.0
ALCO,1973-12-13,3.0,3.19,3.0,3.0
ALCO,1973-12-14,3.0,3.19,3.0,3.0
ALCO,1973-12-17,3.0,3.19,3.0,3.0
ALCO,1973-12-18,3.0,3.19,3.0,3.0
ALCO,1973-12-19,3.0,3.19,3.0,3.0
ALCO,1973-12-20,3.06,3.25,3.06,3.06
ALCO,1973-12-21,3.19,3.38,3.19,3.19
ALCO,1973-12-24,3.25,3.44,3.25,3.25
ALCO,1973-12-26,3.25,3.44,3.25,3.25
ALCO,1973-12-27,3.31,3.5,3.31,3.31
ALCO,1973-12-28,3.31,3.5,3.31,3.31
ALCO,1973-12-31,3.38,3.56,3.38,3.38
ALCO,1974-01-02,3.38,3.56,3.38,3.38
ALCO,1974-01-03,3.69,3.88,3.69,3.69
ALCO,1974-01-04,3.69,3.81,3.62,3.62
ALCO,1974-01-07,3.62,3.69,3.5,3.5
ALCO,1974-01-08,3.5,3.56,3.38,3.38
ALCO,1974-01-09,3.38,3.44,3.25,3.25
ALCO,1974-01-10,3.25,3.38,3.19,3.19
ALCO,1974-01-11,3.19,3.31,3.12,3.12
ALCO,1974-01-14,3.12,3.25,3.06,3.06
ALCO,1974-01-15,3.06,3.25,3.06,3.06
ALCO,1974-01-16,3.06,3.25,3.06,3.06
ALCO,1974-01-17,3.12,3.31,3.12,3.12
ALCO,1974-01-18,3.12,3.25,3.06,3.06
ALCO,1974-01-21,3.06,3.25,3.06,3.06
ALCO,1974-01-22,3.06,3.25,3.06,3.06
ALCO,1974-01-23,3.06,3.19,3.0,3.0
ALCO,1974-01-24,3.06,3.25,3.06,3.06
ALCO,1974-01-25,3.12,3.31,3.12,3.12
ALCO,1974-01-28,3.12,3.25,3.06,3.06
ALCO,1974-01-29,3.06,3.25,3.06,3.06
ALCO,1974-01-30,3.06,3.25,3.06,3.06
ALCO,1974-01-31,3.12,3.31,3.12,3.12
ALCO,1974-02-01,3.12,3.31,3.12,3.12
ALCO,1974-02-04,3.12,3.25,3.06,3.06
ALCO,1974-02-05,3.06,3.19,3.0,3.0
ALCO,1974-02-06,3.0,3.19,3.0,3.0
ALCO,1974-02-07,3.0,3.19,3.0,3.0
ALCO,1974-02-08,3.06,3.25,3.06,3.06
ALCO,1974-02-11,3.31,3.5,3.31,3.31
ALCO,1974-02-12,3.31,3.5,3.31,3.31
ALCO,1974-02-13,3.31,3.5,3.31,3.31
ALCO,1974-02-14,3.31,3.5,3.31,3.31
ALCO,1974-02-15,3.31,3.5,3.31,3.31
ALCO,1974-02-19,3.31,3.44,3.25,3.25
ALCO,1974-02-20,3.31,3.5,3.31,3.31
ALCO,1974-02-21,3.31,3.5,3.31,3.31
ALCO,1974-02-22,3.31,3.5,3.31,3.31
ALCO,1974-02-25,3.31,3.44,3.31,3.31
ALCO,1974-02-26,3.38,3.56,3.38,3.38
ALCO,1974-02-27,3.38,3.56,3.38,3.38
ALCO,1974-02-28,3.38,3.56,3.38,3.38
ALCO,1974-03-01,3.38,3.5,3.31,3.31
ALCO,1974-03-04,3.31,3.5,3.31,3.31
ALCO,1974-03-05,3.31,3.5,3.31,3.31
ALCO,1974-03-06,3.31,3.5,3.31,3.31
ALCO,1974-03-07,3.31,3.5,3.31,3.31
ALCO,1974-03-08,3.31,3.44,3.25,3.25
ALCO,1974-03-11,3.25,3.44,3.25,3.25
ALCO,1974-03-12,3.31,3.5,3.31,3.31
ALCO,1974-03-13,3.31,3.5,3.31,3.31
ALCO,1974-03-14,3.41,3.59,3.41,3.41
ALCO,1974-03-15,3.44,3.62,3.44,3.44
ALCO,1974-03-18,3.44,3.56,3.38,3.38
ALCO,1974-03-19,3.38,3.56,3.38,3.38
ALCO,1974-03-20,3.38,3.56,3.38,3.38
ALCO,1974-03-21,3.38,3.56,3.38,3.38
ALCO,1974-03-22,3.38,3.56,3.38,3.38
ALCO,1974-03-25,3.5,3.69,3.5,3.5
ALCO,1974-03-26,3.5,3.69,3.5,3.5
ALCO,1974-03-27,3.5,3.69,3.5,3.5
ALCO,1974-03-28,3.5,3.69,3.5,3.5
ALCO,1974-03-29,3.5,3.69,3.5,3.5
ALCO,1974-04-01,3.5,3.69,3.5,3.5
ALCO,1974-04-02,3.5,3.62,3.44,3.44
ALCO,1974-04-03,3.44,3.62,3.44,3.44
ALCO,1974-04-04,3.44,3.62,3.44,3.44
ALCO,1974-04-05,3.5,3.69,3.5,3.5
ALCO,1974-04-08,3.5,3.62,3.44,3.44
ALCO,1974-04-09,3.44,3.56,3.38,3.38
ALCO,1974-04-10,3.38,3.56,3.38,3.38
ALCO,1974-04-11,3.38,3.56,3.38,3.38
ALCO,1974-04-15,3.38,3.5,3.31,3.31
ALCO,1974-04-16,3.38,3.56,3.38,3.38
ALCO,1974-04-17,3.38,3.56,3.38,3.38
ALCO,1974-04-18,3.38,3.5,3.31,3.31
ALCO,1974-04-19,3.38,3.56,3.38,3.38
ALCO,1974-04-22,3.38,3.56,3.38,3.38
ALCO,1974-04-23,3.38,3.5,3.31,3.31
ALCO,1974-04-24,3.31,3.5,3.31,3.31
ALCO,1974-04-25,3.31,3.5,3.31,3.31
ALCO,1974-04-26,3.31,3.5,3.31,3.31
ALCO,1974-04-29,3.31,3.5,3.31,3.31
ALCO,1974-04-30,3.31,3.5,3.31,3.31
ALCO,1974-05-01,3.31,3.5,3.31,3.31
ALCO,1974-05-02,3.31,3.44,3.25,3.25
ALCO,1974-05-03,3.31,3.5,3.31,3.31
ALCO,1974-05-06,3.31,3.5,3.31,3.31
ALCO,1974-05-07,3.31,3.5,3.31,3.31
ALCO,1974-05-08,3.38,3.56,3.38,3.38
ALCO,1974-05-09,3.38,3.56,3.38,3.38
ALCO,1974-05-10,3.38,3.5,3.31,3.31
ALCO,1974-05-13,3.31,3.5,3.31,3.31
ALCO,1974-05-14,3.31,3.44,3.25,3.25
ALCO,1974-05-15,3.25,3.38,3.19,3.19
ALCO,1974-05-16,3.19,3.38,3.19,3.19
ALCO,1974-05-17,3.19,3.31,3.12,3.12
ALCO,1974-05-20,3.12,3.25,3.06,3.06
ALCO,1974-05-21,3.06,3.25,3.06,3.06
ALCO,1974-05-22,3.06,3.25,3.06,3.06
ALCO,1974-05-23,3.06,3.19,3.0,3.0
ALCO,1974-05-24,3.0,3.19,3.0,3.0
ALCO,1974-05-28,3.0,3.12,2.94,2.94
ALCO,1974-05-29,2.94,3.12,2.94,2.94
ALCO,1974-05-30,2.94,3.06,2.88,2.88
ALCO,1974-05-31,2.88,3.06,2.88,2.88
ALCO,1974-06-03,2.94,3.12,2.94,2.94
ALCO,1974-06-04,2.94,3.12,2.94,2.94
ALCO,1974-06-05,3.0,3.19,3.0,3.0
ALCO,1974-06-06,3.0,3.12,2.94,2.94
ALCO,1974-06-07,2.94,3.12,2.94,2.94
ALCO,1974-06-10,2.94,3.0,2.81,2.81
ALCO,1974-06-11,2.81,3.0,2.81,2.81
ALCO,1974-06-12,2.81,2.88,2.69,2.69
ALCO,1974-06-13,2.69,2.88,2.69,2.69
ALCO,1974-06-14,2.69,2.88,2.69,2.69
ALCO,1974-06-17,2.69,2.81,2.62,2.62
ALCO,1974-06-18,2.62,2.81,2.62,2.62
ALCO,1974-06-19,2.62,2.81,2.62,2.62
ALCO,1974-06-20,2.62,2.81,2.62,2.62
ALCO,1974-06-21,2.62,2.81,2.62,2.62
ALCO,1974-06-24,2.62,2.81,2.62,2.62
ALCO,1974-06-25,2.69,2.88,2.69,2.69
ALCO,1974-06-26,2.69,2.81,2.62,2.62
ALCO,1974-06-27,2.62,2.81,2.62,2.62
ALCO,1974-06-28,2.69,2.88,2.69,2.69
ALCO,1974-07-01,2.75,2.94,2.75,2.75
ALCO,1974-07-02,2.75,2.94,2.75,2.75
ALCO,1974-07-03,2.75,2.94,2.75,2.75
ALCO,1974-07-05,2.75,2.88,2.69,2.69
ALCO,1974-07-08,2.69,2.81,2.62,2.62
ALCO,1974-07-09,2.69,2.88,2.69,2.69
ALCO,1974-07-10,2.69,2.81,2.62,2.62
ALCO,1974-07-11,2.62,2.81,2.62,2.62
ALCO,1974-07-12,2.62,2.75,2.56,2.56
ALCO,1974-07-15,2.56,2.69,2.5,2.5
ALCO,1974-07-16,2.5,2.69,2.5,2.5
ALCO,1974-07-17,2.5,2.69,2.5,2.5
ALCO,1974-07-18,2.5,2.69,2.5,2.5
ALCO,1974-07-19,2.5,2.69,2.5,2.5
ALCO,1974-07-22,2.5,2.62,2.44,2.44
ALCO,1974-07-23,2.44,2.62,2.44,2.44
ALCO,1974-07-24,2.44,2.62,2.44,2.44
ALCO,1974-07-25,2.44,2.56,2.38,2.38
ALCO,1974-07-26,2.38,2.56,2.38,2.38
ALCO,1974-07-29,2.38,2.5,2.31,2.31
ALCO,1974-07-30,2.31,2.5,2.31,2.31
ALCO,1974-07-31,2.31,2.44,2.25,2.25
ALCO,1974-08-01,2.25,2.44,2.25,2.25
ALCO,1974-08-02,2.25,2.44,2.25,2.25
ALCO,1974-08-05,2.31,2.5,2.31,2.31
ALCO,1974-08-06,2.31,2.5,2.31,2.31
ALCO,1974-08-07,2.31,2.5,2.31,2.31
ALCO,1974-08-08,2.31,2.5,2.31,2.31
ALCO,1974-08-09,2.31,2.5,2.31,2.31
ALCO,1974-08-12,2.31,2.5,2.31,2.31
ALCO,1974-08-13,2.31,2.44,2.25,2.25
ALCO,1974-08-14,2.25,2.44,2.25,2.25
ALCO,1974-08-15,2.25,2.38,2.19,2.19
ALCO,1974-08-16,2.19,2.31,2.12,2.12
ALCO,1974-08-19,2.12,2.19,2.0,2.0
ALCO,1974-08-20,2.0,2.12,1.94,1.94
ALCO,1974-08-21,1.94,2.12,1.94,1.94
ALCO,1974-08-22,1.94,2.12,1.94,1.94
ALCO,1974-08-23,1.94,2.12,1.94,1.94
ALCO,1974-08-26,2.0,2.19,2.0,2.0
ALCO,1974-08-27,2.0,2.19,2.0,2.0
ALCO,1974-08-28,2.0,2.19,2.0,2.0
ALCO,1974-08-29,2.0,2.19,2.0,2.0
ALCO,1974-08-30,2.06,2.25,2.06,2.06
ALCO,1974-09-03,2.06,2.25,2.06,2.06
ALCO,1974-09-04,2.06,2.25,2.06,2.06
ALCO,1974-09-05,2.06,2.25,2.06,2.06
ALCO,1974-09-06,2.06,2.25,2.06,2.06
ALCO,1974-09-09,2.06,2.25,2.06,2.06
ALCO,1974-09-10,2.06,2.25,2.06,2.06
ALCO,1974-09-11,2.12,2.31,2.12,2.12
ALCO,1974-09-12,2.12,2.25,2.06,2.06
ALCO,1974-09-13,2.06,2.25,2.06,2.06
ALCO,1974-09-16,2.06,2.19,2.0,2.0
ALCO,1974-09-17,2.0,2.19,2.0,2.0
ALCO,1974-09-18,2.0,2.19,2.0,2.0
ALCO,1974-09-19,2.0,2.12,1.94,1.94
ALCO,1974-09-20,1.94,2.12,1.94,1.94
ALCO,1974-09-23,2.0,2.19,2.0,2.0
ALCO,1974-09-24,2.0,2.19,2.0,2.0
ALCO,1974-09-25,2.0,2.19,2.0,2.0
ALCO,1974-09-26,2.0,2.19,2.0,2.0
ALCO,1974-09-27,2.0,2.12,1.94,1.94
ALCO,1974-09-30,1.94,2.0,1.81,1.81
ALCO,1974-10-01,1.81,1.94,1.75,1.75
ALCO,1974-10-02,1.75,1.94,1.75,1.75
ALCO,1974-10-03,1.75,1.88,1.69,1.69
ALCO,1974-10-04,1.69,1.81,1.62,1.62
ALCO,1974-10-07,1.69,1.88,1.69,1.69
ALCO,1974-10-08,1.69,1.88,1.69,1.69
ALCO,1974-10-09,1.69,1.88,1.69,1.69
ALCO,1974-10-10,1.69,1.88,1.69,1.69
ALCO,1974-10-11,1.69,1.88,1.69,1.69
ALCO,1974-10-14,1.69,1.81,1.62,1.62
ALCO,1974-10-15,1.62,1.81,1.62,1.62
ALCO,1974-10-16,1.62,1.81,1.62,1.62
ALCO,1974-10-17,1.62,1.81,1.62,1.62
ALCO,1974-10-18,1.75,1.94,1.75,1.75
ALCO,1974-10-21,1.75,1.91,1.72,1.72
ALCO,1974-10-22,1.75,1.94,1.75,1.75
ALCO,1974-10-23,1.75,1.88,1.75,1.75
ALCO,1974-10-24,1.75,1.88,1.75,1.75
ALCO,1974-10-25,1.84,1.97,1.84,1.84
ALCO,1974-10-28,1.91,2.03,1.91,1.91
ALCO,1974-10-29,2.0,2.12,2.0,2.0
ALCO,1974-10-30,2.03,2.16,2.03,2.03
ALCO,1974-10-31,2.03,2.12,2.0,2.0
ALCO,1974-11-01,2.0,2.0,2.0,2.0
ALCO,1974-11-04,2.0,2.12,2.0,2.0
ALCO,1974-11-05,2.0,2.12,2.0,2.0
ALCO,1974-11-06,2.0,2.03,1.91,1.91
ALCO,1974-11-07,1.94,2.06,1.94,1.94
ALCO,1974-11-08,1.94,2.03,1.91,1.91
ALCO,1974-11-11,1.91,2.03,1.91,1.91
ALCO,1974-11-12,1.91,2.0,1.88,1.88
ALCO,1974-11-13,1.88,1.94,1.81,1.81
ALCO,1974-11-14,1.81,1.94,1.81,1.81
ALCO,1974-11-15,1.81,1.94,1.81,1.81
ALCO,1974-11-18,1.81,1.94,1.81,1.81
ALCO,1974-11-19,1.81,1.88,1.75,1.75
ALCO,1974-11-20,1.75,1.84,1.72,1.72
ALCO,1974-11-21,1.72,1.84,1.72,1.72
ALCO,1974-11-22,1.75,1.88,1.75,1.75
ALCO,1974-11-25,1.75,1.84,1.72,1.72
ALCO,1974-11-26,1.72,1.81,1.69,1.69
ALCO,1974-11-27,1.69,1.81,1.69,1.69
ALCO,1974-11-29,1.69,1.81,1.69,1.69
ALCO,1974-12-02,1.69,1.81,1.69,1.69
ALCO,1974-12-03,1.69,1.72,1.59,1.59
ALCO,1974-12-04,1.59,1.72,1.59,1.59
ALCO,1974-12-05,1.59,1.69,1.56,1.56
ALCO,1974-12-06,1.56,1.66,1.53,1.53
ALCO,1974-12-09,1.56,1.69,1.56,1.56
ALCO,1974-12-10,1.59,1.72,1.59,1.59
ALCO,1974-12-11,1.59,1.69,1.56,1.56
ALCO,1974-12-12,1.56,1.69,1.56,1.56
ALCO,1974-12-13,1.56,1.69,1.56,1.56
ALCO,1974-12-16,1.56,1.69,1.56,1.56
ALCO,1974-12-17,1.56,1.69,1.56,1.56
ALCO,1974-12-18,1.56,1.66,1.53,1.53
ALCO,1974-12-19,1.53,1.62,1.5,1.5
ALCO,1974-12-20,1.59,1.72,1.59,1.59
ALCO,1974-12-23,1.59,1.69,1.56,1.56
ALCO,1974-12-24,1.59,1.72,1.59,1.59
ALCO,1974-12-26,1.62,1.75,1.62,1.62
ALCO,1974-12-27,1.66,1.78,1.66,1.66
ALCO,1974-12-30,1.66,1.75,1.62,1.62
ALCO,1974-12-31,1.72,1.84,1.72,1.72
ALCO,1975-01-02,1.78,1.91,1.78,1.78
ALCO,1975-01-03,1.84,1.97,1.84,1.84
ALCO,1975-01-06,1.84,1.97,1.84,1.84
ALCO,1975-01-07,2.0,2.12,2.0,2.0
ALCO,1975-01-08,2.03,2.16,2.03,2.03
ALCO,1975-01-09,2.12,2.25,2.12,2.12
ALCO,1975-01-10,2.25,2.38,2.25,2.25
ALCO,1975-01-13,2.25,2.38,2.25,2.25
ALCO,1975-01-14,2.28,2.41,2.28,2.28
ALCO,1975-01-15,2.31,2.44,2.31,2.31
ALCO,1975-01-16,2.31,2.44,2.31,2.31
ALCO,1975-01-17,2.31,2.41,2.28,2.28
ALCO,1975-01-20,2.31,2.44,2.31,2.31
ALCO,1975-01-21,2.31,2.44,2.31,2.31
ALCO,1975-01-22,2.31,2.44,2.31,2.31
ALCO,1975-01-23,2.31,2.44,2.31,2.31
ALCO,1975-01-24,2.31,2.44,2.31,2.31
ALCO,1975-01-27,2.31,2.44,2.31,2.31
ALCO,1975-01-28,2.31,2.44,2.31,2.31
ALCO,1975-01-29,2.38,2.5,2.38,2.38
ALCO,1975-01-30,2.41,2.53,2.41,2.41
ALCO,1975-01-31,2.41,2.53,2.41,2.41
ALCO,1975-02-03,2.41,2.53,2.41,2.41
ALCO,1975-02-04,2.44,2.56,2.44,2.44
ALCO,1975-02-05,2.47,2.59,2.47,2.47
ALCO,1975-02-06,2.47,2.59,2.47,2.47
ALCO,1975-02-07,2.47,2.59,2.47,2.47
ALCO,1975-02-10,2.47,2.59,2.47,2.47
ALCO,1975-02-11,2.47,2.5,2.38,2.38
ALCO,1975-02-12,2.34,2.34,2.22,2.22
ALCO,1975-02-13,2.22,2.34,2.22,2.22
ALCO,1975-02-14,2.22,2.34,2.22,2.22
ALCO,1975-02-18,2.22,2.22,2.09,2.09
ALCO,1975-02-19,2.09,2.22,2.09,2.09
ALCO,1975-02-20,2.09,2.19,2.06,2.06
ALCO,1975-02-21,2.09,2.22,2.09,2.09
ALCO,1975-02-24,2.09,2.22,2.09,2.09
ALCO,1975-02-25,2.09,2.22,2.09,2.09
ALCO,1975-02-26,2.09,2.22,2.09,2.09
ALCO,1975-02-27,2.09,2.22,2.09,2.09
ALCO,1975-02-28,2.16,2.28,2.16,2.16
ALCO,1975-03-03,2.19,2.31,2.19,2.19
ALCO,1975-03-04,2.25,2.38,2.25,2.25
ALCO,1975-03-05,2.41,2.53,2.41,2.41
ALCO,1975-03-06,2.41,2.47,2.34,2.34
ALCO,1975-03-07,2.41,2.53,2.41,2.41
ALCO,1975-03-10,2.47,2.59,2.47,2.47
ALCO,1975-03-11,2.47,2.59,2.47,2.47
ALCO,1975-03-12,2.5,2.62,2.5,2.5
ALCO,1975-03-13,2.5,2.59,2.47,2.47
ALCO,1975-03-14,2.5,2.62,2.5,2.5
ALCO,1975-03-17,2.5,2.62,2.5,2.5
ALCO,1975-03-18,2.5,2.59,2.47,2.47
ALCO,1975-03-19,2.47,2.56,2.44,2.44
ALCO,1975-03-20,2.44,2.56,2.44,2.44
ALCO,1975-03-21,2.44,2.56,2.44,2.44
ALCO,1975-03-24,2.44,2.53,2.41,2.41
ALCO,1975-03-25,2.41,2.5,2.38,2.38
ALCO,1975-03-26,2.41,2.53,2.41,2.41
ALCO,1975-03-27,2.41,2.53,2.41,2.41
ALCO,1975-03-31,2.41,2.5,2.38,2.38
ALCO,1975-04-01,2.38,2.5,2.38,2.38
ALCO,1975-04-02,2.38,2.47,2.34,2.34
ALCO,1975-04-03,2.34,2.44,2.31,2.31
ALCO,1975-04-04,2.31,2.44,2.31,2.31
ALCO,1975-04-07,2.28,2.28,2.16,2.16
ALCO,1975-04-08,2.16,2.16,2.03,2.03
ALCO,1975-04-09,2.03,2.12,2.0,2.0
ALCO,1975-04-10,2.0,2.09,1.97,1.97
ALCO,1975-04-11,1.97,2.09,1.97,1.97
ALCO,1975-04-14,2.0,2.12,2.0,2.0
ALCO,1975-04-15,2.0,2.03,1.91,1.91
ALCO,1975-04-16,1.91,2.03,1.91,1.91
ALCO,1975-04-17,1.91,2.03,1.91,1.91
ALCO,1975-04-18,1.91,2.03,1.91,1.91
ALCO,1975-04-21,1.91,2.03,1.91,1.91
ALCO,1975-04-22,1.91,2.03,1.91,1.91
ALCO,1975-04-23,1.91,2.03,1.91,1.91
ALCO,1975-04-24,1.91,2.03,1.91,1.91
ALCO,1975-04-25,1.91,2.0,1.88,1.88
ALCO,1975-04-28,1.94,2.06,1.94,1.94
ALCO,1975-04-29,1.97,2.09,1.97,1.97
ALCO,1975-04-30,2.0,2.12,2.0,2.0
ALCO,1975-05-01,2.0,2.12,2.0,2.0
ALCO,1975-05-02,2.0,2.12,2.0,2.0
ALCO,1975-05-05,2.0,2.0,1.88,1.88
ALCO,1975-05-06,1.88,1.94,1.81,1.81
ALCO,1975-05-07,1.81,1.94,1.81,1.81
ALCO,1975-05-08,1.81,1.94,1.81,1.81
ALCO,1975-05-09,1.81,1.94,1.81,1.81
ALCO,1975-05-12,1.81,1.94,1.81,1.81
ALCO,1975-05-13,1.84,1.97,1.84,1.84
ALCO,1975-05-14,1.84,1.97,1.84,1.84
ALCO,1975-05-15,1.84,1.94,1.81,1.81
ALCO,1975-05-16,1.81,1.94,1.81,1.81
ALCO,1975-05-19,1.81,1.94,1.81,1.81
ALCO,1975-05-20,1.81,1.94,1.81,1.81
ALCO,1975-05-21,1.81,1.91,1.78,1.78
ALCO,1975-05-22,1.84,1.97,1.84,1.84
ALCO,1975-05-23,1.88,2.0,1.88,1.88
ALCO,1975-05-27,1.88,2.0,1.88,1.88
ALCO,1975-05-28,1.88,2.0,1.88,1.88
ALCO,1975-05-29,1.88,2.0,1.88,1.88
ALCO,1975-05-30,1.88,2.0,1.88,1.88
ALCO,1975-06-02,1.88,2.0,1.88,1.88
ALCO,1975-06-03,1.88,1.97,1.84,1.84
ALCO,1975-06-04,1.84,1.97,1.84,1.84
ALCO,1975-06-05,1.84,1.97,1.84,1.84
ALCO,1975-06-06,1.84,1.97,1.84,1.84
ALCO,1975-06-09,1.84,1.97,1.84,1.84
ALCO,1975-06-10,1.84,1.94,1.81,1.81
ALCO,1975-06-11,1.81,1.94,1.81,1.81
ALCO,1975-06-12,1.81,1.94,1.81,1.81
ALCO,1975-06-13,1.81,1.94,1.81,1.81
ALCO,1975-06-16,1.81,1.94,1.81,1.81
ALCO,1975-06-17,1.81,1.91,1.78,1.78
ALCO,1975-06-18,1.78,1.91,1.78,1.78
ALCO,1975-06-19,1.81,1.94,1.81,1.81
ALCO,1975-06-20,1.81,1.94,1.81,1.81
ALCO,1975-06-23,1.91,2.03,1.91,1.91
ALCO,1975-06-24,1.94,2.06,1.94,1.94
ALCO,1975-06-25,1.94,2.06,1.94,1.94
ALCO,1975-06-26,1.94,2.06,1.94,1.94
ALCO,1975-06-27,1.94,2.06,1.94,1.94
ALCO,1975-06-30,1.94,2.06,1.94,1.94
ALCO,1975-07-01,1.94,2.06,1.94,1.94
ALCO,1975-07-02,1.94,2.06,1.94,1.94
ALCO,1975-07-03,1.94,2.06,1.94,1.94
ALCO,1975-07-07,1.94,2.06,1.94,1.94
ALCO,1975-07-08,1.94,2.06,1.94,1.94
ALCO,1975-07-09,1.97,2.09,1.97,1.97
ALCO,1975-07-10,1.97,2.09,1.97,1.97
ALCO,1975-07-11,1.97,2.09,1.97,1.97
ALCO,1975-07-14,1.97,2.09,1.97,1.97
ALCO,1975-07-15,2.06,2.19,2.06,2.06
ALCO,1975-07-16,2.06,2.19,2.06,2.06
ALCO,1975-07-17,2.06,2.16,2.03,2.03
ALCO,1975-07-18,2.03,2.16,2.03,2.03
ALCO,1975-07-21,2.03,2.16,2.03,2.03
ALCO,1975-07-22,2.06,2.19,2.06,2.06
ALCO,1975-07-23,2.06,2.16,2.03,2.03
ALCO,1975-07-24,2.06,2.19,2.06,2.06
ALCO,1975-07-25,2.06,2.19,2.06,2.06
ALCO,1975-07-28,2.06,2.19,2.06,2.06
ALCO,1975-07-29,2.06,2.19,2.06,2.06
ALCO,1975-07-30,2.06,2.16,2.03,2.03
ALCO,1975-07-31,2.03,2.16,2.03,2.03
ALCO,1975-08-01,2.03,2.12,2.0,2.0
ALCO,1975-08-04,2.0,2.09,1.97,1.97
ALCO,1975-08-05,1.97,2.06,1.94,1.94
ALCO,1975-08-06,1.94,2.03,1.91,1.91
ALCO,1975-08-07,1.91,2.03,1.91,1.91
ALCO,1975-08-08,1.91,2.03,1.91,1.91
ALCO,1975-08-11,1.91,2.03,1.91,1.91
ALCO,1975-08-12,1.91,2.03,1.91,1.91
ALCO,1975-08-13,1.91,2.03,1.91,1.91
ALCO,1975-08-14,1.91,2.03,1.91,1.91
ALCO,1975-08-15,1.91,2.03,1.91,1.91
ALCO,1975-08-18,1.91,2.03,1.91,1.91
ALCO,1975-08-19,1.91,2.03,1.91,1.91
ALCO,1975-08-20,1.91,1.97,1.84,1.84
ALCO,1975-08-21,1.84,1.97,1.84,1.84
ALCO,1975-08-22,1.84,1.97,1.84,1.84
ALCO,1975-08-25,1.84,1.97,1.84,1.84
ALCO,1975-08-26,1.84,1.97,1.84,1.84
ALCO,1975-08-27,1.84,1.97,1.84,1.84
ALCO,1975-08-28,1.88,2.0,1.88,1.88
ALCO,1975-08-29,1.91,2.03,1.91,1.91
ALCO,1975-09-02,1.91,2.03,1.91,1.91
ALCO,1975-09-03,1.91,2.03,1.91,1.91
ALCO,1975-09-04,1.91,2.03,1.91,1.91
ALCO,1975-09-05,1.91,2.03,1.91,1.91
ALCO,1975-09-08,1.91,2.03,1.91,1.91
ALCO,1975-09-09,1.91,2.03,1.91,1.91
ALCO,1975-09-10,1.91,2.03,1.91,1.91
ALCO,1975-09-11,1.91,2.03,1.91,1.91
ALCO,1975-09-12,1.91,2.03,1.91,1.91
ALCO,1975-09-15,1.91,2.03,1.91,1.91
ALCO,1975-09-16,1.91,2.03,1.91,1.91
ALCO,1975-09-17,1.94,2.06,1.94,1.94
ALCO,1975-09-18,1.94,2.06,1.94,1.94
ALCO,1975-09-19,1.94,2.03,1.91,1.91
ALCO,1975-09-22,1.94,2.06,1.94,1.94
ALCO,1975-09-23,1.94,2.06,1.94,1.94
ALCO,1975-09-24,1.94,2.06,1.94,1.94
ALCO,1975-09-25,1.94,2.06,1.94,1.94
ALCO,1975-09-26,1.94,2.06,1.94,1.94
ALCO,1975-09-29,1.94,2.06,1.94,1.94
ALCO,1975-09-30,1.94,2.06,1.94,1.94
ALCO,1975-10-01,1.94,2.03,1.91,1.91
ALCO,1975-10-02,1.91,2.03,1.91,1.91
ALCO,1975-10-03,1.91,2.03,1.91,1.91
ALCO,1975-10-06,1.91,2.03,1.91,1.91
ALCO,1975-10-07,1.91,2.03,1.91,1.91
ALCO,1975-10-08,1.91,2.03,1.91,1.91
ALCO,1975-10-09,1.91,2.03,1.91,1.91
ALCO,1975-10-10,1.91,2.03,1.91,1.91
ALCO,1975-10-13,1.91,2.03,1.91,1.91
ALCO,1975-10-14,1.91,2.0,1.88,1.88
ALCO,1975-10-15,1.88,2.0,1.88,1.88
ALCO,1975-10-16,1.88,2.0,1.88,1.88
ALCO,1975-10-17,1.88,2.0,1.88,1.88
ALCO,1975-10-20,1.88,2.0,1.88,1.88
ALCO,1975-10-21,1.88,2.0,1.88,1.88
ALCO,1975-10-22,1.88,2.0,1.88,1.88
ALCO,1975-10-23,1.91,2.03,1.91,1.91
ALCO,1975-10-24,1.91,2.03,1.91,1.91
ALCO,1975-10-27,1.91,2.03,1.91,1.91
ALCO,1975-10-28,1.91,2.03,1.91,1.91
ALCO,1975-10-29,1.91,2.03,1.91,1.91
ALCO,1975-10-30,1.91,2.03,1.91,1.91
ALCO,1975-10-31,1.91,1.91,1.91,1.91
ALCO,1975-11-03,1.94,2.06,1.94,1.94
ALCO,1975-11-04,1.94,2.03,1.91,1.91
ALCO,1975-11-05,1.91,2.03,1.91,1.91
ALCO,1975-11-06,1.91,2.03,1.91,1.91
ALCO,1975-11-07,1.91,2.03,1.91,1.91
ALCO,1975-11-10,1.91,2.03,1.91,1.91
ALCO,1975-11-11,1.91,2.03,1.91,1.91
ALCO,1975-11-12,1.91,2.03,1.91,1.91
ALCO,1975-11-13,1.91,2.03,1.91,1.91
ALCO,1975-11-14,1.91,2.03,1.91,1.91
ALCO,1975-11-17,1.91,2.0,1.88,1.88
ALCO,1975-11-18,1.88,2.0,1.88,1.88
ALCO,1975-11-19,1.88,2.0,1.88,1.88
ALCO,1975-11-20,1.88,2.0,1.88,1.88
ALCO,1975-11-21,1.88,2.0,1.88,1.88
ALCO,1975-11-24,1.88,2.0,1.88,1.88
ALCO,1975-11-25,1.88,2.0,1.88,1.88
ALCO,1975-11-26,1.88,1.94,1.81,1.81
ALCO,1975-11-28,1.81,1.94,1.81,1.81
ALCO,1975-12-01,1.81,1.94,1.81,1.81
ALCO,1975-12-02,1.81,1.94,1.81,1.81
ALCO,1975-12-03,1.81,1.94,1.81,1.81
ALCO,1975-12-04,1.81,1.91,1.78,1.78
ALCO,1975-12-05,1.78,1.84,1.72,1.72
ALCO,1975-12-08,1.72,1.84,1.72,1.72
ALCO,1975-12-09,1.72,1.81,1.69,1.69
ALCO,1975-12-10,1.69,1.81,1.69,1.69
ALCO,1975-12-11,1.69,1.81,1.69,1.69
ALCO,1975-12-12,1.69,1.81,1.69,1.69
ALCO,1975-12-15,1.69,1.78,1.66,1.66
ALCO,1975-12-16,1.69,1.81,1.69,1.69
ALCO,1975-12-17,1.72,1.84,1.72,1.72
ALCO,1975-12-18,1.72,1.81,1.69,1.69
ALCO,1975-12-19,1.69,1.81,1.69,1.69
ALCO,1975-12-22,1.69,1.81,1.69,1.69
ALCO,1975-12-23,1.69,1.81,1.69,1.69
ALCO,1975-12-24,1.69,1.81,1.69,1.69
ALCO,1975-12-26,1.69,1.81,1.69,1.69
ALCO,1975-12-29,1.69,1.81,1.69,1.69
ALCO,1975-12-30,1.72,1.84,1.72,1.72
ALCO,1975-12-31,1.84,1.97,1.84,1.84
ALCO,1976-01-02,1.88,2.0,1.88,1.88
ALCO,1976-01-05,1.88,2.0,1.88,1.88
ALCO,1976-01-06,1.88,2.0,1.88,1.88
ALCO,1976-01-07,1.88,2.0,1.88,1.88
ALCO,1976-01-08,1.88,2.0,1.88,1.88
ALCO,1976-01-09,1.88,2.0,1.88,1.88
ALCO,1976-01-12,1.88,2.0,1.88,1.88
ALCO,1976-01-13,1.88,1.97,1.84,1.84
ALCO,1976-01-14,1.84,1.97,1.84,1.84
ALCO,1976-01-15,1.84,1.94,1.81,1.81
ALCO,1976-01-16,1.81,1.94,1.81,1.81
ALCO,1976-01-19,1.81,1.94,1.81,1.81
ALCO,1976-01-20,1.81,1.94,1.81,1.81
ALCO,1976-01-21,1.81,1.94,1.81,1.81
ALCO,1976-01-22,1.84,1.97,1.84,1.84
ALCO,1976-01-23,1.84,1.94,1.81,1.81
ALCO,1976-01-26,1.84,1.97,1.84,1.84
ALCO,1976-01-27,1.84,1.97,1.84,1.84
ALCO,1976-01-28,1.84,1.97,1.84,1.84
ALCO,1976-01-29,1.84,1.97,1.84,1.84
ALCO,1976-01-30,1.88,2.0,1.88,1.88
ALCO,1976-02-02,1.91,2.03,1.91,1.91
ALCO,1976-02-03,1.91,2.03,1.91,1.91
ALCO,1976-02-04,1.94,2.06,1.94,1.94
ALCO,1976-02-05,1.94,2.06,1.94,1.94
ALCO,1976-02-06,1.94,2.06,1.94,1.94
ALCO,1976-02-09,1.94,2.06,1.94,1.94
ALCO,1976-02-10,1.94,2.06,1.94,1.94
ALCO,1976-02-11,1.97,2.09,1.97,1.97
ALCO,1976-02-12,1.97,2.09,1.97,1.97
ALCO,1976-02-13,1.97,2.09,1.97,1.97
ALCO,1976-02-17,1.97,2.09,1.97,1.97
ALCO,1976-02-18,1.97,2.09,1.97,1.97
ALCO,1976-02-19,1.97,2.09,1.97,1.97
ALCO,1976-02-20,2.19,2.31,2.19,2.19
ALCO,1976-02-23,2.31,2.44,2.31,2.31
ALCO,1976-02-24,2.34,2.47,2.34,2.34
ALCO,1976-02-25,2.34,2.47,2.34,2.34
ALCO,1976-02-26,2.34,2.41,2.28,2.28
ALCO,1976-02-27,2.28,2.41,2.28,2.28
ALCO,1976-03-01,2.28,2.41,2.28,2.28
ALCO,1976-03-02,2.31,2.44,2.31,2.31
ALCO,1976-03-03,2.31,2.44,2.31,2.31
ALCO,1976-03-04,2.41,2.53,2.41,2.41
ALCO,1976-03-05,2.44,2.56,2.44,2.44
ALCO,1976-03-08,2.44,2.56,2.44,2.44
ALCO,1976-03-09,2.44,2.56,2.44,2.44
ALCO,1976-03-10,2.44,2.56,2.44,2.44
ALCO,1976-03-11,2.44,2.56,2.44,2.44
ALCO,1976-03-12,2.44,2.53,2.41,2.41
ALCO,1976-03-15,2.38,2.5,2.38,2.38
ALCO,1976-03-16,2.38,2.5,2.38,2.38
ALCO,1976-03-17,2.38,2.5,2.38,2.38
ALCO,1976-03-18,2.38,2.5,2.38,2.38
ALCO,1976-03-19,2.38,2.38,2.38,2.38
ALCO,1976-03-22,2.34,2.44,2.31,2.31
ALCO,1976-03-23,2.31,2.38,2.25,2.25
ALCO,1976-03-24,2.25,2.38,2.25,2.25
ALCO,1976-03-25,2.25,2.38,2.25,2.25
ALCO,1976-03-26,2.25,2.25,2.25,2.25
ALCO,1976-03-29,2.25,2.31,2.19,2.19
ALCO,1976-03-30,2.19,2.28,2.16,2.16
ALCO,1976-03-31,2.16,2.28,2.16,2.16
ALCO,1976-04-01,2.16,2.22,2.09,2.09
ALCO,1976-04-02,2.09,2.09,2.09,2.09
ALCO,1976-04-05,2.09,2.22,2.09,2.09
ALCO,1976-04-06,2.09,2.19,2.06,2.06
ALCO,1976-04-07,2.06,2.19,2.06,2.06
ALCO,1976-04-08,2.06,2.16,2.03,2.03
ALCO,1976-04-09,2.03,2.03,2.03,2.03
ALCO,1976-04-12,2.03,2.16,2.03,2.03
ALCO,1976-04-13,2.03,2.16,2.03,2.03
ALCO,1976-04-14,2.03,2.16,2.03,2.03
ALCO,1976-04-15,2.03,2.03,2.03,2.03
ALCO,1976-04-19,2.09,2.22,2.09,2.09
ALCO,1976-04-20,2.12,2.25,2.12,2.12
ALCO,1976-04-21,2.12,2.25,2.12,2.12
ALCO,1976-04-22,2.12,2.25,2.12,2.12
ALCO,1976-04-23,2.12,2.12,2.12,2.12
ALCO,1976-04-26,2.12,2.25,2.12,2.12
ALCO,1976-04-27,2.12,2.25,2.12,2.12
ALCO,1976-04-28,2.12,2.25,2.12,2.12
ALCO,1976-04-29,2.12,2.25,2.12,2.12
ALCO,1976-04-30,2.12,2.25,2.12,2.12
ALCO,1976-05-03,2.12,2.19,2.06,2.06
ALCO,1976-05-04,2.06,2.19,2.06,2.06
ALCO,1976-05-05,2.06,2.19,2.06,2.06
ALCO,1976-05-06,2.06,2.19,2.06,2.06
ALCO,1976-05-07,2.09,2.22,2.09,2.09
ALCO,1976-05-10,2.09,2.22,2.09,2.09
ALCO,1976-05-11,2.09,2.22,2.09,2.09
ALCO,1976-05-12,2.09,2.19,2.06,2.06
ALCO,1976-05-13,2.06,2.19,2.06,2.06
ALCO,1976-05-14,2.06,2.19,2.06,2.06
ALCO,1976-05-17,2.06,2.19,2.06,2.06
ALCO,1976-05-18,2.06,2.19,2.06,2.06
ALCO,1976-05-19,2.06,2.19,2.06,2.06
ALCO,1976-05-20,2.06,2.16,2.03,2.03
ALCO,1976-05-21,2.09,2.22,2.09,2.09
ALCO,1976-05-24,2.09,2.22,2.09,2.09
ALCO,1976-05-25,2.09,2.22,2.09,2.09
ALCO,1976-05-26,2.09,2.22,2.09,2.09
ALCO,1976-05-27,2.09,2.22,2.09,2.09
ALCO,1976-05-28,2.09,2.19,2.06,2.06
ALCO,1976-06-01,2.06,2.19,2.06,2.06
ALCO,1976-06-02,2.06,2.19,2.06,2.06
ALCO,1976-06-03,2.06,2.19,2.06,2.06
ALCO,1976-06-04,2.09,2.22,2.09,2.09
ALCO,1976-06-07,2.12,2.25,2.12,2.12
ALCO,1976-06-08,2.22,2.34,2.22,2.22
ALCO,1976-06-09,2.25,2.38,2.25,2.25
ALCO,1976-06-10,2.25,2.38,2.25,2.25
ALCO,1976-06-11,2.25,2.38,2.25,2.25
ALCO,1976-06-14,2.28,2.41,2.28,2.28
ALCO,1976-06-15,2.31,2.44,2.31,2.31
ALCO,1976-06-16,2.38,2.5,2.38,2.38
ALCO,1976-06-17,2.44,2.56,2.44,2.44
ALCO,1976-06-18,2.53,2.66,2.53,2.53
ALCO,1976-06-21,2.62,2.75,2.62,2.62
ALCO,1976-06-22,2.62,2.75,2.62,2.62
ALCO,1976-06-23,2.62,2.75,2.62,2.62
ALCO,1976-06-24,2.62,2.72,2.59,2.59
ALCO,1976-06-25,2.59,2.72,2.59,2.59
ALCO,1976-06-28,2.59,2.72,2.59,2.59
ALCO,1976-06-29,2.59,2.72,2.59,2.59
ALCO,1976-06-30,2.59,2.72,2.59,2.59
ALCO,1976-07-01,2.66,2.78,2.66,2.66
ALCO,1976-07-02,2.72,2.84,2.72,2.72
ALCO,1976-07-06,2.72,2.84,2.72,2.72
ALCO,1976-07-07,2.72,2.81,2.69,2.69
ALCO,1976-07-08,2.72,2.84,2.72,2.72
ALCO,1976-07-09,2.72,2.84,2.72,2.72
ALCO,1976-07-12,2.72,2.81,2.69,2.69
ALCO,1976-07-13,2.69,2.81,2.69,2.69
ALCO,1976-07-14,2.69,2.81,2.69,2.69
ALCO,1976-07-15,2.69,2.81,2.69,2.69
ALCO,1976-07-16,2.72,2.84,2.72,2.72
ALCO,1976-07-19,2.72,2.84,2.72,2.72
ALCO,1976-07-20,2.72,2.81,2.69,2.69
ALCO,1976-07-21,2.69,2.81,2.69,2.69
ALCO,1976-07-22,2.69,2.81,2.69,2.69
ALCO,1976-07-23,2.69,2.81,2.69,2.69
ALCO,1976-07-26,2.72,2.84,2.72,2.72
ALCO,1976-07-27,2.72,2.84,2.72,2.72
ALCO,1976-07-28,2.72,2.84,2.72,2.72
ALCO,1976-07-29,2.75,2.88,2.75,2.75
ALCO,1976-07-30,2.75,2.88,2.75,2.75
ALCO,1976-08-02,2.75,2.88,2.75,2.75
ALCO,1976-08-03,2.75,2.88,2.75,2.75
ALCO,1976-08-04,2.75,2.88,2.75,2.75
ALCO,1976-08-05,2.75,2.88,2.75,2.75
ALCO,1976-08-06,2.78,2.91,2.78,2.78
ALCO,1976-08-09,2.78,2.91,2.78,2.78
ALCO,1976-08-10,2.78,2.91,2.78,2.78
ALCO,1976-08-11,2.78,2.91,2.78,2.78
ALCO,1976-08-12,2.78,2.91,2.78,2.78
ALCO,1976-08-13,2.78,2.81,2.69,2.69
ALCO,1976-08-16,2.69,2.81,2.69,2.69
ALCO,1976-08-17,2.69,2.81,2.69,2.69
ALCO,1976-08-18,2.69,2.81,2.69,2.69
ALCO,1976-08-19,2.69,2.81,2.69,2.69
ALCO,1976-08-20,2.69,2.69,2.56,2.56
ALCO,1976-08-23,2.56,2.66,2.53,2.53
ALCO,1976-08-24,2.53,2.66,2.53,2.53
ALCO,1976-08-25,2.53,2.59,2.47,2.47
ALCO,1976-08-26,2.47,2.59,2.47,2.47
ALCO,1976-08-27,2.47,2.59,2.47,2.47
ALCO,1976-08-30,2.47,2.59,2.47,2.47
ALCO,1976-08-31,2.53,2.66,2.53,2.53
ALCO,1976-09-01,2.56,2.69,2.56,2.56
ALCO,1976-09-02,2.59,2.72,2.59,2.59
ALCO,1976-09-03,2.62,2.75,2.62,2.62
ALCO,1976-09-07,2.72,2.84,2.72,2.72
ALCO,1976-09-08,2.72,2.81,2.69,2.69
ALCO,1976-09-09,2.69,2.81,2.69,2.69
ALCO,1976-09-10,2.75,2.88,2.75,2.75
ALCO,1976-09-13,2.75,2.88,2.75,2.75
ALCO,1976-09-14,2.75,2.84,2.72,2.72
ALCO,1976-09-15,2.72,2.84,2.72,2.72
ALCO,1976-09-16,2.72,2.84,2.72,2.72
ALCO,1976-09-17,2.72,2.84,2.72,2.72
ALCO,1976-09-20,2.72,2.81,2.69,2.69
ALCO,1976-09-21,2.69,2.75,2.62,2.62
ALCO,1976-09-22,2.62,2.75,2.62,2.62
ALCO,1976-09-23,2.62,2.75,2.62,2.62
ALCO,1976-09-24,2.62,2.72,2.59,2.59
ALCO,1976-09-27,2.59,2.72,2.59,2.59
ALCO,1976-09-28,2.59,2.69,2.56,2.56
ALCO,1976-09-29,2.56,2.66,2.53,2.53
ALCO,1976-09-30,2.53,2.66,2.53,2.53
ALCO,1976-10-01,2.53,2.66,2.53,2.53
ALCO,1976-10-04,2.53,2.66,2.53,2.53
ALCO,1976-10-05,2.53,2.66,2.53,2.53
ALCO,1976-10-06,2.53,2.62,2.5,2.5
ALCO,1976-10-07,2.5,2.62,2.5,2.5
ALCO,1976-10-08,2.5,2.62,2.5,2.5
ALCO,1976-10-11,2.5,2.62,2.5,2.5
ALCO,1976-10-12,2.5,2.59,2.47,2.47
ALCO,1976-10-13,2.47,2.56,2.44,2.44
ALCO,1976-10-14,2.44,2.56,2.44,2.44
ALCO,1976-10-15,2.44,2.56,2.44,2.44
ALCO,1976-10-18,2.44,2.56,2.44,2.44
ALCO,1976-10-19,2.44,2.44,2.31,2.31
ALCO,1976-10-20,2.31,2.38,2.25,2.25
ALCO,1976-10-21,2.25,2.38,2.25,2.25
ALCO,1976-10-22,2.25,2.38,2.25,2.25
ALCO,1976-10-25,2.25,2.34,2.22,2.22
ALCO,1976-10-26,2.22,2.34,2.22,2.22
ALCO,1976-10-27,2.25,2.38,2.25,2.25
ALCO,1976-10-28,2.25,2.31,2.19,2.19
ALCO,1976-10-29,2.19,2.28,2.16,2.16
ALCO,1976-11-01,2.16,2.16,2.16,2.16
ALCO,1976-11-03,2.06,2.19,2.06,2.06
ALCO,1976-11-04,2.06,2.19,2.06,2.06
ALCO,1976-11-05,2.06,2.06,2.06,2.06
ALCO,1976-11-08,2.06,2.19,2.06,2.06
ALCO,1976-11-09,2.06,2.19,2.06,2.06
ALCO,1976-11-10,2.06,2.19,2.06,2.06
ALCO,1976-11-11,2.06,2.19,2.06,2.06
ALCO,1976-11-12,2.06,2.19,2.06,2.06
ALCO,1976-11-15,2.06,2.16,2.03,2.03
ALCO,1976-11-16,2.09,2.22,2.09,2.09
ALCO,1976-11-17,2.09,2.22,2.09,2.09
ALCO,1976-11-18,2.09,2.22,2.09,2.09
ALCO,1976-11-19,2.09,2.22,2.09,2.09
ALCO,1976-11-22,2.19,2.31,2.19,2.19
ALCO,1976-11-23,2.22,2.34,2.22,2.22
ALCO,1976-11-24,2.25,2.38,2.25,2.25
ALCO,1976-11-26,2.31,2.44,2.31,2.31
ALCO,1976-11-29,2.34,2.47,2.34,2.34
ALCO,1976-11-30,2.38,2.5,2.38,2.38
ALCO,1976-12-01,2.41,2.53,2.41,2.41
ALCO,1976-12-02,2.41,2.5,2.38,2.38
ALCO,1976-12-03,2.38,2.5,2.38,2.38
ALCO,1976-12-06,2.38,2.5,2.38,2.38
ALCO,1976-12-07,2.38,2.5,2.38,2.38
ALCO,1976-12-08,2.38,2.5,2.38,2.38
ALCO,1976-12-09,2.38,2.5,2.38,2.38
ALCO,1976-12-10,2.38,2.47,2.34,2.34
ALCO,1976-12-13,2.34,2.47,2.34,2.34
ALCO,1976-12-14,2.34,2.47,2.34,2.34
ALCO,1976-12-15,2.34,2.47,2.34,2.34
ALCO,1976-12-16,2.38,2.5,2.38,2.38
ALCO,1976-12-17,2.47,2.59,2.47,2.47
ALCO,1976-12-20,2.47,2.59,2.47,2.47
ALCO,1976-12-21,2.47,2.59,2.47,2.47
ALCO,1976-12-22,2.47,2.56,2.44,2.44
ALCO,1976-12-23,2.47,2.59,2.47,2.47
ALCO,1976-12-27,2.47,2.59,2.47,2.47
ALCO,1976-12-28,2.47,2.59,2.47,2.47
ALCO,1976-12-29,2.47,2.56,2.44,2.44
ALCO,1976-12-30,2.44,2.56,2.44,2.44
ALCO,1976-12-31,2.44,2.56,2.44,2.44
ALCO,1977-01-03,2.44,2.56,2.44,2.44
ALCO,1977-01-04,2.44,2.5,2.38,2.38
ALCO,1977-01-05,2.38,2.5,2.38,2.38
ALCO,1977-01-06,2.38,2.5,2.38,2.38
ALCO,1977-01-07,2.38,2.5,2.38,2.38
ALCO,1977-01-10,2.38,2.5,2.38,2.38
ALCO,1977-01-11,2.38,2.5,2.38,2.38
ALCO,1977-01-12,2.38,2.38,2.25,2.25
ALCO,1977-01-13,2.25,2.38,2.25,2.25
ALCO,1977-01-14,2.25,2.38,2.25,2.25
ALCO,1977-01-17,2.25,2.38,2.25,2.25
ALCO,1977-01-18,2.28,2.41,2.28,2.28
ALCO,1977-01-19,2.28,2.41,2.28,2.28
ALCO,1977-01-20,2.28,2.38,2.25,2.25
ALCO,1977-01-21,2.25,2.38,2.25,2.25
ALCO,1977-01-24,2.25,2.38,2.25,2.25
ALCO,1977-01-25,2.25,2.38,2.25,2.25
ALCO,1977-01-26,2.25,2.38,2.25,2.25
ALCO,1977-01-27,2.25,2.38,2.25,2.25
ALCO,1977-01-28,2.25,2.38,2.25,2.25
ALCO,1977-01-31,2.25,2.38,2.25,2.25
ALCO,1977-02-01,2.25,2.38,2.25,2.25
ALCO,1977-02-02,2.25,2.38,2.25,2.25
ALCO,1977-02-03,2.25,2.38,2.25,2.25
ALCO,1977-02-04,2.28,2.41,2.28,2.28
ALCO,1977-02-07,2.28,2.41,2.28,2.28
ALCO,1977-02-08,2.28,2.41,2.28,2.28
ALCO,1977-02-09,2.28,2.41,2.28,2.28
ALCO,1977-02-10,2.31,2.44,2.31,2.31
ALCO,1977-02-11,2.34,2.47,2.34,2.34
ALCO,1977-02-14,2.34,2.47,2.34,2.34
ALCO,1977-02-15,2.41,2.53,2.41,2.41
ALCO,1977-02-16,2.47,2.59,2.47,2.47
ALCO,1977-02-17,2.56,2.69,2.56,2.56
ALCO,1977-02-18,2.56,2.66,2.53,2.53
ALCO,1977-02-22,2.53,2.66,2.53,2.53
ALCO,1977-02-23,2.56,2.69,2.56,2.56
ALCO,1977-02-24,2.56,2.69,2.56,2.56
ALCO,1977-02-25,2.56,2.69,2.56,2.56
ALCO,1977-02-28,2.56,2.69,2.56,2.56
ALCO,1977-03-01,2.56,2.69,2.56,2.56
ALCO,1977-03-02,2.56,2.69,2.56,2.56
ALCO,1977-03-03,2.56,2.69,2.56,2.56
ALCO,1977-03-04,2.56,2.69,2.56,2.56
ALCO,1977-03-07,2.59,2.72,2.59,2.59
ALCO,1977-03-08,2.59,2.72,2.59,2.59
ALCO,1977-03-09,2.59,2.72,2.59,2.59
ALCO,1977-03-10,2.59,2.72,2.59,2.59
ALCO,1977-03-11,2.59,2.72,2.59,2.59
ALCO,1977-03-14,2.62,2.75,2.62,2.62
ALCO,1977-03-15,2.62,2.75,2.62,2.62
ALCO,1977-03-16,2.62,2.75,2.62,2.62
ALCO,1977-03-17,2.62,2.75,2.62,2.62
ALCO,1977-03-18,2.62,2.62,2.62,2.62
ALCO,1977-03-21,2.62,2.72,2.59,2.59
ALCO,1977-03-22,2.59,2.72,2.59,2.59
ALCO,1977-03-23,2.59,2.72,2.59,2.59
ALCO,1977-03-24,2.59,2.72,2.59,2.59
ALCO,1977-03-25,2.59,2.59,2.59,2.59
ALCO,1977-03-28,2.66,2.78,2.66,2.66
ALCO,1977-03-29,2.66,2.75,2.62,2.62
ALCO,1977-03-30,2.66,2.78,2.66,2.66
ALCO,1977-03-31,2.66,2.78,2.66,2.66
ALCO,1977-04-01,2.66,2.66,2.66,2.66
ALCO,1977-04-04,2.66,2.78,2.66,2.66
ALCO,1977-04-05,2.88,3.0,2.88,2.88
ALCO,1977-04-06,2.91,3.03,2.91,2.91
ALCO,1977-04-07,2.91,2.91,2.91,2.91
ALCO,1977-04-11,3.0,3.09,2.97,2.97
ALCO,1977-04-12,2.97,3.09,2.97,2.97
ALCO,1977-04-13,2.97,3.09,2.97,2.97
ALCO,1977-04-14,2.97,3.09,2.97,2.97
ALCO,1977-04-15,2.97,2.97,2.97,2.97
ALCO,1977-04-18,3.0,3.12,3.0,3.0
ALCO,1977-04-19,3.0,3.12,3.0,3.0
ALCO,1977-04-20,3.03,3.16,3.03,3.03
ALCO,1977-04-21,3.03,3.16,3.03,3.03
ALCO,1977-04-22,3.03,3.03,3.03,3.03
ALCO,1977-04-25,3.03,3.16,3.03,3.03
ALCO,1977-04-26,3.03,3.16,3.03,3.03
ALCO,1977-04-27,3.03,3.16,3.03,3.03
ALCO,1977-04-28,3.03,3.16,3.03,3.03
ALCO,1977-04-29,3.03,3.16,3.03,3.03
ALCO,1977-05-02,3.03,3.16,3.03,3.03
ALCO,1977-05-03,3.03,3.16,3.03,3.03
ALCO,1977-05-04,3.03,3.12,3.0,3.0
ALCO,1977-05-05,3.0,3.12,3.0,3.0
ALCO,1977-05-06,3.0,3.12,3.0,3.0
ALCO,1977-05-09,3.0,3.12,3.0,3.0
ALCO,1977-05-10,3.0,3.12,3.0,3.0
ALCO,1977-05-11,3.0,3.12,3.0,3.0
ALCO,1977-05-12,3.0,3.12,3.0,3.0
ALCO,1977-05-13,3.03,3.16,3.03,3.03
ALCO,1977-05-16,3.09,3.22,3.09,3.09
ALCO,1977-05-17,3.12,3.25,3.12,3.12
ALCO,1977-05-18,3.12,3.25,3.12,3.12
ALCO,1977-05-19,3.12,3.25,3.12,3.12
ALCO,1977-05-20,3.12,3.25,3.12,3.12
ALCO,1977-05-23,3.12,3.25,3.12,3.12
ALCO,1977-05-24,3.12,3.25,3.12,3.12
ALCO,1977-05-25,3.12,3.25,3.12,3.12
ALCO,1977-05-26,3.12,3.25,3.12,3.12
ALCO,1977-05-27,3.12,3.25,3.12,3.12
ALCO,1977-05-31,3.12,3.19,3.06,3.06
ALCO,1977-06-01,3.06,3.19,3.06,3.06
ALCO,1977-06-02,3.06,3.19,3.06,3.06
ALCO,1977-06-03,3.06,3.19,3.06,3.06
ALCO,1977-06-06,3.06,3.19,3.06,3.06
ALCO,1977-06-07,3.06,3.19,3.06,3.06
ALCO,1977-06-08,3.06,3.19,3.06,3.06
ALCO,1977-06-09,3.09,3.22,3.09,3.09
ALCO,1977-06-10,3.12,3.25,3.12,3.12
ALCO,1977-06-13,3.12,3.25,3.12,3.12
ALCO,1977-06-14,3.12,3.25,3.12,3.12
ALCO,1977-06-15,3.12,3.25,3.12,3.12
ALCO,1977-06-16,3.12,3.25,3.12,3.12
ALCO,1977-06-17,3.12,3.25,3.12,3.12
ALCO,1977-06-20,3.12,3.25,3.12,3.12
ALCO,1977-06-21,3.12,3.25,3.12,3.12
ALCO,1977-06-22,3.12,3.25,3.12,3.12
ALCO,1977-06-23,3.19,3.31,3.19,3.19
ALCO,1977-06-24,3.19,3.28,3.16,3.16
ALCO,1977-06-27,3.16,3.28,3.16,3.16
ALCO,1977-06-28,3.16,3.28,3.16,3.16
ALCO,1977-06-29,3.19,3.31,3.19,3.19
ALCO,1977-06-30,3.19,3.31,3.19,3.19
ALCO,1977-07-01,3.19,3.31,3.19,3.19
ALCO,1977-07-05,3.19,3.31,3.19,3.19
ALCO,1977-07-06,3.19,3.28,3.16,3.16
ALCO,1977-07-07,3.22,3.34,3.22,3.22
ALCO,1977-07-08,3.22,3.34,3.22,3.22
ALCO,1977-07-11,3.25,3.38,3.25,3.25
ALCO,1977-07-12,3.25,3.34,3.22,3.22
ALCO,1977-07-13,3.22,3.34,3.22,3.22
ALCO,1977-07-15,3.22,3.34,3.22,3.22
ALCO,1977-07-18,3.22,3.34,3.22,3.22
ALCO,1977-07-19,3.22,3.34,3.22,3.22
ALCO,1977-07-20,3.22,3.34,3.22,3.22
ALCO,1977-07-21,3.22,3.34,3.22,3.22
ALCO,1977-07-22,3.22,3.34,3.22,3.22
ALCO,1977-07-25,3.22,3.34,3.22,3.22
ALCO,1977-07-26,3.22,3.34,3.22,3.22
ALCO,1977-07-27,3.22,3.31,3.19,3.19
ALCO,1977-07-28,3.19,3.31,3.19,3.19
ALCO,1977-07-29,3.19,3.28,3.16,3.16
ALCO,1977-08-01,3.19,3.31,3.19,3.19
ALCO,1977-08-02,3.19,3.31,3.19,3.19
ALCO,1977-08-03,3.19,3.31,3.19,3.19
ALCO,1977-08-04,3.19,3.31,3.19,3.19
ALCO,1977-08-05,3.22,3.34,3.22,3.22
ALCO,1977-08-08,3.22,3.31,3.19,3.19
ALCO,1977-08-09,3.19,3.31,3.19,3.19
ALCO,1977-08-10,3.19,3.31,3.19,3.19
ALCO,1977-08-11,3.22,3.34,3.22,3.22
ALCO,1977-08-12,3.22,3.28,3.16,3.16
ALCO,1977-08-15,3.16,3.28,3.16,3.16
ALCO,1977-08-16,3.19,3.31,3.19,3.19
ALCO,1977-08-17,3.19,3.31,3.19,3.19
ALCO,1977-08-18,3.19,3.28,3.16,3.16
ALCO,1977-08-19,3.19,3.31,3.19,3.19
ALCO,1977-08-22,3.19,3.31,3.19,3.19
ALCO,1977-08-23,3.19,3.31,3.19,3.19
ALCO,1977-08-24,3.19,3.31,3.19,3.19
ALCO,1977-08-25,3.19,3.31,3.19,3.19
ALCO,1977-08-26,3.19,3.31,3.19,3.19
ALCO,1977-08-29,3.19,3.31,3.19,3.19
ALCO,1977-08-30,3.19,3.31,3.19,3.19
ALCO,1977-08-31,3.19,3.31,3.19,3.19
ALCO,1977-09-01,3.19,3.31,3.19,3.19
ALCO,1977-09-02,3.19,3.31,3.19,3.19
ALCO,1977-09-06,3.19,3.31,3.19,3.19
ALCO,1977-09-07,3.19,3.31,3.19,3.19
ALCO,1977-09-08,3.19,3.31,3.19,3.19
ALCO,1977-09-09,3.19,3.31,3.19,3.19
ALCO,1977-09-12,3.19,3.31,3.19,3.19
ALCO,1977-09-13,3.19,3.31,3.19,3.19
ALCO,1977-09-14,3.19,3.31,3.19,3.19
ALCO,1977-09-15,3.19,3.31,3.19,3.19
ALCO,1977-09-16,3.19,3.31,3.19,3.19
ALCO,1977-09-19,3.19,3.31,3.19,3.19
ALCO,1977-09-20,3.19,3.31,3.19,3.19
ALCO,1977-09-21,3.19,3.31,3.19,3.19
ALCO,1977-09-22,3.19,3.31,3.19,3.19
ALCO,1977-09-23,3.19,3.31,3.19,3.19
ALCO,1977-09-26,3.19,3.31,3.19,3.19
ALCO,1977-09-27,3.19,3.31,3.19,3.19
ALCO,1977-09-28,3.19,3.31,3.19,3.19
ALCO,1977-09-29,3.22,3.34,3.22,3.22
ALCO,1977-09-30,3.22,3.34,3.22,3.22
ALCO,1977-10-03,3.22,3.34,3.22,3.22
ALCO,1977-10-04,3.22,3.34,3.22,3.22
ALCO,1977-10-05,3.22,3.34,3.22,3.22
ALCO,1977-10-06,3.22,3.34,3.22,3.22
ALCO,1977-10-07,3.22,3.34,3.22,3.22
ALCO,1977-10-10,3.22,3.34,3.22,3.22
ALCO,1977-10-11,3.22,3.34,3.22,3.22
ALCO,1977-10-12,3.22,3.31,3.19,3.19
ALCO,1977-10-13,3.19,3.31,3.19,3.19
ALCO,1977-10-14,3.19,3.31,3.19,3.19
ALCO,1977-10-17,3.19,3.28,3.16,3.16
ALCO,1977-10-18,3.19,3.31,3.19,3.19
ALCO,1977-10-19,3.19,3.31,3.19,3.19
ALCO,1977-10-20,3.19,3.28,3.16,3.16
ALCO,1977-10-21,3.16,3.28,3.16,3.16
ALCO,1977-10-24,3.16,3.28,3.16,3.16
ALCO,1977-10-25,3.16,3.25,3.12,3.12
ALCO,1977-10-26,3.12,3.25,3.12,3.12
ALCO,1977-10-27,3.12,3.25,3.12,3.12
ALCO,1977-10-28,3.12,3.25,3.12,3.12
ALCO,1977-10-31,3.12,3.25,3.12,3.12
ALCO,1977-11-01,3.16,3.28,3.16,3.16
ALCO,1977-11-02,3.16,3.28,3.16,3.16
ALCO,1977-11-03,3.19,3.31,3.19,3.19
ALCO,1977-11-04,3.19,3.19,3.19,3.19
ALCO,1977-11-07,3.19,3.31,3.19,3.19
ALCO,1977-11-08,3.19,3.31,3.19,3.19
ALCO,1977-11-09,3.31,3.44,3.31,3.31
ALCO,1977-11-10,3.41,3.53,3.41,3.41
ALCO,1977-11-11,3.44,3.56,3.44,3.44
ALCO,1977-11-14,3.44,3.56,3.44,3.44
ALCO,1977-11-15,3.5,3.62,3.5,3.5
ALCO,1977-11-16,3.5,3.62,3.5,3.5
ALCO,1977-11-17,3.5,3.62,3.5,3.5
ALCO,1977-11-18,3.5,3.62,3.5,3.5
ALCO,1977-11-21,3.5,3.62,3.5,3.5
ALCO,1977-11-22,3.5,3.62,3.5,3.5
ALCO,1977-11-23,3.5,3.62,3.5,3.5
ALCO,1977-11-25,3.53,3.66,3.53,3.53
ALCO,1977-11-28,3.53,3.59,3.47,3.47
ALCO,1977-11-29,3.47,3.59,3.47,3.47
ALCO,1977-11-30,3.47,3.59,3.47,3.47
ALCO,1977-12-01,3.5,3.62,3.5,3.5
ALCO,1977-12-02,3.53,3.66,3.53,3.53
ALCO,1977-12-05,3.53,3.66,3.53,3.53
ALCO,1977-12-06,3.56,3.69,3.56,3.56
ALCO,1977-12-07,3.56,3.69,3.56,3.56
ALCO,1977-12-08,3.59,3.72,3.59,3.59
ALCO,1977-12-09,3.62,3.75,3.62,3.62
ALCO,1977-12-12,3.62,3.75,3.62,3.62
ALCO,1977-12-13,3.66,3.78,3.66,3.66
ALCO,1977-12-14,3.66,3.78,3.66,3.66
ALCO,1977-12-15,3.66,3.78,3.66,3.66
ALCO,1977-12-16,3.72,3.84,3.72,3.72
ALCO,1977-12-19,3.72,3.84,3.72,3.72
ALCO,1977-12-20,3.72,3.84,3.72,3.72
ALCO,1977-12-21,3.72,3.84,3.72,3.72
ALCO,1977-12-22,3.81,3.94,3.81,3.81
ALCO,1977-12-23,3.81,3.94,3.81,3.81
ALCO,1977-12-27,3.81,3.94,3.81,3.81
ALCO,1977-12-28,3.81,3.94,3.81,3.81
ALCO,1977-12-29,3.94,4.06,3.94,3.94
ALCO,1977-12-30,3.94,4.06,3.94,3.94
ALCO,1978-01-03,3.94,4.06,3.94,3.94
ALCO,1978-01-04,3.94,4.06,3.94,3.94
ALCO,1978-01-05,3.97,4.09,3.97,3.97
ALCO,1978-01-06,3.97,4.09,3.97,3.97
ALCO,1978-01-09,3.97,4.09,3.97,3.97
ALCO,1978-01-10,4.06,4.19,4.06,4.06
ALCO,1978-01-11,4.19,4.31,4.19,4.19
ALCO,1978-01-12,4.19,4.31,4.19,4.19
ALCO,1978-01-13,4.19,4.31,4.19,4.19
ALCO,1978-01-16,4.19,4.28,4.16,4.16
ALCO,1978-01-17,4.16,4.28,4.16,4.16
ALCO,1978-01-18,4.19,4.31,4.19,4.19
ALCO,1978-01-19,4.19,4.28,4.16,4.16
ALCO,1978-01-20,4.16,4.28,4.16,4.16
ALCO,1978-01-23,4.16,4.28,4.16,4.16
ALCO,1978-01-24,4.16,4.28,4.16,4.16
ALCO,1978-01-25,4.16,4.28,4.16,4.16
ALCO,1978-01-26,4.19,4.31,4.19,4.19
ALCO,1978-01-27,4.19,4.31,4.19,4.19
ALCO,1978-01-30,4.19,4.31,4.19,4.19
ALCO,1978-01-31,4.19,4.28,4.16,4.16
ALCO,1978-02-01,4.16,4.28,4.16,4.16
ALCO,1978-02-02,4.19,4.31,4.19,4.19
ALCO,1978-02-03,4.19,4.31,4.19,4.19
ALCO,1978-02-06,4.19,4.31,4.19,4.19
ALCO,1978-02-07,4.19,4.31,4.19,4.19
ALCO,1978-02-08,4.19,4.31,4.19,4.19
ALCO,1978-02-09,4.19,4.31,4.19,4.19
ALCO,1978-02-10,4.22,4.34,4.22,4.22
ALCO,1978-02-13,4.22,4.31,4.19,4.19
ALCO,1978-02-14,4.19,4.31,4.19,4.19
ALCO,1978-02-15,4.19,4.31,4.19,4.19
ALCO,1978-02-16,4.19,4.31,4.19,4.19
ALCO,1978-02-17,4.19,4.28,4.16,4.16
ALCO,1978-02-21,4.16,4.28,4.16,4.16
ALCO,1978-02-22,4.19,4.31,4.19,4.19
ALCO,1978-02-23,4.19,4.31,4.19,4.19
ALCO,1978-02-24,4.19,4.31,4.19,4.19
ALCO,1978-02-27,4.19,4.31,4.19,4.19
ALCO,1978-02-28,4.25,4.38,4.25,4.25
ALCO,1978-03-01,4.25,4.38,4.25,4.25
ALCO,1978-03-02,4.25,4.38,4.25,4.25
ALCO,1978-03-03,4.25,4.38,4.25,4.25
ALCO,1978-03-06,4.28,4.41,4.28,4.28
ALCO,1978-03-07,4.28,4.38,4.25,4.25
ALCO,1978-03-08,4.28,4.41,4.28,4.28
ALCO,1978-03-09,4.28,4.41,4.28,4.28
ALCO,1978-03-10,4.28,4.41,4.28,4.28
ALCO,1978-03-13,4.34,4.47,4.34,4.34
ALCO,1978-03-14,4.34,4.47,4.34,4.34
ALCO,1978-03-15,4.34,4.47,4.34,4.34
ALCO,1978-03-16,4.34,4.47,4.34,4.34
ALCO,1978-03-17,4.34,4.34,4.34,4.34
ALCO,1978-03-20,4.34,4.47,4.34,4.34
ALCO,1978-03-21,4.34,4.47,4.34,4.34
ALCO,1978-03-22,4.34,4.47,4.34,4.34
ALCO,1978-03-23,4.34,4.34,4.34,4.34
ALCO,1978-03-27,4.34,4.47,4.34,4.34
ALCO,1978-03-28,4.34,4.47,4.34,4.34
ALCO,1978-03-29,4.34,4.47,4.34,4.34
ALCO,1978-03-30,4.34,4.47,4.34,4.34
ALCO,1978-03-31,4.34,4.34,4.34,4.34
ALCO,1978-04-03,4.34,4.47,4.34,4.34
ALCO,1978-04-04,4.34,4.47,4.34,4.34
ALCO,1978-04-05,4.34,4.47,4.34,4.34
ALCO,1978-04-06,4.34,4.47,4.34,4.34
ALCO,1978-04-07,4.34,4.34,4.34,4.34
ALCO,1978-04-10,4.34,4.47,4.34,4.34
ALCO,1978-04-11,4.38,4.5,4.38,4.38
ALCO,1978-04-12,4.38,4.5,4.38,4.38
ALCO,1978-04-13,4.53,4.66,4.53,4.53
ALCO,1978-04-14,4.53,4.53,4.53,4.53
ALCO,1978-04-17,4.62,4.75,4.62,4.62
ALCO,1978-04-18,4.62,4.75,4.62,4.62
ALCO,1978-04-19,4.66,4.78,4.66,4.66
ALCO,1978-04-20,4.66,4.78,4.66,4.66
ALCO,1978-04-21,4.66,4.66,4.66,4.66
ALCO,1978-04-24,4.66,4.78,4.66,4.66
ALCO,1978-04-25,4.66,4.78,4.66,4.66
ALCO,1978-04-26,4.66,4.75,4.62,4.62
ALCO,1978-04-27,4.62,4.75,4.62,4.62
ALCO,1978-04-28,4.62,4.62,4.62,4.62
ALCO,1978-05-01,4.62,4.75,4.62,4.62
ALCO,1978-05-02,4.62,4.75,4.62,4.62
ALCO,1978-05-03,4.62,4.75,4.62,4.62
ALCO,1978-05-04,4.62,4.75,4.62,4.62
ALCO,1978-05-05,4.62,4.75,4.62,4.62
ALCO,1978-05-08,4.66,4.78,4.66,4.66
ALCO,1978-05-09,4.66,4.78,4.66,4.66
ALCO,1978-05-10,4.66,4.78,4.66,4.66
ALCO,1978-05-11,4.75,4.88,4.75,4.75
ALCO,1978-05-12,4.75,4.88,4.75,4.75
ALCO,1978-05-15,4.75,4.88,4.75,4.75
ALCO,1978-05-16,4.75,4.88,4.75,4.75
ALCO,1978-05-17,4.75,4.88,4.75,4.75
ALCO,1978-05-18,4.75,4.88,4.75,4.75
ALCO,1978-05-19,4.75,4.88,4.75,4.75
ALCO,1978-05-22,4.75,4.88,4.75,4.75
ALCO,1978-05-23,4.78,4.91,4.78,4.78
ALCO,1978-05-24,4.78,4.81,4.69,4.69
ALCO,1978-05-25,4.69,4.81,4.69,4.69
ALCO,1978-05-26,4.69,4.81,4.69,4.69
ALCO,1978-05-30,4.69,4.81,4.69,4.69
ALCO,1978-05-31,4.69,4.81,4.69,4.69
ALCO,1978-06-01,4.69,4.81,4.69,4.69
ALCO,1978-06-02,4.69,4.81,4.69,4.69
ALCO,1978-06-05,4.69,4.81,4.69,4.69
ALCO,1978-06-06,4.69,4.81,4.69,4.69
ALCO,1978-06-07,4.69,4.81,4.69,4.69
ALCO,1978-06-08,4.69,4.81,4.69,4.69
ALCO,1978-06-09,4.69,4.81,4.69,4.69
ALCO,1978-06-12,4.72,4.84,4.72,4.72
ALCO,1978-06-13,4.72,4.84,4.72,4.72
ALCO,1978-06-14,4.72,4.84,4.72,4.72
ALCO,1978-06-15,4.72,4.84,4.72,4.72
ALCO,1978-06-16,4.72,4.84,4.72,4.72
ALCO,1978-06-19,4.72,4.84,4.72,4.72
ALCO,1978-06-20,4.72,4.84,4.72,4.72
ALCO,1978-06-21,4.72,4.84,4.72,4.72
ALCO,1978-06-22,4.72,4.84,4.72,4.72
ALCO,1978-06-23,4.72,4.84,4.72,4.72
ALCO,1978-06-26,4.72,4.81,4.69,4.69
ALCO,1978-06-27,4.69,4.78,4.66,4.66
ALCO,1978-06-28,4.66,4.78,4.66,4.66
ALCO,1978-06-29,4.69,4.81,4.69,4.69
ALCO,1978-06-30,4.69,4.81,4.69,4.69
ALCO,1978-07-03,4.69,4.81,4.69,4.69
ALCO,1978-07-05,4.69,4.81,4.69,4.69
ALCO,1978-07-06,4.69,4.81,4.69,4.69
ALCO,1978-07-07,4.69,4.81,4.69,4.69
ALCO,1978-07-10,4.69,4.81,4.69,4.69
ALCO,1978-07-11,4.69,4.81,4.69,4.69
ALCO,1978-07-12,4.72,4.84,4.72,4.72
ALCO,1978-07-13,4.72,4.84,4.72,4.72
ALCO,1978-07-14,4.72,4.84,4.72,4.72
ALCO,1978-07-17,4.72,4.84,4.72,4.72
ALCO,1978-07-18,4.72,4.84,4.72,4.72
ALCO,1978-07-19,4.72,4.84,4.72,4.72
ALCO,1978-07-20,4.72,4.84,4.72,4.72
ALCO,1978-07-21,4.72,4.84,4.72,4.72
ALCO,1978-07-24,4.72,4.81,4.69,4.69
ALCO,1978-07-25,4.69,4.81,4.69,4.69
ALCO,1978-07-26,4.69,4.81,4.69,4.69
ALCO,1978-07-27,4.69,4.81,4.69,4.69
ALCO,1978-07-28,4.69,4.81,4.69,4.69
ALCO,1978-07-31,4.69,4.81,4.69,4.69
ALCO,1978-08-01,4.69,4.81,4.69,4.69
ALCO,1978-08-02,4.69,4.81,4.69,4.69
ALCO,1978-08-03,4.69,4.81,4.69,4.69
ALCO,1978-08-04,4.69,4.78,4.66,4.66
ALCO,1978-08-07,4.66,4.78,4.66,4.66
ALCO,1978-08-08,4.66,4.78,4.66,4.66
ALCO,1978-08-09,4.66,4.78,4.66,4.66
ALCO,1978-08-10,4.66,4.78,4.66,4.66
ALCO,1978-08-11,4.66,4.78,4.66,4.66
ALCO,1978-08-14,4.66,4.78,4.66,4.66
ALCO,1978-08-15,4.69,4.81,4.69,4.69
ALCO,1978-08-16,4.72,4.84,4.72,4.72
ALCO,1978-08-17,4.78,4.91,4.78,4.78
ALCO,1978-08-18,4.81,4.94,4.81,4.81
ALCO,1978-08-21,4.81,4.94,4.81,4.81
ALCO,1978-08-22,4.81,4.94,4.81,4.81
ALCO,1978-08-23,4.81,4.94,4.81,4.81
ALCO,1978-08-24,4.81,4.94,4.81,4.81
ALCO,1978-08-25,4.81,4.94,4.81,4.81
ALCO,1978-08-28,4.81,4.94,4.81,4.81
ALCO,1978-08-29,4.81,4.94,4.81,4.81
ALCO,1978-08-30,4.81,4.94,4.81,4.81
ALCO,1978-08-31,4.81,4.94,4.81,4.81
ALCO,1978-09-01,4.81,4.94,4.81,4.81
ALCO,1978-09-05,4.81,4.94,4.81,4.81
ALCO,1978-09-06,4.81,4.94,4.81,4.81
ALCO,1978-09-07,4.81,4.94,4.81,4.81
ALCO,1978-09-08,4.81,4.94,4.81,4.81
ALCO,1978-09-11,4.91,5.03,4.91,4.91
ALCO,1978-09-12,4.91,5.03,4.91,4.91
ALCO,1978-09-13,4.91,5.03,4.91,4.91
ALCO,1978-09-14,4.91,5.03,4.91,4.91
ALCO,1978-09-15,4.91,5.03,4.91,4.91
ALCO,1978-09-18,4.91,5.03,4.91,4.91
ALCO,1978-09-19,4.91,5.0,4.88,4.88
ALCO,1978-09-20,4.91,5.03,4.91,4.91
ALCO,1978-09-21,4.91,5.03,4.91,4.91
ALCO,1978-09-22,4.91,5.03,4.91,4.91
ALCO,1978-09-25,4.91,5.03,4.91,4.91
ALCO,1978-09-26,4.91,5.03,4.91,4.91
ALCO,1978-09-27,4.91,5.03,4.91,4.91
ALCO,1978-09-28,4.91,5.03,4.91,4.91
ALCO,1978-09-29,4.91,5.03,4.91,4.91
ALCO,1978-10-02,4.91,5.03,4.91,4.91
ALCO,1978-10-03,4.91,5.03,4.91,4.91
ALCO,1978-10-04,4.91,5.03,4.91,4.91
ALCO,1978-10-05,4.91,5.03,4.91,4.91
ALCO,1978-10-06,4.91,5.03,4.91,4.91
ALCO,1978-10-09,4.91,5.03,4.91,4.91
ALCO,1978-10-10,4.91,5.03,4.91,4.91
ALCO,1978-10-11,4.91,5.03,4.91,4.91
ALCO,1978-10-12,4.91,5.03,4.91,4.91
ALCO,1978-10-13,4.91,5.03,4.91,4.91
ALCO,1978-10-16,4.91,5.0,4.88,4.88
ALCO,1978-10-17,4.88,5.0,4.88,4.88
ALCO,1978-10-18,4.88,5.0,4.88,4.88
ALCO,1978-10-19,4.88,5.0,4.88,4.88
ALCO,1978-10-20,4.88,4.97,4.84,4.84
ALCO,1978-10-23,4.84,4.97,4.84,4.84
ALCO,1978-10-24,4.84,4.94,4.81,4.81
ALCO,1978-10-25,4.81,4.81,4.69,4.69
ALCO,1978-10-26,4.53,4.53,4.41,4.41
ALCO,1978-10-27,4.06,4.06,3.94,3.94
ALCO,1978-10-30,3.91,4.03,3.91,3.91
ALCO,1978-10-31,3.94,4.06,3.94,3.94
ALCO,1978-11-01,3.94,4.06,3.94,3.94
ALCO,1978-11-02,3.94,4.06,3.94,3.94
ALCO,1978-11-03,3.94,3.94,3.94,3.94
ALCO,1978-11-06,3.97,4.09,3.97,3.97
ALCO,1978-11-07,3.97,4.09,3.97,3.97
ALCO,1978-11-08,3.97,4.06,3.94,3.94
ALCO,1978-11-09,3.94,4.06,3.94,3.94
ALCO,1978-11-10,3.94,4.06,3.94,3.94
ALCO,1978-11-13,3.94,4.06,3.94,3.94
ALCO,1978-11-14,3.94,4.06,3.94,3.94
ALCO,1978-11-15,3.94,4.06,3.94,3.94
ALCO,1978-11-16,3.94,4.06,3.94,3.94
ALCO,1978-11-17,3.97,4.09,3.97,3.97
ALCO,1978-11-20,3.97,4.09,3.97,3.97
ALCO,1978-11-21,3.97,4.09,3.97,3.97
ALCO,1978-11-22,3.97,4.09,3.97,3.97
ALCO,1978-11-24,3.97,4.09,3.97,3.97
ALCO,1978-11-27,3.97,4.09,3.97,3.97
ALCO,1978-11-28,3.97,4.09,3.97,3.97
ALCO,1978-11-29,3.97,4.09,3.97,3.97
ALCO,1978-11-30,3.97,4.09,3.97,3.97
ALCO,1978-12-01,3.97,4.09,3.97,3.97
ALCO,1978-12-04,3.97,4.09,3.97,3.97
ALCO,1978-12-05,3.97,4.09,3.97,3.97
ALCO,1978-12-06,4.06,4.19,4.06,4.06
ALCO,1978-12-07,4.06,4.19,4.06,4.06
ALCO,1978-12-08,4.12,4.25,4.12,4.12
ALCO,1978-12-11,4.22,4.34,4.22,4.22
ALCO,1978-12-12,4.22,4.34,4.22,4.22
ALCO,1978-12-13,4.25,4.38,4.25,4.25
ALCO,1978-12-14,4.25,4.38,4.25,4.25
ALCO,1978-12-15,4.25,4.38,4.25,4.25
ALCO,1978-12-18,4.25,4.38,4.25,4.25
ALCO,1978-12-19,4.25,4.38,4.25,4.25
ALCO,1978-12-20,4.25,4.38,4.25,4.25
ALCO,1978-12-21,4.25,4.38,4.25,4.25
ALCO,1978-12-22,4.38,4.5,4.38,4.38
ALCO,1978-12-26,4.38,4.5,4.38,4.38
ALCO,1978-12-27,4.38,4.5,4.38,4.38
ALCO,1978-12-28,4.38,4.5,4.38,4.38
ALCO,1978-12-29,4.44,4.56,4.44,4.44
ALCO,1979-01-02,4.47,4.59,4.47,4.47
ALCO,1979-01-03,4.47,4.59,4.47,4.47
ALCO,1979-01-04,4.47,4.59,4.47,4.47
ALCO,1979-01-05,4.5,4.62,4.5,4.5
ALCO,1979-01-08,4.5,4.62,4.5,4.5
ALCO,1979-01-09,4.5,4.62,4.5,4.5
ALCO,1979-01-10,4.53,4.66,4.53,4.53
ALCO,1979-01-11,4.56,4.69,4.56,4.56
ALCO,1979-01-12,4.56,4.69,4.56,4.56
ALCO,1979-01-15,4.56,4.69,4.56,4.56
ALCO,1979-01-16,4.59,4.72,4.59,4.59
ALCO,1979-01-17,4.59,4.72,4.59,4.59
ALCO,1979-01-18,4.59,4.72,4.59,4.59
ALCO,1979-01-19,4.62,4.75,4.62,4.62
ALCO,1979-01-22,4.69,4.81,4.69,4.69
ALCO,1979-01-23,4.69,4.81,4.69,4.69
ALCO,1979-01-24,4.69,4.81,4.69,4.69
ALCO,1979-01-25,4.69,4.81,4.69,4.69
ALCO,1979-01-26,4.69,4.81,4.69,4.69
ALCO,1979-01-29,4.69,4.81,4.69,4.69
ALCO,1979-01-30,4.69,4.81,4.69,4.69
ALCO,1979-01-31,4.72,4.84,4.72,4.72
ALCO,1979-02-01,4.72,4.84,4.72,4.72
ALCO,1979-02-02,4.72,4.84,4.72,4.72
ALCO,1979-02-05,4.72,4.84,4.72,4.72
ALCO,1979-02-06,4.72,4.81,4.69,4.69
ALCO,1979-02-07,4.69,4.81,4.69,4.69
ALCO,1979-02-08,4.69,4.81,4.69,4.69
ALCO,1979-02-09,4.69,4.81,4.69,4.69
ALCO,1979-02-12,4.69,4.81,4.69,4.69
ALCO,1979-02-13,4.72,4.84,4.72,4.72
ALCO,1979-02-14,4.72,4.84,4.72,4.72
ALCO,1979-02-15,4.72,4.84,4.72,4.72
ALCO,1979-02-16,4.72,4.84,4.72,4.72
ALCO,1979-02-20,4.72,4.84,4.72,4.72
ALCO,1979-02-21,4.72,4.84,4.72,4.72
ALCO,1979-02-22,4.72,4.84,4.72,4.72
ALCO,1979-02-23,4.72,4.84,4.72,4.72
ALCO,1979-02-26,4.72,4.84,4.72,4.72
ALCO,1979-02-27,4.72,4.84,4.72,4.72
ALCO,1979-02-28,4.72,4.84,4.72,4.72
ALCO,1979-03-01,4.72,4.84,4.72,4.72
ALCO,1979-03-02,4.72,4.84,4.72,4.72
ALCO,1979-03-05,4.72,4.84,4.72,4.72
ALCO,1979-03-06,4.72,4.84,4.72,4.72
ALCO,1979-03-07,4.72,4.84,4.72,4.72
ALCO,1979-03-08,4.72,4.84,4.72,4.72
ALCO,1979-03-09,4.72,4.84,4.72,4.72
ALCO,1979-03-12,4.72,4.84,4.72,4.72
ALCO,1979-03-13,4.72,4.84,4.72,4.72
ALCO,1979-03-14,4.72,4.84,4.72,4.72
ALCO,1979-03-15,4.72,4.84,4.72,4.72
ALCO,1979-03-16,4.72,4.72,4.72,4.72
ALCO,1979-03-19,4.72,4.84,4.72,4.72
ALCO,1979-03-20,4.72,4.81,4.69,4.69
ALCO,1979-03-21,4.72,4.84,4.72,4.72
ALCO,1979-03-22,4.72,4.84,4.72,4.72
ALCO,1979-03-23,4.72,4.72,4.72,4.72
ALCO,1979-03-26,4.72,4.84,4.72,4.72
ALCO,1979-03-27,4.72,4.84,4.72,4.72
ALCO,1979-03-28,4.72,4.84,4.72,4.72
ALCO,1979-03-29,4.72,4.81,4.69,4.69
ALCO,1979-03-30,4.69,4.69,4.69,4.69
ALCO,1979-04-02,4.69,4.81,4.69,4.69
ALCO,1979-04-03,4.69,4.81,4.69,4.69
ALCO,1979-04-04,4.72,4.84,4.72,4.72
ALCO,1979-04-05,4.72,4.84,4.72,4.72
ALCO,1979-04-06,4.72,4.72,4.72,4.72
ALCO,1979-04-09,4.72,4.84,4.72,4.72
ALCO,1979-04-10,4.72,4.84,4.72,4.72
ALCO,1979-04-11,4.75,4.88,4.75,4.75
ALCO,1979-04-12,4.75,4.75,4.75,4.75
ALCO,1979-04-16,4.75,4.88,4.75,4.75
ALCO,1979-04-17,4.75,4.88,4.75,4.75
ALCO,1979-04-18,4.75,4.88,4.75,4.75
ALCO,1979-04-19,4.81,4.94,4.81,4.81
ALCO,1979-04-20,4.81,4.81,4.81,4.81
ALCO,1979-04-23,5.62,5.88,5.62,5.62
ALCO,1979-04-24,5.62,5.88,5.62,5.62
ALCO,1979-04-25,5.62,5.81,5.56,5.56
ALCO,1979-04-26,5.56,5.81,5.56,5.56
ALCO,1979-04-27,5.56,5.56,5.56,5.56
ALCO,1979-04-30,5.56,5.75,5.5,5.5
ALCO,1979-05-01,5.5,5.75,5.5,5.5
ALCO,1979-05-02,5.5,5.62,5.38,5.38
ALCO,1979-05-03,5.38,5.62,5.38,5.38
ALCO,1979-05-04,5.38,5.56,5.31,5.31
ALCO,1979-05-07,5.31,5.5,5.25,5.25
ALCO,1979-05-08,5.25,5.5,5.25,5.25
ALCO,1979-05-09,5.25,5.5,5.25,5.25
ALCO,1979-05-10,5.25,5.5,5.25,5.25
ALCO,1979-05-11,5.25,5.5,5.25,5.25
ALCO,1979-05-14,5.25,5.44,5.19,5.19
ALCO,1979-05-15,5.19,5.44,5.19,5.19
ALCO,1979-05-16,5.19,5.44,5.19,5.19
ALCO,1979-05-17,5.31,5.56,5.31,5.31
ALCO,1979-05-18,5.31,5.56,5.31,5.31
ALCO,1979-05-21,5.31,5.56,5.31,5.31
ALCO,1979-05-22,5.31,5.56,5.31,5.31
ALCO,1979-05-23,5.31,5.56,5.31,5.31
ALCO,1979-05-24,5.5,5.75,5.5,5.5
ALCO,1979-05-25,5.75,6.0,5.75,5.75
ALCO,1979-05-29,5.75,6.0,5.75,5.75
ALCO,1979-05-30,5.88,6.12,5.88,5.88
ALCO,1979-05-31,6.31,6.56,6.31,6.31
ALCO,1979-06-01,6.31,6.56,6.31,6.31
ALCO,1979-06-04,6.31,6.5,6.25,6.25
ALCO,1979-06-05,6.25,6.5,6.25,6.25
ALCO,1979-06-06,6.25,6.5,6.25,6.25
ALCO,1979-06-07,6.25,6.5,6.25,6.25
ALCO,1979-06-08,6.25,6.5,6.25,6.25
ALCO,1979-06-11,6.25,6.44,6.19,6.19
ALCO,1979-06-12,6.19,6.38,6.12,6.12
ALCO,1979-06-13,6.12,6.38,6.12,6.12
ALCO,1979-06-14,6.12,6.38,6.12,6.12
ALCO,1979-06-15,6.12,6.38,6.12,6.12
ALCO,1979-06-18,6.12,6.31,6.06,6.06
ALCO,1979-06-19,6.06,6.31,6.06,6.06
ALCO,1979-06-20,6.06,6.31,6.06,6.06
ALCO,1979-06-21,6.12,6.38,6.12,6.12
ALCO,1979-06-22,6.12,6.38,6.12,6.12
ALCO,1979-06-25,6.12,6.38,6.12,6.12
ALCO,1979-06-26,6.44,6.69,6.44,6.44
ALCO,1979-06-27,6.5,6.75,6.5,6.5
ALCO,1979-06-28,6.5,6.75,6.5,6.5
ALCO,1979-06-29,6.5,6.75,6.5,6.5
ALCO,1979-07-02,6.56,6.81,6.56,6.56
ALCO,1979-07-03,6.56,6.81,6.56,6.56
ALCO,1979-07-05,7.56,7.81,7.56,7.56
ALCO,1979-07-06,8.38,8.75,8.38,8.38
ALCO,1979-07-09,8.38,8.5,8.12,8.12
ALCO,1979-07-10,8.12,8.38,8.0,8.0
ALCO,1979-07-11,8.0,8.19,7.81,7.81
ALCO,1979-07-12,8.06,8.44,8.06,8.06
ALCO,1979-07-13,8.06,8.38,8.0,8.0
ALCO,1979-07-16,8.0,8.12,7.75,7.75
ALCO,1979-07-17,7.5,7.5,7.12,7.12
ALCO,1979-07-18,7.12,7.12,6.75,6.75
ALCO,1979-07-19,6.75,6.88,6.62,6.62
ALCO,1979-07-20,6.62,6.88,6.62,6.62
ALCO,1979-07-23,6.62,6.88,6.62,6.62
ALCO,1979-07-24,6.94,7.19,6.94,6.94
ALCO,1979-07-25,6.94,7.19,6.94,6.94
ALCO,1979-07-26,7.0,7.25,7.0,7.0
ALCO,1979-07-27,7.0,7.25,7.0,7.0
ALCO,1979-07-30,7.06,7.31,7.06,7.06
ALCO,1979-07-31,7.06,7.31,7.06,7.06
ALCO,1979-08-01,7.06,7.31,7.06,7.06
ALCO,1979-08-02,7.12,7.38,7.12,7.12
ALCO,1979-08-03,7.12,7.38,7.12,7.12
ALCO,1979-08-06,7.12,7.38,7.12,7.12
ALCO,1979-08-07,7.31,7.56,7.31,7.31
ALCO,1979-08-08,7.5,7.75,7.5,7.5
ALCO,1979-08-09,7.5,7.75,7.5,7.5
ALCO,1979-08-10,7.88,8.12,7.88,7.88
ALCO,1979-08-13,8.31,8.56,8.31,8.31
ALCO,1979-08-14,8.25,8.25,8.0,8.0
ALCO,1979-08-15,8.0,8.19,7.94,7.94
ALCO,1979-08-16,8.12,8.38,8.12,8.12
ALCO,1979-08-17,8.25,8.5,8.25,8.25
ALCO,1979-08-20,8.25,8.5,8.25,8.25
ALCO,1979-08-21,8.25,8.44,8.19,8.19
ALCO,1979-08-22,8.19,8.44,8.19,8.19
ALCO,1979-08-23,8.19,8.38,8.12,8.12
ALCO,1979-08-24,8.12,8.38,8.12,8.12
ALCO,1979-08-27,8.12,8.38,8.12,8.12
ALCO,1979-08-28,8.12,8.38,8.12,8.12
ALCO,1979-08-29,8.12,8.38,8.12,8.12
ALCO,1979-08-30,8.19,8.44,8.19,8.19
ALCO,1979-08-31,9.25,9.62,9.25,9.25
ALCO,1979-09-04,9.0,9.0,8.75,8.75
ALCO,1979-09-05,8.75,8.81,8.56,8.56
ALCO,1979-09-06,9.38,9.62,9.38,9.38
ALCO,1979-09-07,9.38,9.62,9.38,9.38
ALCO,1979-09-10,9.44,9.69,9.44,9.44
ALCO,1979-09-11,9.19,9.19,8.94,8.94
ALCO,1979-09-12,9.19,9.44,9.19,9.19
ALCO,1979-09-13,9.19,9.44,9.19,9.19
ALCO,1979-09-14,9.19,9.44,9.19,9.19
ALCO,1979-09-17,9.19,9.38,9.12,9.12
ALCO,1979-09-18,9.12,9.25,9.0,9.0
ALCO,1979-09-19,9.0,9.25,9.0,9.0
ALCO,1979-09-20,8.75,8.75,8.5,8.5
ALCO,1979-09-21,8.5,8.75,8.5,8.5
ALCO,1979-09-24,8.5,8.75,8.5,8.5
ALCO,1979-09-25,8.5,8.5,8.25,8.25
ALCO,1979-09-26,8.25,8.5,8.25,8.25
ALCO,1979-09-27,8.25,8.5,8.25,8.25
ALCO,1979-09-28,8.25,8.5,8.25,8.25
ALCO,1979-10-01,8.25,8.5,8.25,8.25
ALCO,1979-10-02,8.25,8.5,8.25,8.25
ALCO,1979-10-03,8.31,8.56,8.31,8.31
ALCO,1979-10-04,8.31,8.56,8.31,8.31
ALCO,1979-10-05,8.31,8.56,8.31,8.31
ALCO,1979-10-08,8.31,8.31,8.06,8.06
ALCO,1979-10-09,8.06,8.06,7.81,7.81
ALCO,1979-10-10,7.25,7.25,7.0,7.0
ALCO,1979-10-11,7.0,7.06,6.81,6.81
ALCO,1979-10-12,6.81,7.0,6.75,6.75
ALCO,1979-10-15,6.75,6.94,6.69,6.69
ALCO,1979-10-16,6.69,6.94,6.69,6.69
ALCO,1979-10-17,6.88,7.12,6.88,6.88
ALCO,1979-10-18,6.94,7.19,6.94,6.94
ALCO,1979-10-19,6.94,7.0,6.75,6.75
ALCO,1979-10-22,6.69,6.69,6.44,6.44
ALCO,1979-10-23,6.44,6.62,6.38,6.38
ALCO,1979-10-24,6.5,6.75,6.5,6.5
ALCO,1979-10-25,6.56,6.81,6.56,6.56
ALCO,1979-10-26,7.25,7.5,7.25,7.25
ALCO,1979-10-29,8.12,8.62,8.12,8.12
ALCO,1979-10-30,7.88,7.88,7.38,7.38
ALCO,1979-10-31,7.5,8.0,7.5,7.5
ALCO,1979-11-01,7.5,7.88,7.38,7.38
ALCO,1979-11-02,7.38,7.38,7.38,7.38
ALCO,1979-11-05,7.38,7.75,7.25,7.25
ALCO,1979-11-06,7.25,7.75,7.25,7.25
ALCO,1979-11-07,7.25,7.62,7.12,7.12
ALCO,1979-11-08,7.12,7.62,7.12,7.12
ALCO,1979-11-09,7.25,7.62,7.25,7.25
ALCO,1979-11-12,7.25,7.62,7.25,7.25
ALCO,1979-11-13,7.25,7.62,7.25,7.25
ALCO,1979-11-14,7.25,7.62,7.25,7.25
ALCO,1979-11-15,7.25,7.62,7.25,7.25
ALCO,1979-11-16,7.25,7.62,7.25,7.25
ALCO,1979-11-19,7.25,7.62,7.25,7.25
ALCO,1979-11-20,7.25,7.62,7.25,7.25
ALCO,1979-11-21,7.25,7.5,7.12,7.12
ALCO,1979-11-23,7.12,7.5,7.12,7.12
ALCO,1979-11-26,7.12,7.5,7.12,7.12
ALCO,1979-11-27,7.38,7.75,7.38,7.38
ALCO,1979-11-28,7.38,7.62,7.25,7.25
ALCO,1979-11-29,7.38,7.75,7.38,7.38
ALCO,1979-11-30,7.38,7.75,7.38,7.38
ALCO,1979-12-03,7.38,7.75,7.38,7.38
ALCO,1979-12-04,7.5,7.88,7.5,7.5
ALCO,1979-12-05,7.75,8.12,7.75,7.75
ALCO,1979-12-06,7.75,8.12,7.75,7.75
ALCO,1979-12-07,7.88,8.25,7.88,7.88
ALCO,1979-12-10,8.0,8.38,8.0,8.0
ALCO,1979-12-11,8.0,8.38,8.0,8.0
ALCO,1979-12-12,8.0,8.38,8.0,8.0
ALCO,1979-12-13,8.0,8.38,8.0,8.0
ALCO,1979-12-14,8.0,8.38,8.0,8.0
ALCO,1979-12-17,8.62,9.0,8.62,8.62
ALCO,1979-12-18,8.62,9.0,8.62,8.62
ALCO,1979-12-19,8.62,9.0,8.62,8.62
ALCO,1979-12-20,8.75,9.12,8.75,8.75
ALCO,1979-12-21,8.75,9.12,8.75,8.75
ALCO,1979-12-24,8.75,9.12,8.75,8.75
ALCO,1979-12-26,8.75,9.12,8.75,8.75
ALCO,1979-12-27,8.75,9.12,8.75,8.75
ALCO,1979-12-28,8.75,9.12,8.75,8.75
ALCO,1979-12-31,8.75,9.12,8.75,8.75
ALCO,1980-01-02,8.75,9.12,8.75,8.75
ALCO,1980-01-03,8.75,9.12,8.75,8.75
ALCO,1980-01-04,9.12,9.5,9.12,9.12
ALCO,1980-01-07,9.5,10.0,9.5,9.5
ALCO,1980-01-08,9.5,10.0,9.5,9.5
ALCO,1980-01-09,9.75,10.25,9.75,9.75
ALCO,1980-01-10,9.75,10.25,9.75,9.75
ALCO,1980-01-11,9.75,10.25,9.75,9.75
ALCO,1980-01-14,9.75,10.12,9.62,9.62
ALCO,1980-01-15,9.62,10.12,9.62,9.62
ALCO,1980-01-16,9.62,10.12,9.62,9.62
ALCO,1980-01-17,9.62,10.0,9.5,9.5
ALCO,1980-01-18,9.5,9.75,9.25,9.25
ALCO,1980-01-21,9.25,9.62,9.12,9.12
ALCO,1980-01-22,9.12,9.5,9.0,9.0
ALCO,1980-01-23,9.12,9.62,9.12,9.12
ALCO,1980-01-24,9.12,9.62,9.12,9.12
ALCO,1980-01-25,9.12,9.62,9.12,9.12
ALCO,1980-01-28,9.12,9.5,9.0,9.0
ALCO,1980-01-29,9.0,9.5,9.0,9.0
ALCO,1980-01-30,9.0,9.5,9.0,9.0
ALCO,1980-01-31,9.0,9.5,9.0,9.0
ALCO,1980-02-01,9.0,9.5,9.0,9.0
ALCO,1980-02-04,9.0,9.5,9.0,9.0
ALCO,1980-02-05,9.0,9.5,9.0,9.0
ALCO,1980-02-06,9.0,9.0,8.5,8.5
ALCO,1980-02-07,8.5,9.0,8.5,8.5
ALCO,1980-02-08,8.62,9.12,8.62,8.62
ALCO,1980-02-11,8.62,9.12,8.62,8.62
ALCO,1980-02-12,8.62,9.0,8.5,8.5
ALCO,1980-02-13,8.5,8.88,8.38,8.38
ALCO,1980-02-14,8.38,8.88,8.38,8.38
ALCO,1980-02-15,8.38,8.88,8.38,8.38
ALCO,1980-02-19,8.38,8.75,8.25,8.25
ALCO,1980-02-20,8.38,8.88,8.38,8.38
ALCO,1980-02-21,8.5,9.0,8.5,8.5
ALCO,1980-02-22,8.5,8.88,8.38,8.38
ALCO,1980-02-25,8.38,8.88,8.38,8.38
ALCO,1980-02-26,8.5,9.0,8.5,8.5
ALCO,1980-02-27,8.75,9.25,8.75,8.75
ALCO,1980-02-28,8.75,9.25,8.75,8.75
ALCO,1980-02-29,8.75,9.25,8.75,8.75
ALCO,1980-03-03,8.75,9.25,8.75,8.75
ALCO,1980-03-04,8.75,9.12,8.62,8.62
ALCO,1980-03-05,8.62,9.0,8.5,8.5
ALCO,1980-03-06,8.5,8.88,8.38,8.38
ALCO,1980-03-07,8.38,8.5,8.0,8.0
ALCO,1980-03-10,8.0,8.5,8.0,8.0
ALCO,1980-03-11,8.0,8.5,8.0,8.0
ALCO,1980-03-12,8.0,8.5,8.0,8.0
ALCO,1980-03-13,8.0,8.5,8.0,8.0
ALCO,1980-03-14,8.0,8.0,8.0,8.0
ALCO,1980-03-17,7.88,8.12,7.62,7.62
ALCO,1980-03-18,7.62,8.12,7.62,7.62
ALCO,1980-03-19,7.62,8.0,7.5,7.5
ALCO,1980-03-20,7.5,7.88,7.38,7.38
ALCO,1980-03-21,7.38,7.38,7.38,7.38
ALCO,1980-03-24,7.0,7.38,6.88,6.88
ALCO,1980-03-25,6.88,7.38,6.88,6.88
ALCO,1980-03-26,6.5,6.5,6.0,6.0
ALCO,1980-03-27,6.12,6.62,6.12,6.12
ALCO,1980-03-28,6.12,6.12,6.12,6.12
ALCO,1980-03-31,6.38,6.88,6.38,6.38
ALCO,1980-04-01,6.75,7.25,6.75,6.75
ALCO,1980-04-02,6.88,7.38,6.88,6.88
ALCO,1980-04-03,6.88,6.88,6.88,6.88
ALCO,1980-04-07,6.5,7.0,6.5,6.5
ALCO,1980-04-08,6.5,7.0,6.5,6.5
ALCO,1980-04-09,6.62,7.12,6.62,6.62
ALCO,1980-04-10,6.62,7.12,6.62,6.62
ALCO,1980-04-11,6.62,6.62,6.62,6.62
ALCO,1980-04-14,6.5,7.0,6.5,6.5
ALCO,1980-04-15,6.5,7.0,6.5,6.5
ALCO,1980-04-16,6.5,7.0,6.5,6.5
ALCO,1980-04-17,6.5,7.0,6.5,6.5
ALCO,1980-04-18,6.5,6.5,6.5,6.5
ALCO,1980-04-21,6.75,7.25,6.75,6.75
ALCO,1980-04-22,7.0,7.5,7.0,7.0
ALCO,1980-04-23,7.25,7.75,7.25,7.25
ALCO,1980-04-24,7.25,7.62,7.12,7.12
ALCO,1980-04-25,7.12,7.12,7.12,7.12
ALCO,1980-04-28,7.25,7.75,7.25,7.25
ALCO,1980-04-29,7.62,8.12,7.62,7.62
ALCO,1980-04-30,7.62,8.12,7.62,7.62
ALCO,1980-05-01,7.62,8.12,7.62,7.62
ALCO,1980-05-02,7.62,8.0,7.5,7.5
ALCO,1980-05-05,7.5,8.0,7.5,7.5
ALCO,1980-05-06,7.5,8.0,7.5,7.5
ALCO,1980-05-07,7.5,8.0,7.5,7.5
ALCO,1980-05-08,7.5,8.0,7.5,7.5
ALCO,1980-05-09,7.5,8.0,7.5,7.5
ALCO,1980-05-12,7.5,8.0,7.5,7.5
ALCO,1980-05-13,7.5,8.0,7.5,7.5
ALCO,1980-05-14,7.62,8.12,7.62,7.62
ALCO,1980-05-15,7.62,8.12,7.62,7.62
ALCO,1980-05-16,7.62,8.12,7.62,7.62
ALCO,1980-05-19,7.62,8.12,7.62,7.62
ALCO,1980-05-20,7.62,8.0,7.5,7.5
ALCO,1980-05-21,7.5,8.0,7.5,7.5
ALCO,1980-05-22,7.5,7.75,7.25,7.25
ALCO,1980-05-23,7.25,7.75,7.25,7.25
ALCO,1980-05-27,7.25,7.75,7.25,7.25
ALCO,1980-05-28,7.25,7.75,7.25,7.25
ALCO,1980-05-29,7.25,7.5,7.0,7.0
ALCO,1980-05-30,7.0,7.5,7.0,7.0
ALCO,1980-06-02,7.0,7.5,7.0,7.0
ALCO,1980-06-03,7.0,7.5,7.0,7.0
ALCO,1980-06-04,7.0,7.5,7.0,7.0
ALCO,1980-06-05,7.0,7.5,7.0,7.0
ALCO,1980-06-06,7.0,7.5,7.0,7.0
ALCO,1980-06-09,7.12,7.62,7.12,7.12
ALCO,1980-06-10,7.12,7.62,7.12,7.12
ALCO,1980-06-11,7.12,7.62,7.12,7.12
ALCO,1980-06-12,7.12,7.62,7.12,7.12
ALCO,1980-06-13,7.12,7.5,7.0,7.0
ALCO,1980-06-16,7.0,7.5,7.0,7.0
ALCO,1980-06-17,7.0,7.5,7.0,7.0
ALCO,1980-06-18,7.12,7.62,7.12,7.12
ALCO,1980-06-19,7.12,7.5,7.0,7.0
ALCO,1980-06-20,7.0,7.5,7.0,7.0
ALCO,1980-06-23,7.0,7.5,7.0,7.0
ALCO,1980-06-24,7.0,7.5,7.0,7.0
ALCO,1980-06-25,7.0,7.5,7.0,7.0
ALCO,1980-06-26,7.0,7.5,7.0,7.0
ALCO,1980-06-27,7.0,7.5,7.0,7.0
ALCO,1980-06-30,7.0,7.5,7.0,7.0
ALCO,1980-07-01,7.0,7.38,6.88,6.88
ALCO,1980-07-02,6.88,7.38,6.88,6.88
ALCO,1980-07-03,6.88,7.38,6.88,6.88
ALCO,1980-07-07,6.88,7.12,6.88,6.88
ALCO,1980-07-08,7.0,7.25,7.0,7.0
ALCO,1980-07-09,7.0,7.25,6.75,6.75
ALCO,1980-07-10,6.88,7.12,6.88,6.88
ALCO,1980-07-11,7.0,7.38,7.0,7.0
ALCO,1980-07-14,7.0,7.5,7.0,7.0
ALCO,1980-07-15,7.0,7.38,7.0,7.0
ALCO,1980-07-16,7.12,7.5,7.12,7.12
ALCO,1980-07-17,7.12,7.38,7.12,7.12
ALCO,1980-07-18,7.12,7.5,7.12,7.12
ALCO,1980-07-21,7.25,7.5,7.25,7.25
ALCO,1980-07-22,7.5,8.0,7.5,7.5
ALCO,1980-07-23,7.62,8.12,7.62,7.62
ALCO,1980-07-24,7.75,8.12,7.75,7.75
ALCO,1980-07-25,7.75,8.12,7.75,7.75
ALCO,1980-07-28,7.88,8.12,7.88,7.88
ALCO,1980-07-29,7.88,8.38,7.88,7.88
ALCO,1980-07-30,8.0,8.5,8.0,8.0
ALCO,1980-07-31,8.0,8.5,8.0,8.0
ALCO,1980-08-01,8.12,8.5,8.12,8.12
ALCO,1980-08-04,8.12,8.38,8.12,8.12
ALCO,1980-08-05,8.12,8.38,8.0,8.0
ALCO,1980-08-06,8.0,8.38,8.0,8.0
ALCO,1980-08-07,8.12,8.38,8.12,8.12
ALCO,1980-08-08,8.12,8.38,8.12,8.12
ALCO,1980-08-11,8.12,8.38,8.12,8.12
ALCO,1980-08-12,8.12,8.38,8.12,8.12
ALCO,1980-08-13,8.12,8.25,8.12,8.12
ALCO,1980-08-14,8.12,8.25,8.12,8.12
ALCO,1980-08-15,8.12,8.25,8.12,8.12
ALCO,1980-08-18,8.12,8.25,7.88,7.88
ALCO,1980-08-19,7.88,8.25,7.88,7.88
ALCO,1980-08-20,7.88,8.0,7.62,7.62
ALCO,1980-08-21,7.88,8.12,7.88,7.88
ALCO,1980-08-22,8.25,8.62,8.25,8.25
ALCO,1980-08-25,8.25,8.62,8.25,8.25
ALCO,1980-08-26,8.25,8.62,8.25,8.25
ALCO,1980-08-27,8.25,8.5,8.12,8.12
ALCO,1980-08-28,8.12,8.5,8.0,8.0
ALCO,1980-08-29,8.0,8.38,8.0,8.0
ALCO,1980-09-02,8.0,8.38,8.0,8.0
ALCO,1980-09-03,8.0,8.38,8.0,8.0
ALCO,1980-09-04,8.0,8.38,8.0,8.0
ALCO,1980-09-05,8.0,8.25,8.0,8.0
ALCO,1980-09-08,8.0,8.25,8.0,8.0
ALCO,1980-09-09,8.0,8.19,7.94,7.94
ALCO,1980-09-10,7.94,8.12,7.94,7.94
ALCO,1980-09-11,7.94,8.12,7.94,7.94
ALCO,1980-09-12,8.0,8.19,8.0,8.0
ALCO,1980-09-15,8.12,8.31,8.12,8.12
ALCO,1980-09-16,8.12,8.25,8.12,8.12
ALCO,1980-09-17,8.12,8.25,8.12,8.12
ALCO,1980-09-18,8.19,8.44,8.19,8.19
ALCO,1980-09-19,8.38,8.44,8.38,8.38
ALCO,1980-09-22,8.38,8.56,8.38,8.38
ALCO,1980-09-23,8.38,8.5,8.38,8.38
ALCO,1980-09-24,8.38,8.44,8.31,8.31
ALCO,1980-09-25,8.31,8.38,8.25,8.25
ALCO,1980-09-26,8.25,8.31,8.12,8.12
ALCO,1980-09-29,8.12,8.12,7.94,7.94
ALCO,1980-09-30,8.0,8.12,8.0,8.0
ALCO,1980-10-01,8.12,8.25,8.12,8.12
ALCO,1980-10-02,8.19,8.38,8.19,8.19
ALCO,1980-10-03,8.31,8.44,8.31,8.31
ALCO,1980-10-06,8.31,8.44,8.31,8.31
ALCO,1980-10-07,8.31,8.44,8.25,8.25
ALCO,1980-10-08,8.25,8.44,8.25,8.25
ALCO,1980-10-09,8.31,8.5,8.31,8.31
ALCO,1980-10-10,8.31,8.5,8.31,8.31
ALCO,1980-10-13,8.38,8.56,8.38,8.38
ALCO,1980-10-14,8.44,8.62,8.44,8.44
ALCO,1980-10-15,9.0,9.25,9.0,9.0
ALCO,1980-10-16,9.0,9.12,8.75,8.75
ALCO,1980-10-17,8.88,9.25,8.88,8.88
ALCO,1980-10-20,8.88,9.25,8.88,8.88
ALCO,1980-10-21,8.88,9.25,8.88,8.88
ALCO,1980-10-22,9.0,9.25,9.0,9.0
ALCO,1980-10-23,9.0,9.12,8.75,8.75
ALCO,1980-10-24,8.75,9.12,8.75,8.75
ALCO,1980-10-27,8.75,9.12,8.75,8.75
ALCO,1980-10-28,8.75,9.12,8.75,8.75
ALCO,1980-10-29,8.75,9.12,8.75,8.75
ALCO,1980-10-30,9.0,9.25,9.0,9.0
ALCO,1980-10-31,9.0,9.0,9.0,9.0
ALCO,1980-11-03,9.0,9.38,9.0,9.0
ALCO,1980-11-05,9.12,9.38,9.12,9.12
ALCO,1980-11-06,9.12,9.25,9.0,9.0
ALCO,1980-11-07,9.0,9.38,9.0,9.0
ALCO,1980-11-10,9.0,9.25,9.0,9.0
ALCO,1980-11-11,9.0,9.38,9.0,9.0
ALCO,1980-11-12,9.0,9.25,9.0,9.0
ALCO,1980-11-13,9.0,9.38,9.0,9.0
ALCO,1980-11-14,9.12,9.5,9.12,9.12
ALCO,1980-11-17,9.12,9.38,9.12,9.12
ALCO,1980-11-18,9.12,9.5,9.12,9.12
ALCO,1980-11-19,9.25,9.38,9.25,9.25
ALCO,1980-11-20,9.25,9.62,9.25,9.25
ALCO,1980-11-21,9.62,9.88,9.62,9.62
ALCO,1980-11-24,9.62,9.88,9.5,9.5
ALCO,1980-11-25,9.5,9.88,9.5,9.5
ALCO,1980-11-26,9.5,9.88,9.5,9.5
ALCO,1980-11-28,9.62,10.0,9.62,9.62
ALCO,1980-12-01,9.62,9.88,9.62,9.62
ALCO,1980-12-02,9.62,9.88,9.62,9.62
ALCO,1980-12-03,9.62,9.88,9.62,9.62
ALCO,1980-12-04,9.62,9.88,9.62,9.62
ALCO,1980-12-05,9.62,9.88,9.62,9.62
ALCO,1980-12-08,9.62,9.88,9.5,9.5
ALCO,1980-12-09,9.5,9.5,9.38,9.38
ALCO,1980-12-10,9.38,9.62,9.38,9.38
ALCO,1980-12-11,9.25,9.25,8.88,8.88
ALCO,1980-12-12,8.88,9.25,8.88,8.88
ALCO,1980-12-15,9.0,9.38,9.0,9.0
ALCO,1980-12-16,9.0,9.12,9.0,9.0
ALCO,1980-12-17,9.0,9.38,9.0,9.0
ALCO,1980-12-18,9.0,9.38,9.0,9.0
ALCO,1980-12-19,9.0,9.38,9.0,9.0
ALCO,1980-12-22,9.0,9.38,9.0,9.0
ALCO,1980-12-23,9.12,9.38,9.12,9.12
ALCO,1980-12-24,9.12,9.38,9.12,9.12
ALCO,1980-12-26,9.12,9.38,9.12,9.12
ALCO,1980-12-29,9.12,9.38,9.0,9.0
ALCO,1980-12-30,9.0,9.38,9.0,9.0
ALCO,1980-12-31,9.0,9.38,9.0,9.0
ALCO,1981-01-02,9.0,9.38,9.0,9.0
ALCO,1981-01-05,9.12,9.5,9.12,9.12
ALCO,1981-01-06,9.12,9.5,9.12,9.12
ALCO,1981-01-07,9.12,9.38,9.0,9.0
ALCO,1981-01-08,9.12,9.5,9.12,9.12
ALCO,1981-01-09,9.12,9.5,9.12,9.12
ALCO,1981-01-12,9.12,9.5,9.12,9.12
ALCO,1981-01-13,9.38,9.75,9.38,9.38
ALCO,1981-01-14,10.12,10.38,10.12,10.12
ALCO,1981-01-15,10.25,10.5,10.25,10.25
ALCO,1981-01-16,10.25,10.25,9.88,9.88
ALCO,1981-01-19,9.88,10.25,9.88,9.88
ALCO,1981-01-20,9.88,10.25,9.88,9.88
ALCO,1981-01-21,9.88,10.25,9.88,9.88
ALCO,1981-01-22,9.88,10.12,9.75,9.75
ALCO,1981-01-23,9.75,10.12,9.75,9.75
ALCO,1981-01-26,9.75,10.0,9.75,9.75
ALCO,1981-01-27,9.75,10.0,9.62,9.62
ALCO,1981-01-28,9.62,10.0,9.62,9.62
ALCO,1981-01-29,9.62,10.0,9.62,9.62
ALCO,1981-01-30,9.62,10.0,9.62,9.62
ALCO,1981-02-02,9.62,10.0,9.62,9.62
ALCO,1981-02-03,9.75,10.0,9.75,9.75
ALCO,1981-02-04,9.75,9.88,9.75,9.75
ALCO,1981-02-05,9.75,9.88,9.62,9.62
ALCO,1981-02-06,9.62,9.88,9.62,9.62
ALCO,1981-02-09,9.62,9.88,9.62,9.62
ALCO,1981-02-10,9.62,9.88,9.62,9.62
ALCO,1981-02-11,9.62,9.88,9.62,9.62
ALCO,1981-02-12,9.62,9.75,9.5,9.5
ALCO,1981-02-13,9.5,9.62,9.38,9.38
ALCO,1981-02-17,9.38,9.62,9.38,9.38
ALCO,1981-02-18,9.38,9.62,9.38,9.38
ALCO,1981-02-19,9.38,9.75,9.38,9.38
ALCO,1981-02-20,9.38,9.75,9.38,9.38
ALCO,1981-02-23,9.38,9.62,9.25,9.25
ALCO,1981-02-24,9.38,9.62,9.38,9.38
ALCO,1981-02-25,9.38,9.62,9.25,9.25
ALCO,1981-02-26,9.25,9.62,9.25,9.25
ALCO,1981-02-27,9.25,9.62,9.25,9.25
ALCO,1981-03-02,9.25,9.5,9.25,9.25
ALCO,1981-03-03,9.25,9.5,9.25,9.25
ALCO,1981-03-04,9.38,9.5,9.38,9.38
ALCO,1981-03-05,9.38,9.62,9.38,9.38
ALCO,1981-03-06,9.62,10.0,9.62,9.62
ALCO,1981-03-09,9.62,10.0,9.62,9.62
ALCO,1981-03-10,9.62,9.88,9.62,9.62
ALCO,1981-03-11,9.75,10.12,9.75,9.75
ALCO,1981-03-12,9.75,10.12,9.75,9.75
ALCO,1981-03-13,9.75,9.75,9.75,9.75
ALCO,1981-03-16,9.75,10.0,9.75,9.75
ALCO,1981-03-17,9.75,10.0,9.75,9.75
ALCO,1981-03-18,9.75,10.0,9.75,9.75
ALCO,1981-03-19,9.75,10.0,9.75,9.75
ALCO,1981-03-20,9.75,9.75,9.75,9.75
ALCO,1981-03-23,9.88,10.12,9.88,9.88
ALCO,1981-03-24,9.88,10.12,9.88,9.88
ALCO,1981-03-25,9.88,10.12,9.88,9.88
ALCO,1981-03-26,9.88,10.0,9.75,9.75
ALCO,1981-03-27,9.75,9.75,9.75,9.75
ALCO,1981-03-30,9.75,10.0,9.75,9.75
ALCO,1981-03-31,9.75,10.0,9.75,9.75
ALCO,1981-04-01,9.75,10.0,9.75,9.75
ALCO,1981-04-02,9.88,10.0,9.88,9.88
ALCO,1981-04-03,9.88,9.88,9.88,9.88
ALCO,1981-04-06,9.75,10.0,9.75,9.75
ALCO,1981-04-07,9.75,10.0,9.75,9.75
ALCO,1981-04-08,9.75,10.0,9.75,9.75
ALCO,1981-04-09,10.12,10.38,10.12,10.12
ALCO,1981-04-10,10.12,10.12,10.12,10.12
ALCO,1981-04-13,10.19,10.38,10.12,10.12
ALCO,1981-04-14,10.12,10.44,10.12,10.12
ALCO,1981-04-15,10.25,10.62,10.25,10.25
ALCO,1981-04-16,10.25,10.25,10.25,10.25
ALCO,1981-04-20,10.25,10.62,10.25,10.25
ALCO,1981-04-21,10.25,10.62,10.25,10.25
ALCO,1981-04-22,10.25,10.62,10.25,10.25
ALCO,1981-04-23,10.25,10.62,10.25,10.25
ALCO,1981-04-24,10.25,10.25,10.25,10.25
ALCO,1981-04-27,10.25,10.56,10.25,10.25
ALCO,1981-04-28,10.38,10.62,10.38,10.38
ALCO,1981-04-29,10.38,10.62,10.38,10.38
ALCO,1981-04-30,10.5,10.75,10.5,10.5
ALCO,1981-05-01,10.5,10.75,10.5,10.5
ALCO,1981-05-04,10.5,10.75,10.5,10.5
ALCO,1981-05-05,10.5,10.75,10.5,10.5
ALCO,1981-05-06,10.5,10.62,10.5,10.5
ALCO,1981-05-07,10.5,10.75,10.5,10.5
ALCO,1981-05-08,10.5,10.75,10.5,10.5
ALCO,1981-05-11,10.5,10.88,10.5,10.5
ALCO,1981-05-12,10.5,10.88,10.5,10.5
ALCO,1981-05-13,10.5,10.81,10.5,10.5
ALCO,1981-05-14,10.62,10.81,10.62,10.62
ALCO,1981-05-15,10.75,10.94,10.75,10.75
ALCO,1981-05-18,10.88,11.12,10.88,10.88
ALCO,1981-05-19,10.88,11.0,10.88,10.88
ALCO,1981-05-20,10.88,11.0,10.88,10.88
ALCO,1981-05-21,10.88,11.0,10.88,10.88
ALCO,1981-05-22,10.88,11.0,10.88,10.88
ALCO,1981-05-26,10.88,11.0,10.75,10.75
ALCO,1981-05-27,10.75,11.0,10.75,10.75
ALCO,1981-05-28,10.75,11.0,10.75,10.75
ALCO,1981-05-29,10.75,11.0,10.75,10.75
ALCO,1981-06-01,10.75,11.0,10.75,10.75
ALCO,1981-06-02,10.75,11.0,10.75,10.75
ALCO,1981-06-03,10.75,11.0,10.75,10.75
ALCO,1981-06-04,10.75,11.0,10.75,10.75
ALCO,1981-06-05,10.75,11.0,10.75,10.75
ALCO,1981-06-08,10.75,11.0,10.75,10.75
ALCO,1981-06-09,10.75,11.0,10.75,10.75
ALCO,1981-06-10,10.75,11.0,10.75,10.75
ALCO,1981-06-11,10.75,11.0,10.75,10.75
ALCO,1981-06-12,11.5,11.62,11.5,11.5
ALCO,1981-06-15,11.88,12.25,11.88,11.88
ALCO,1981-06-16,12.0,12.25,12.0,12.0
ALCO,1981-06-17,12.0,12.38,12.0,12.0
ALCO,1981-06-18,12.0,12.0,11.88,11.88
ALCO,1981-06-19,11.88,11.88,11.62,11.62
ALCO,1981-06-22,11.62,11.88,11.38,11.38
ALCO,1981-06-23,11.38,11.75,11.38,11.38
ALCO,1981-06-24,11.38,11.75,11.38,11.38
ALCO,1981-06-25,11.38,11.62,11.25,11.25
ALCO,1981-06-26,11.25,11.62,11.25,11.25
ALCO,1981-06-29,11.25,11.5,11.25,11.25
ALCO,1981-06-30,11.25,11.5,11.12,11.12
ALCO,1981-07-01,11.12,11.44,11.06,11.06
ALCO,1981-07-02,11.06,11.38,11.0,11.0
ALCO,1981-07-06,11.0,11.25,10.88,10.88
ALCO,1981-07-07,10.88,11.12,10.88,10.88
ALCO,1981-07-08,10.88,11.12,10.88,10.88
ALCO,1981-07-09,10.88,11.12,10.88,10.88
ALCO,1981-07-10,10.88,11.12,10.88,10.88
ALCO,1981-07-13,11.0,11.38,11.0,11.0
ALCO,1981-07-14,11.0,11.25,10.88,10.88
ALCO,1981-07-15,10.88,11.25,10.88,10.88
ALCO,1981-07-16,10.88,11.25,10.88,10.88
ALCO,1981-07-17,10.88,11.25,10.88,10.88
ALCO,1981-07-20,10.88,11.12,10.88,10.88
ALCO,1981-07-21,10.88,11.12,10.88,10.88
ALCO,1981-07-22,10.88,11.25,10.88,10.88
ALCO,1981-07-23,10.88,11.25,10.88,10.88
ALCO,1981-07-24,10.88,11.25,10.88,10.88
ALCO,1981-07-27,10.88,11.25,10.88,10.88
ALCO,1981-07-28,10.88,11.25,10.88,10.88
ALCO,1981-07-29,11.12,11.38,11.12,11.12
ALCO,1981-07-30,11.12,11.38,11.12,11.12
ALCO,1981-07-31,11.12,11.38,11.12,11.12
ALCO,1981-08-03,11.12,11.38,11.12,11.12
ALCO,1981-08-04,11.12,11.38,11.0,11.0
ALCO,1981-08-05,11.25,11.62,11.25,11.25
ALCO,1981-08-06,11.38,11.75,11.38,11.38
ALCO,1981-08-07,11.5,11.88,11.5,11.5
ALCO,1981-08-10,11.62,11.88,11.62,11.62
ALCO,1981-08-11,12.25,12.75,12.25,12.25
ALCO,1981-08-12,12.38,12.75,12.38,12.38
ALCO,1981-08-13,12.38,12.62,12.25,12.25
ALCO,1981-08-14,12.25,12.62,12.25,12.25
ALCO,1981-08-17,12.25,12.5,12.25,12.25
ALCO,1981-08-18,12.25,12.5,12.12,12.12
ALCO,1981-08-19,12.25,12.62,12.25,12.25
ALCO,1981-08-20,12.38,12.62,12.38,12.38
ALCO,1981-08-21,12.62,12.88,12.62,12.62
ALCO,1981-08-24,12.5,12.5,12.25,12.25
ALCO,1981-08-25,12.25,12.5,12.25,12.25
ALCO,1981-08-26,12.25,12.5,12.25,12.25
ALCO,1981-08-27,12.25,12.38,12.12,12.12
ALCO,1981-08-28,12.12,12.38,12.12,12.12
ALCO,1981-08-31,12.12,12.38,12.12,12.12
ALCO,1981-09-01,12.12,12.38,12.12,12.12
ALCO,1981-09-02,12.12,12.5,12.12,12.12
ALCO,1981-09-03,12.12,12.5,12.12,12.12
ALCO,1981-09-04,12.12,12.5,12.12,12.12
ALCO,1981-09-08,12.12,12.38,12.12,12.12
ALCO,1981-09-09,12.12,12.38,12.0,12.0
ALCO,1981-09-10,12.0,12.38,12.0,12.0
ALCO,1981-09-11,12.0,12.38,12.0,12.0
ALCO,1981-09-14,12.0,12.38,12.0,12.0
ALCO,1981-09-15,12.0,12.38,12.0,12.0
ALCO,1981-09-16,12.0,12.38,12.0,12.0
ALCO,1981-09-17,12.0,12.38,12.0,12.0
ALCO,1981-09-18,12.0,12.38,12.0,12.0
ALCO,1981-09-21,12.0,12.12,11.88,11.88
ALCO,1981-09-22,11.88,12.12,11.75,11.75
ALCO,1981-09-23,11.75,12.12,11.62,11.62
ALCO,1981-09-24,11.62,12.0,11.62,11.62
ALCO,1981-09-25,11.62,11.88,11.62,11.62
ALCO,1981-09-28,11.62,11.75,11.38,11.38
ALCO,1981-09-29,11.5,11.88,11.5,11.5
ALCO,1981-09-30,11.62,11.88,11.62,11.62
ALCO,1981-10-01,11.62,12.0,11.62,11.62
ALCO,1981-10-02,11.62,12.0,11.62,11.62
ALCO,1981-10-05,11.75,12.12,11.75,11.75
ALCO,1981-10-06,11.75,12.12,11.75,11.75
ALCO,1981-10-07,11.75,12.12,11.75,11.75
ALCO,1981-10-08,11.88,12.25,11.88,11.88
ALCO,1981-10-09,11.88,12.25,11.88,11.88
ALCO,1981-10-12,12.0,12.38,12.0,12.0
ALCO,1981-10-13,12.0,12.38,12.0,12.0
ALCO,1981-10-14,12.0,12.25,11.88,11.88
ALCO,1981-10-15,11.88,12.25,11.88,11.88
ALCO,1981-10-16,11.88,12.25,11.88,11.88
ALCO,1981-10-19,11.88,12.12,11.75,11.75
ALCO,1981-10-20,11.75,12.0,11.75,11.75
ALCO,1981-10-21,11.75,12.0,11.75,11.75
ALCO,1981-10-22,11.75,12.0,11.62,11.62
ALCO,1981-10-23,11.62,12.0,11.62,11.62
ALCO,1981-10-26,11.5,11.88,11.5,11.5
ALCO,1981-10-27,11.5,11.88,11.5,11.5
ALCO,1981-10-28,11.5,11.88,11.38,11.38
ALCO,1981-10-29,11.38,11.75,11.25,11.25
ALCO,1981-10-30,11.25,11.25,11.25,11.25
ALCO,1981-11-02,11.25,11.75,11.25,11.25
ALCO,1981-11-03,11.25,11.75,11.25,11.25
ALCO,1981-11-04,11.25,11.75,11.25,11.25
ALCO,1981-11-05,11.25,11.75,11.25,11.25
ALCO,1981-11-06,11.25,11.75,11.25,11.25
ALCO,1981-11-09,11.38,11.62,11.38,11.38
ALCO,1981-11-10,11.38,11.62,11.38,11.38
ALCO,1981-11-11,11.38,11.5,11.38,11.38
ALCO,1981-11-12,11.38,11.62,11.25,11.25
ALCO,1981-11-13,11.25,11.62,11.25,11.25
ALCO,1981-11-16,11.25,11.62,11.25,11.25
ALCO,1981-11-17,11.25,11.62,11.25,11.25
ALCO,1981-11-18,11.25,11.62,11.25,11.25
ALCO,1981-11-19,11.25,11.62,11.25,11.25
ALCO,1981-11-20,11.25,11.5,11.12,11.12
ALCO,1981-11-23,11.12,11.5,11.12,11.12
ALCO,1981-11-24,11.12,11.5,11.12,11.12
ALCO,1981-11-25,11.25,11.62,11.25,11.25
ALCO,1981-11-27,11.25,11.5,11.25,11.25
ALCO,1981-11-30,11.25,11.5,11.12,11.12
ALCO,1981-12-01,11.12,11.5,11.12,11.12
ALCO,1981-12-02,11.12,11.5,11.12,11.12
ALCO,1981-12-03,11.12,11.5,11.12,11.12
ALCO,1981-12-04,11.12,11.5,11.12,11.12
ALCO,1981-12-07,11.19,11.38,11.19,11.19
ALCO,1981-12-08,11.19,11.38,11.12,11.12
ALCO,1981-12-09,11.12,11.5,11.12,11.12
ALCO,1981-12-10,11.12,11.5,11.12,11.12
ALCO,1981-12-11,11.12,11.5,11.12,11.12
ALCO,1981-12-14,11.12,11.38,11.12,11.12
ALCO,1981-12-15,11.12,11.38,11.12,11.12
ALCO,1981-12-16,11.12,11.38,11.12,11.12
ALCO,1981-12-17,11.12,11.5,11.12,11.12
ALCO,1981-12-18,11.38,11.62,11.38,11.38
ALCO,1981-12-21,11.38,11.62,11.38,11.38
ALCO,1981-12-22,11.38,11.62,11.38,11.38
ALCO,1981-12-23,11.69,11.75,11.69,11.69
ALCO,1981-12-24,11.69,11.75,11.5,11.5
ALCO,1981-12-28,11.5,11.75,11.38,11.38
ALCO,1981-12-29,11.38,11.75,11.38,11.38
ALCO,1981-12-30,11.38,11.75,11.38,11.38
ALCO,1981-12-31,11.38,11.75,11.38,11.38
ALCO,1982-01-04,11.38,11.62,11.38,11.38
ALCO,1982-01-05,11.38,11.75,11.38,11.38
ALCO,1982-01-06,11.38,11.75,11.31,11.31
ALCO,1982-01-07,11.31,11.5,11.12,11.12
ALCO,1982-01-08,11.12,11.5,11.12,11.12
ALCO,1982-01-11,11.12,11.38,11.0,11.0
ALCO,1982-01-12,11.0,11.38,11.0,11.0
ALCO,1982-01-13,11.0,11.25,11.0,11.0
ALCO,1982-01-14,11.0,11.38,11.0,11.0
ALCO,1982-01-15,11.0,11.38,11.0,11.0
ALCO,1982-01-18,11.0,11.38,11.0,11.0
ALCO,1982-01-19,11.0,11.25,10.88,10.88
ALCO,1982-01-20,10.88,11.12,10.75,10.75
ALCO,1982-01-21,10.75,11.12,10.75,10.75
ALCO,1982-01-22,10.75,11.12,10.75,10.75
ALCO,1982-01-25,10.75,10.88,10.5,10.5
ALCO,1982-01-26,10.5,10.75,10.25,10.25
ALCO,1982-01-27,10.25,10.75,10.25,10.25
ALCO,1982-01-28,10.25,10.69,10.25,10.25
ALCO,1982-01-29,10.25,10.69,10.25,10.25
ALCO,1982-02-01,10.25,10.5,10.12,10.12
ALCO,1982-02-02,10.12,10.62,10.12,10.12
ALCO,1982-02-03,10.12,10.62,10.12,10.12
ALCO,1982-02-04,10.12,10.62,10.12,10.12
ALCO,1982-02-05,10.12,10.62,10.12,10.12
ALCO,1982-02-08,10.12,10.5,10.12,10.12
ALCO,1982-02-09,10.12,10.5,10.12,10.12
ALCO,1982-02-10,10.12,10.5,10.12,10.12
ALCO,1982-02-11,10.12,10.5,10.12,10.12
ALCO,1982-02-12,10.12,10.5,10.12,10.12
ALCO,1982-02-16,10.12,10.5,10.12,10.12
ALCO,1982-02-17,10.12,10.5,10.12,10.12
ALCO,1982-02-18,10.12,10.5,10.12,10.12
ALCO,1982-02-19,10.12,10.5,10.12,10.12
ALCO,1982-02-22,10.12,10.5,10.12,10.12
ALCO,1982-02-23,10.12,10.25,9.75,9.75
ALCO,1982-02-24,9.62,9.62,9.38,9.38
ALCO,1982-02-25,9.38,9.62,9.38,9.38
ALCO,1982-02-26,9.38,9.62,9.38,9.38
ALCO,1982-03-01,9.38,9.62,9.38,9.38
ALCO,1982-03-02,9.38,9.75,9.38,9.38
ALCO,1982-03-03,9.38,9.75,9.38,9.38
ALCO,1982-03-04,9.38,9.75,9.38,9.38
ALCO,1982-03-05,9.38,9.62,9.38,9.38
ALCO,1982-03-08,9.38,9.62,9.25,9.25
ALCO,1982-03-09,9.25,9.5,9.12,9.12
ALCO,1982-03-10,9.25,9.5,9.25,9.25
ALCO,1982-03-11,9.25,9.5,9.25,9.25
ALCO,1982-03-12,9.25,9.5,9.25,9.25
ALCO,1982-03-15,9.12,9.38,9.0,9.0
ALCO,1982-03-16,9.0,9.38,9.0,9.0
ALCO,1982-03-17,9.12,9.5,9.12,9.12
ALCO,1982-03-18,9.12,9.5,9.12,9.12
ALCO,1982-03-19,9.12,9.12,9.12,9.12
ALCO,1982-03-22,9.38,9.75,9.38,9.38
ALCO,1982-03-23,9.62,10.0,9.62,9.62
ALCO,1982-03-24,9.75,10.0,9.75,9.75
ALCO,1982-03-25,9.75,10.0,9.75,9.75
ALCO,1982-03-26,9.75,9.75,9.75,9.75
ALCO,1982-03-29,9.75,10.12,9.75,9.75
ALCO,1982-03-30,9.88,10.38,9.88,9.88
ALCO,1982-03-31,9.88,10.38,9.88,9.88
ALCO,1982-04-01,9.88,10.25,9.88,9.88
ALCO,1982-04-02,9.88,9.88,9.88,9.88
ALCO,1982-04-05,9.88,10.25,9.88,9.88
ALCO,1982-04-06,9.88,10.25,9.88,9.88
ALCO,1982-04-07,9.88,10.25,9.88,9.88
ALCO,1982-04-08,9.88,9.88,9.88,9.88
ALCO,1982-04-12,9.88,10.25,9.88,9.88
ALCO,1982-04-13,9.88,10.0,9.62,9.62
ALCO,1982-04-14,9.62,10.0,9.62,9.62
ALCO,1982-04-15,9.62,10.0,9.62,9.62
ALCO,1982-04-16,9.62,9.62,9.62,9.62
ALCO,1982-04-19,9.62,10.0,9.62,9.62
ALCO,1982-04-20,9.62,10.0,9.62,9.62
ALCO,1982-04-21,9.62,10.0,9.62,9.62
ALCO,1982-04-22,9.75,10.0,9.75,9.75
ALCO,1982-04-23,9.75,9.75,9.75,9.75
ALCO,1982-04-26,9.75,10.12,9.75,9.75
ALCO,1982-04-27,9.75,10.12,9.75,9.75
ALCO,1982-04-28,9.75,10.12,9.75,9.75
ALCO,1982-04-29,9.75,10.12,9.75,9.75
ALCO,1982-04-30,9.75,10.12,9.75,9.75
ALCO,1982-05-03,9.75,10.0,9.62,9.62
ALCO,1982-05-04,9.62,9.88,9.5,9.5
ALCO,1982-05-05,9.5,9.88,9.5,9.5
ALCO,1982-05-06,9.5,9.88,9.5,9.5
ALCO,1982-05-07,9.5,9.75,9.38,9.38
ALCO,1982-05-10,9.38,9.75,9.25,9.25
ALCO,1982-05-11,9.25,9.75,9.25,9.25
ALCO,1982-05-12,9.25,9.75,9.25,9.25
ALCO,1982-05-13,9.25,9.62,9.25,9.25
ALCO,1982-05-14,9.25,9.62,9.12,9.12
ALCO,1982-05-17,9.12,9.5,9.12,9.12
ALCO,1982-05-18,9.12,9.38,9.12,9.12
ALCO,1982-05-19,9.12,9.38,9.0,9.0
ALCO,1982-05-20,9.0,9.25,8.88,8.88
ALCO,1982-05-21,8.88,9.25,8.75,8.75
ALCO,1982-05-24,8.75,9.25,8.75,8.75
ALCO,1982-05-25,8.75,9.25,8.75,8.75
ALCO,1982-05-26,8.75,9.25,8.75,8.75
ALCO,1982-05-27,8.75,9.25,8.75,8.75
ALCO,1982-05-28,8.88,9.25,8.88,8.88
ALCO,1982-06-01,8.88,9.25,8.75,8.75
ALCO,1982-06-02,8.75,9.25,8.75,8.75
ALCO,1982-06-03,8.75,9.25,8.75,8.75
ALCO,1982-06-04,8.75,9.12,8.75,8.75
ALCO,1982-06-07,8.75,9.0,8.62,8.62
ALCO,1982-06-08,8.62,9.0,8.62,8.62
ALCO,1982-06-09,8.62,9.0,8.62,8.62
ALCO,1982-06-10,8.62,9.0,8.62,8.62
ALCO,1982-06-11,8.62,9.12,8.62,8.62
ALCO,1982-06-14,8.62,9.12,8.62,8.62
ALCO,1982-06-15,8.62,9.12,8.62,8.62
ALCO,1982-06-16,8.62,9.12,8.62,8.62
ALCO,1982-06-17,8.62,9.0,8.62,8.62
ALCO,1982-06-18,8.62,9.0,8.5,8.5
ALCO,1982-06-21,8.5,9.0,8.5,8.5
ALCO,1982-06-22,8.5,9.0,8.5,8.5
ALCO,1982-06-23,8.62,9.0,8.62,8.62
ALCO,1982-06-24,8.62,9.0,8.62,8.62
ALCO,1982-06-25,8.62,9.0,8.62,8.62
ALCO,1982-06-28,8.62,9.12,8.62,8.62
ALCO,1982-06-29,8.62,9.0,8.62,8.62
ALCO,1982-06-30,8.62,9.0,8.62,8.62
ALCO,1982-07-01,8.62,9.0,8.62,8.62
ALCO,1982-07-02,8.62,9.0,8.62,8.62
ALCO,1982-07-06,8.62,9.0,8.62,8.62
ALCO,1982-07-07,8.62,9.0,8.5,8.5
ALCO,1982-07-08,8.5,9.0,8.5,8.5
ALCO,1982-07-09,8.5,9.0,8.5,8.5
ALCO,1982-07-12,8.5,9.0,8.5,8.5
ALCO,1982-07-13,8.5,9.0,8.5,8.5
ALCO,1982-07-14,8.5,9.0,8.5,8.5
ALCO,1982-07-15,8.5,9.0,8.5,8.5
ALCO,1982-07-16,8.5,9.0,8.5,8.5
ALCO,1982-07-19,8.5,8.75,8.38,8.38
ALCO,1982-07-20,8.38,8.75,8.38,8.38
ALCO,1982-07-21,8.38,8.75,8.38,8.38
ALCO,1982-07-22,8.38,8.75,8.38,8.38
ALCO,1982-07-23,8.38,8.75,8.25,8.25
ALCO,1982-07-26,8.25,8.75,8.25,8.25
ALCO,1982-07-27,8.25,8.75,8.25,8.25
ALCO,1982-07-28,8.25,8.62,8.25,8.25
ALCO,1982-07-29,8.25,8.62,8.25,8.25
ALCO,1982-07-30,8.25,8.62,8.25,8.25
ALCO,1982-08-02,8.25,8.62,8.25,8.25
ALCO,1982-08-03,8.25,8.62,8.25,8.25
ALCO,1982-08-04,8.25,8.5,8.12,8.12
ALCO,1982-08-05,8.12,8.38,8.12,8.12
ALCO,1982-08-06,8.12,8.38,8.0,8.0
ALCO,1982-08-09,8.0,8.0,7.75,7.75
ALCO,1982-08-10,7.75,7.75,7.38,7.38
ALCO,1982-08-11,7.38,7.75,7.38,7.38
ALCO,1982-08-12,7.38,7.75,7.38,7.38
ALCO,1982-08-13,7.38,7.75,7.38,7.38
ALCO,1982-08-16,7.38,7.75,7.38,7.38
ALCO,1982-08-17,7.38,7.75,7.38,7.38
ALCO,1982-08-18,7.38,7.75,7.38,7.38
ALCO,1982-08-19,7.38,7.75,7.38,7.38
ALCO,1982-08-20,7.38,7.75,7.38,7.38
ALCO,1982-08-23,7.38,7.75,7.38,7.38
ALCO,1982-08-24,7.38,7.75,7.38,7.38
ALCO,1982-08-25,7.38,7.75,7.38,7.38
ALCO,1982-08-26,8.0,8.38,8.0,8.0
ALCO,1982-08-27,8.0,8.38,8.0,8.0
ALCO,1982-08-30,8.0,8.38,7.88,7.88
ALCO,1982-08-31,8.0,8.38,8.0,8.0
ALCO,1982-09-01,8.0,8.25,7.88,7.88
ALCO,1982-09-02,7.88,8.25,7.88,7.88
ALCO,1982-09-03,7.88,8.25,7.88,7.88
ALCO,1982-09-07,7.88,8.25,7.88,7.88
ALCO,1982-09-08,8.0,8.38,8.0,8.0
ALCO,1982-09-09,8.0,8.5,8.0,8.0
ALCO,1982-09-10,8.12,8.62,8.12,8.12
ALCO,1982-09-13,8.5,8.88,8.5,8.5
ALCO,1982-09-14,8.62,9.0,8.62,8.62
ALCO,1982-09-15,8.62,9.0,8.62,8.62
ALCO,1982-09-16,8.75,9.12,8.75,8.75
ALCO,1982-09-17,8.75,9.12,8.75,8.75
ALCO,1982-09-20,8.75,9.12,8.62,8.62
ALCO,1982-09-21,8.62,9.12,8.62,8.62
ALCO,1982-09-22,8.75,9.25,8.75,8.75
ALCO,1982-09-23,9.0,9.5,9.0,9.0
ALCO,1982-09-24,9.0,9.38,9.0,9.0
ALCO,1982-09-27,9.0,9.25,8.88,8.88
ALCO,1982-09-28,8.88,9.38,8.88,8.88
ALCO,1982-09-29,8.88,9.0,8.62,8.62
ALCO,1982-09-30,8.62,9.0,8.62,8.62
ALCO,1982-10-01,8.62,9.0,8.62,8.62
ALCO,1982-10-04,8.62,9.12,8.62,8.62
ALCO,1982-10-05,8.62,9.12,8.62,8.62
ALCO,1982-10-06,8.62,9.12,8.62,8.62
ALCO,1982-10-07,8.81,9.06,8.81,8.81
ALCO,1982-10-08,8.81,9.06,8.81,8.81
ALCO,1982-10-11,8.81,9.06,8.81,8.81
ALCO,1982-10-12,8.81,9.12,8.75,8.75
ALCO,1982-10-13,8.75,9.12,8.75,8.75
ALCO,1982-10-14,8.75,9.0,8.75,8.75
ALCO,1982-10-15,8.75,9.0,8.75,8.75
ALCO,1982-10-18,8.75,9.12,8.75,8.75
ALCO,1982-10-19,8.75,9.12,8.75,8.75
ALCO,1982-10-20,8.75,9.12,8.75,8.75
ALCO,1982-10-21,8.75,9.12,8.75,8.75
ALCO,1982-10-22,8.75,9.12,8.75,8.75
ALCO,1982-10-25,8.75,9.0,8.75,8.75
ALCO,1982-10-26,8.75,9.12,8.75,8.75
ALCO,1982-10-27,8.75,9.12,8.75,8.75
ALCO,1982-10-28,8.75,9.0,8.75,8.75
ALCO,1982-10-29,8.75,9.0,8.75,8.75
ALCO,1982-11-01,8.62,9.0,8.62,8.62
ALCO,1982-11-02,8.62,9.0,8.62,8.62
ALCO,1982-11-03,8.75,9.0,8.75,8.75
ALCO,1982-11-04,8.75,9.0,8.62,8.62
ALCO,1982-11-05,8.62,8.62,8.62,8.62
ALCO,1982-11-08,8.62,8.88,8.62,8.62
ALCO,1982-11-09,8.62,8.88,8.5,8.5
ALCO,1982-11-10,8.5,8.62,8.12,8.12
ALCO,1982-11-11,8.12,8.62,8.12,8.12
ALCO,1982-11-12,8.12,8.62,8.12,8.12
ALCO,1982-11-15,8.12,8.5,8.12,8.12
ALCO,1982-11-16,8.12,8.5,8.0,8.0
ALCO,1982-11-17,8.88,9.25,8.88,8.88
ALCO,1982-11-18,9.12,9.5,9.12,9.12
ALCO,1982-11-19,9.12,9.5,9.12,9.12
ALCO,1982-11-22,9.12,9.5,9.12,9.12
ALCO,1982-11-23,9.12,9.5,9.12,9.12
ALCO,1982-11-24,9.12,9.38,9.0,9.0
ALCO,1982-11-26,9.0,9.38,9.0,9.0
ALCO,1982-11-29,9.0,9.38,9.0,9.0
ALCO,1982-11-30,9.0,9.38,9.0,9.0
ALCO,1982-12-01,9.12,9.5,9.12,9.12
ALCO,1982-12-02,9.12,9.38,9.0,9.0
ALCO,1982-12-03,9.75,10.12,9.75,9.75
ALCO,1982-12-06,9.75,10.0,9.62,9.62
ALCO,1982-12-07,9.62,9.88,9.38,9.38
ALCO,1982-12-08,9.38,9.88,9.38,9.38
ALCO,1982-12-09,9.38,9.62,9.25,9.25
ALCO,1982-12-10,9.25,9.62,9.25,9.25
ALCO,1982-12-13,9.38,9.75,9.38,9.38
ALCO,1982-12-14,9.38,9.75,9.38,9.38
ALCO,1982-12-15,9.38,9.5,9.12,9.12
ALCO,1982-12-16,9.12,9.5,9.12,9.12
ALCO,1982-12-17,9.25,9.62,9.25,9.25
ALCO,1982-12-20,9.5,10.0,9.5,9.5
ALCO,1982-12-21,9.5,9.75,9.5,9.5
ALCO,1982-12-22,9.5,9.75,9.5,9.5
ALCO,1982-12-23,9.5,9.75,9.5,9.5
ALCO,1982-12-27,9.5,9.75,9.5,9.5
ALCO,1982-12-28,9.5,9.75,9.5,9.5
ALCO,1982-12-29,9.5,9.75,9.5,9.5
ALCO,1982-12-30,9.5,9.75,9.5,9.5
ALCO,1982-12-31,9.5,9.75,9.5,9.5
ALCO,1983-01-03,9.5,9.75,9.5,9.5
ALCO,1983-01-04,9.5,9.62,9.38,9.38
ALCO,1983-01-05,9.38,9.62,9.38,9.38
ALCO,1983-01-06,9.38,9.75,9.38,9.38
ALCO,1983-01-07,9.38,9.75,9.38,9.38
ALCO,1983-01-10,9.38,9.62,9.38,9.38
ALCO,1983-01-11,9.38,9.62,9.25,9.25
ALCO,1983-01-12,9.38,9.75,9.38,9.38
ALCO,1983-01-13,9.38,9.75,9.25,9.25
ALCO,1983-01-14,9.25,9.62,9.25,9.25
ALCO,1983-01-17,9.25,9.62,9.12,9.12
ALCO,1983-01-18,9.25,9.62,9.25,9.25
ALCO,1983-01-19,9.25,9.62,9.25,9.25
ALCO,1983-01-20,9.25,9.62,9.25,9.25
ALCO,1983-01-21,9.25,9.62,9.25,9.25
ALCO,1983-01-24,9.25,9.62,9.25,9.25
ALCO,1983-01-25,9.38,9.88,9.38,9.38
ALCO,1983-01-26,10.0,10.5,10.0,10.0
ALCO,1983-01-27,10.75,11.75,10.75,10.75
ALCO,1983-01-28,10.75,11.75,10.75,10.75
ALCO,1983-01-31,10.75,11.25,10.5,10.5
ALCO,1983-02-01,10.5,11.5,10.5,10.5
ALCO,1983-02-02,10.5,11.5,10.5,10.5
ALCO,1983-02-03,10.5,11.5,10.5,10.5
ALCO,1983-02-04,10.5,11.5,10.5,10.5
ALCO,1983-02-07,11.0,11.75,11.0,11.0
ALCO,1983-02-08,11.0,11.75,11.0,11.0
ALCO,1983-02-09,11.25,12.0,11.25,11.25
ALCO,1983-02-10,11.25,12.0,11.0,11.0
ALCO,1983-02-11,11.0,12.0,11.0,11.0
ALCO,1983-02-14,11.0,11.75,11.0,11.0
ALCO,1983-02-15,11.0,11.75,11.0,11.0
ALCO,1983-02-16,11.0,11.75,11.0,11.0
ALCO,1983-02-17,11.0,11.75,11.0,11.0
ALCO,1983-02-18,11.0,11.75,11.0,11.0
ALCO,1983-02-22,11.0,11.88,11.0,11.0
ALCO,1983-02-23,11.0,11.88,11.0,11.0
ALCO,1983-02-24,11.0,11.75,10.88,10.88
ALCO,1983-02-25,10.88,11.75,10.88,10.88
ALCO,1983-02-28,10.88,11.75,10.88,10.88
ALCO,1983-03-01,10.88,11.75,10.75,10.75
ALCO,1983-03-02,10.75,11.75,10.75,10.75
ALCO,1983-03-03,10.75,11.75,10.75,10.75
ALCO,1983-03-04,10.75,11.75,10.75,10.75
ALCO,1983-03-07,10.75,11.75,10.75,10.75
ALCO,1983-03-08,10.75,11.75,10.75,10.75
ALCO,1983-03-09,10.75,11.75,10.75,10.75
ALCO,1983-03-10,10.75,11.75,10.75,10.75
ALCO,1983-03-11,10.75,11.75,10.75,10.75
ALCO,1983-03-14,10.75,11.5,10.75,10.75
ALCO,1983-03-15,10.75,11.25,10.5,10.5
ALCO,1983-03-16,10.75,11.5,10.75,10.75
ALCO,1983-03-17,11.25,12.25,11.25,11.25
ALCO,1983-03-18,11.25,11.25,11.25,11.25
ALCO,1983-03-21,11.25,12.25,11.25,11.25
ALCO,1983-03-22,11.25,12.25,11.25,11.25
ALCO,1983-03-23,11.25,12.25,11.25,11.25
ALCO,1983-03-24,11.25,12.25,11.25,11.25
ALCO,1983-03-25,11.25,11.25,11.25,11.25
ALCO,1983-03-28,11.25,12.25,11.25,11.25
ALCO,1983-03-29,11.25,12.25,11.25,11.25
ALCO,1983-03-30,11.25,12.25,11.25,11.25
ALCO,1983-03-31,11.25,11.25,11.25,11.25
ALCO,1983-04-04,11.25,12.25,11.25,11.25
ALCO,1983-04-05,11.25,12.25,11.25,11.25
ALCO,1983-04-06,11.25,12.25,11.25,11.25
ALCO,1983-04-07,11.25,12.25,11.25,11.25
ALCO,1983-04-08,11.25,11.25,11.25,11.25
ALCO,1983-04-11,11.25,12.25,11.25,11.25
ALCO,1983-04-12,11.25,12.25,11.25,11.25
ALCO,1983-04-13,11.25,12.25,11.25,11.25
ALCO,1983-04-14,11.25,12.25,11.25,11.25
ALCO,1983-04-15,11.25,11.25,11.25,11.25
ALCO,1983-04-18,11.0,12.0,11.0,11.0
ALCO,1983-04-19,11.0,11.88,10.88,10.88
ALCO,1983-04-20,10.88,11.25,10.38,10.38
ALCO,1983-04-21,10.38,11.25,10.38,10.38
ALCO,1983-04-22,10.38,10.38,10.38,10.38
ALCO,1983-04-25,10.38,11.25,10.25,10.25
ALCO,1983-04-26,10.25,11.25,10.25,10.25
ALCO,1983-04-27,10.25,11.25,10.25,10.25
ALCO,1983-04-28,10.25,11.25,10.25,10.25
ALCO,1983-04-29,10.25,11.25,10.25,10.25
ALCO,1983-05-02,10.25,11.25,10.25,10.25
ALCO,1983-05-03,10.25,11.25,10.25,10.25
ALCO,1983-05-04,10.25,11.25,10.25,10.25
ALCO,1983-05-05,10.25,11.25,10.25,10.25
ALCO,1983-05-06,10.25,11.25,10.25,10.25
ALCO,1983-05-09,10.25,11.25,10.25,10.25
ALCO,1983-05-10,10.25,11.25,10.25,10.25
ALCO,1983-05-11,10.25,11.25,10.25,10.25
ALCO,1983-05-12,10.25,11.25,10.25,10.25
ALCO,1983-05-13,10.25,11.25,10.25,10.25
ALCO,1983-05-16,10.25,11.25,10.25,10.25
ALCO,1983-05-17,10.25,11.25,10.25,10.25
ALCO,1983-05-18,10.25,11.25,10.25,10.25
ALCO,1983-05-19,10.25,11.25,10.25,10.25
ALCO,1983-05-20,10.25,11.25,10.25,10.25
ALCO,1983-05-23,10.25,11.25,10.25,10.25
ALCO,1983-05-24,10.25,11.25,10.25,10.25
ALCO,1983-05-25,10.25,11.25,10.25,10.25
ALCO,1983-05-26,10.25,11.25,10.25,10.25
ALCO,1983-05-27,10.25,11.25,10.25,10.25
ALCO,1983-05-31,10.25,11.25,10.25,10.25
ALCO,1983-06-01,10.25,11.25,10.25,10.25
ALCO,1983-06-02,10.25,11.25,10.25,10.25
ALCO,1983-06-03,10.25,11.25,10.25,10.25
ALCO,1983-06-06,10.25,11.25,10.25,10.25
ALCO,1983-06-07,10.5,11.5,10.5,10.5
ALCO,1983-06-08,10.5,11.5,10.5,10.5
ALCO,1983-06-09,10.75,11.75,10.75,10.75
ALCO,1983-06-10,10.75,11.75,10.75,10.75
ALCO,1983-06-13,10.75,11.75,10.75,10.75
ALCO,1983-06-14,10.75,11.75,10.75,10.75
ALCO,1983-06-15,10.75,11.75,10.75,10.75
ALCO,1983-06-16,10.75,11.75,10.75,10.75
ALCO,1983-06-17,10.75,11.75,10.75,10.75
ALCO,1983-06-20,10.75,11.75,10.75,10.75
ALCO,1983-06-21,10.75,11.75,10.75,10.75
ALCO,1983-06-22,11.25,12.0,11.25,11.25
ALCO,1983-06-23,11.25,12.0,11.25,11.25
ALCO,1983-06-24,11.25,12.0,11.25,11.25
ALCO,1983-06-27,11.25,12.0,11.25,11.25
ALCO,1983-06-28,11.25,12.0,11.25,11.25
ALCO,1983-06-29,11.25,12.0,11.25,11.25
ALCO,1983-06-30,11.25,12.0,11.12,11.12
ALCO,1983-07-01,11.12,12.0,11.12,11.12
ALCO,1983-07-05,11.12,12.0,11.12,11.12
ALCO,1983-07-06,11.12,12.0,11.12,11.12
ALCO,1983-07-07,11.12,12.0,11.12,11.12
ALCO,1983-07-08,11.12,12.0,11.12,11.12
ALCO,1983-07-11,11.12,12.0,11.12,11.12
ALCO,1983-07-12,11.12,12.0,11.12,11.12
ALCO,1983-07-13,11.12,12.0,11.12,11.12
ALCO,1983-07-14,11.12,12.0,11.12,11.12
ALCO,1983-07-15,11.12,12.0,11.12,11.12
ALCO,1983-07-18,11.12,12.0,11.12,11.12
ALCO,1983-07-19,11.12,12.0,11.12,11.12
ALCO,1983-07-20,11.12,12.0,11.12,11.12
ALCO,1983-07-21,11.12,12.0,11.12,11.12
ALCO,1983-07-22,11.12,12.0,11.12,11.12
ALCO,1983-07-25,11.12,12.0,11.12,11.12
ALCO,1983-07-26,11.12,12.0,11.12,11.12
ALCO,1983-07-27,11.12,12.0,11.12,11.12
ALCO,1983-07-28,11.12,12.0,11.12,11.12
ALCO,1983-07-29,11.12,12.0,11.12,11.12
ALCO,1983-08-01,11.12,12.0,11.12,11.12
ALCO,1983-08-02,11.12,12.0,11.12,11.12
ALCO,1983-08-03,11.12,12.0,11.12,11.12
ALCO,1983-08-04,11.12,12.0,11.0,11.0
ALCO,1983-08-05,11.0,12.0,11.0,11.0
ALCO,1983-08-08,11.0,11.75,10.88,10.88
ALCO,1983-08-09,11.0,11.75,11.0,11.0
ALCO,1983-08-10,11.0,11.75,11.0,11.0
ALCO,1983-08-11,11.0,11.75,11.0,11.0
ALCO,1983-08-12,11.0,11.75,11.0,11.0
ALCO,1983-08-15,11.0,11.75,11.0,11.0
ALCO,1983-08-16,11.0,11.75,11.0,11.0
ALCO,1983-08-17,11.0,11.75,11.0,11.0
ALCO,1983-08-18,11.0,11.75,11.0,11.0
ALCO,1983-08-19,11.0,11.75,11.0,11.0
ALCO,1983-08-22,11.12,12.0,11.12,11.12
ALCO,1983-08-23,11.12,12.0,11.12,11.12
ALCO,1983-08-24,11.25,12.0,11.25,11.25
ALCO,1983-08-25,11.25,12.0,11.25,11.25
ALCO,1983-08-26,11.25,12.0,11.25,11.25
ALCO,1983-08-29,11.25,12.0,11.25,11.25
ALCO,1983-08-30,11.25,12.0,11.25,11.25
ALCO,1983-08-31,11.25,12.0,11.25,11.25
ALCO,1983-09-01,11.25,12.0,11.25,11.25
ALCO,1983-09-02,11.25,12.0,11.25,11.25
ALCO,1983-09-06,11.25,12.25,11.25,11.25
ALCO,1983-09-07,11.38,12.25,11.38,11.38
ALCO,1983-09-08,11.38,12.25,11.38,11.38
ALCO,1983-09-09,11.5,12.38,11.5,11.5
ALCO,1983-09-12,11.5,12.38,11.5,11.5
ALCO,1983-09-13,11.5,12.38,11.5,11.5
ALCO,1983-09-14,11.5,12.38,11.5,11.5
ALCO,1983-09-15,11.5,12.38,11.5,11.5
ALCO,1983-09-16,11.5,12.38,11.5,11.5
ALCO,1983-09-19,11.5,12.38,11.5,11.5
ALCO,1983-09-20,11.5,12.38,11.5,11.5
ALCO,1983-09-21,11.5,12.38,11.5,11.5
ALCO,1983-09-22,11.5,12.38,11.5,11.5
ALCO,1983-09-23,11.5,12.38,11.5,11.5
ALCO,1983-09-26,11.5,12.38,11.5,11.5
ALCO,1983-09-27,11.5,12.38,11.5,11.5
ALCO,1983-09-28,11.5,12.38,11.5,11.5
ALCO,1983-09-29,11.5,12.38,11.5,11.5
ALCO,1983-09-30,11.5,12.38,11.5,11.5
ALCO,1983-10-03,11.62,12.5,11.62,11.62
ALCO,1983-10-04,11.62,12.5,11.62,11.62
ALCO,1983-10-05,11.62,12.5,11.62,11.62
ALCO,1983-10-06,11.62,12.5,11.62,11.62
ALCO,1983-10-07,11.62,12.5,11.62,11.62
ALCO,1983-10-10,11.62,12.5,11.62,11.62
ALCO,1983-10-11,11.62,12.5,11.62,11.62
ALCO,1983-10-12,11.62,12.5,11.62,11.62
ALCO,1983-10-13,11.62,12.5,11.62,11.62
ALCO,1983-10-14,11.62,12.5,11.62,11.62
ALCO,1983-10-17,11.62,12.5,11.62,11.62
ALCO,1983-10-18,11.62,12.5,11.62,11.62
ALCO,1983-10-19,11.62,12.5,11.62,11.62
ALCO,1983-10-20,11.62,12.5,11.62,11.62
ALCO,1983-10-21,11.62,12.5,11.62,11.62
ALCO,1983-10-24,12.5,13.75,12.5,12.5
ALCO,1983-10-25,12.5,13.75,12.5,12.5
ALCO,1983-10-26,12.5,13.75,12.5,12.5
ALCO,1983-10-27,12.5,13.75,12.5,12.5
ALCO,1983-10-28,12.5,13.75,12.5,12.5
ALCO,1983-10-31,12.5,13.62,12.5,12.5
ALCO,1983-11-01,12.5,13.62,12.5,12.5
ALCO,1983-11-02,12.5,13.62,12.5,12.5
ALCO,1983-11-03,12.5,13.62,12.5,12.5
ALCO,1983-11-04,12.5,12.5,12.5,12.5
ALCO,1983-11-07,12.5,13.62,12.5,12.5
ALCO,1983-11-08,12.5,13.62,12.5,12.5
ALCO,1983-11-09,12.88,14.0,12.88,12.88
ALCO,1983-11-10,13.12,14.38,13.12,13.12
ALCO,1983-11-11,13.25,14.5,13.25,13.25
ALCO,1983-11-14,14.75,16.75,14.75,14.75
ALCO,1983-11-15,14.75,16.75,14.75,14.75
ALCO,1983-11-16,14.75,16.75,14.75,14.75
ALCO,1983-11-17,14.75,16.5,14.62,14.62
ALCO,1983-11-18,14.62,16.5,14.5,14.5
ALCO,1983-11-21,14.5,16.5,14.5,14.5
ALCO,1983-11-22,14.5,16.5,14.5,14.5
ALCO,1983-11-23,14.62,16.5,14.62,14.62
ALCO,1983-11-25,14.62,16.5,14.62,14.62
ALCO,1983-11-28,14.62,16.5,14.62,14.62
ALCO,1983-11-29,14.62,16.5,14.62,14.62
ALCO,1983-11-30,14.62,16.0,14.0,14.0
ALCO,1983-12-01,14.0,16.0,14.0,14.0
ALCO,1983-12-02,14.0,16.0,14.0,14.0
ALCO,1983-12-05,14.12,16.0,14.12,14.12
ALCO,1983-12-06,14.12,15.88,14.0,14.0
ALCO,1983-12-07,14.0,15.88,14.0,14.0
ALCO,1983-12-08,14.0,15.88,14.0,14.0
ALCO,1983-12-09,14.0,15.5,13.5,13.5
ALCO,1983-12-12,13.5,15.5,13.5,13.5
ALCO,1983-12-13,13.5,15.5,13.5,13.5
ALCO,1983-12-14,13.5,15.5,13.5,13.5
ALCO,1983-12-15,13.5,15.5,13.5,13.5
ALCO,1983-12-16,13.5,15.5,13.5,13.5
ALCO,1983-12-19,13.5,15.5,13.5,13.5
ALCO,1983-12-20,13.5,15.5,13.5,13.5
ALCO,1983-12-21,13.5,15.5,13.5,13.5
ALCO,1983-12-22,13.5,15.5,13.5,13.5
ALCO,1983-12-23,13.5,15.5,13.5,13.5
ALCO,1983-12-27,13.5,14.75,13.0,13.0
ALCO,1983-12-28,13.0,14.75,12.88,12.88
ALCO,1983-12-29,12.88,14.75,12.75,12.75
ALCO,1983-12-30,12.75,14.75,12.75,12.75
ALCO,1984-01-03,12.75,14.75,12.75,12.75
ALCO,1984-01-04,12.75,14.75,12.75,12.75
ALCO,1984-01-05,13.0,14.75,13.0,13.0
ALCO,1984-01-06,13.25,14.75,13.25,13.25
ALCO,1984-01-09,13.5,15.0,13.5,13.5
ALCO,1984-01-10,13.5,15.0,13.5,13.5
ALCO,1984-01-11,13.5,15.25,13.5,13.5
ALCO,1984-01-12,13.88,15.62,13.88,13.88
ALCO,1984-01-13,14.0,16.0,14.0,14.0
ALCO,1984-01-16,14.0,16.0,14.0,14.0
ALCO,1984-01-17,14.0,16.0,14.0,14.0
ALCO,1984-01-18,14.0,16.0,14.0,14.0
ALCO,1984-01-19,14.25,16.0,14.25,14.25
ALCO,1984-01-20,14.25,16.0,14.25,14.25
ALCO,1984-01-23,14.25,16.0,14.25,14.25
ALCO,1984-01-24,14.5,16.0,14.5,14.5
ALCO,1984-01-25,14.5,16.0,14.25,14.25
ALCO,1984-01-26,14.25,16.0,14.25,14.25
ALCO,1984-01-27,14.25,16.0,14.25,14.25
ALCO,1984-01-30,14.25,15.5,14.0,14.0
ALCO,1984-01-31,14.0,15.5,14.0,14.0
ALCO,1984-02-01,14.0,15.5,14.0,14.0
ALCO,1984-02-02,14.0,15.5,14.0,14.0
ALCO,1984-02-03,14.0,15.5,14.0,14.0
ALCO,1984-02-06,14.0,15.5,14.0,14.0
ALCO,1984-02-07,14.0,15.5,14.0,14.0
ALCO,1984-02-08,14.0,15.5,14.0,14.0
ALCO,1984-02-09,14.0,15.0,13.25,13.25
ALCO,1984-02-10,13.25,14.75,13.25,13.25
ALCO,1984-02-13,13.25,15.0,13.25,13.25
ALCO,1984-02-14,13.25,15.0,13.25,13.25
ALCO,1984-02-15,13.25,15.0,13.25,13.25
ALCO,1984-02-16,13.25,15.0,13.25,13.25
ALCO,1984-02-17,13.25,15.0,13.25,13.25
ALCO,1984-02-21,13.25,15.0,13.25,13.25
ALCO,1984-02-22,13.25,15.0,13.25,13.25
ALCO,1984-02-23,13.25,15.0,13.25,13.25
ALCO,1984-02-24,13.25,15.0,13.25,13.25
ALCO,1984-02-27,13.5,15.0,13.5,13.5
ALCO,1984-02-28,13.5,14.75,13.5,13.5
ALCO,1984-02-29,13.5,15.0,13.5,13.5
ALCO,1984-03-01,13.5,15.0,13.5,13.5
ALCO,1984-03-02,13.5,15.0,13.5,13.5
ALCO,1984-03-05,13.5,15.0,13.5,13.5
ALCO,1984-03-06,13.5,15.0,13.5,13.5
ALCO,1984-03-07,13.5,15.0,13.5,13.5
ALCO,1984-03-08,14.0,15.5,14.0,14.0
ALCO,1984-03-09,14.0,15.5,13.75,13.75
ALCO,1984-03-12,13.88,15.25,13.88,13.88
ALCO,1984-03-13,14.0,15.5,14.0,14.0
ALCO,1984-03-14,14.25,16.0,14.25,14.25
ALCO,1984-03-15,14.25,15.75,14.25,14.25
ALCO,1984-03-16,14.25,14.25,14.25,14.25
ALCO,1984-03-19,14.25,15.75,14.0,14.0
ALCO,1984-03-20,14.0,15.75,14.0,14.0
ALCO,1984-03-21,14.0,15.5,13.75,13.75
ALCO,1984-03-22,13.75,15.0,13.75,13.75
ALCO,1984-03-23,13.75,13.75,13.75,13.75
ALCO,1984-03-26,13.75,15.75,13.75,13.75
ALCO,1984-03-27,13.75,15.5,13.75,13.75
ALCO,1984-03-28,13.75,15.5,13.75,13.75
ALCO,1984-03-29,13.75,15.5,13.75,13.75
ALCO,1984-03-30,13.75,13.75,13.75,13.75
ALCO,1984-04-02,14.0,15.25,14.0,14.0
ALCO,1984-04-03,14.0,15.25,13.75,13.75
ALCO,1984-04-04,13.75,15.25,13.75,13.75
ALCO,1984-04-05,13.75,15.25,13.75,13.75
ALCO,1984-04-06,13.75,13.75,13.75,13.75
ALCO,1984-04-09,13.75,15.0,13.75,13.75
ALCO,1984-04-10,13.75,15.0,13.75,13.75
ALCO,1984-04-11,13.75,14.75,13.75,13.75
ALCO,1984-04-12,13.75,14.75,13.75,13.75
ALCO,1984-04-13,13.75,13.75,13.75,13.75
ALCO,1984-04-16,13.75,14.75,13.75,13.75
ALCO,1984-04-17,13.75,15.25,13.25,13.25
ALCO,1984-04-18,13.25,14.75,13.0,13.0
ALCO,1984-04-19,13.0,13.0,13.0,13.0
ALCO,1984-04-23,13.0,14.75,13.0,13.0
ALCO,1984-04-24,13.25,15.25,13.25,13.25
ALCO,1984-04-25,13.5,15.25,13.5,13.5
ALCO,1984-04-26,13.5,15.25,13.5,13.5
ALCO,1984-04-27,13.5,13.5,13.5,13.5
ALCO,1984-04-30,13.5,15.25,13.5,13.5
ALCO,1984-05-01,13.5,15.25,13.5,13.5
ALCO,1984-05-02,13.5,15.25,13.5,13.5
ALCO,1984-05-03,13.5,15.25,13.5,13.5
ALCO,1984-05-04,13.5,15.5,13.5,13.5
ALCO,1984-05-07,14.5,15.75,14.5,14.5
ALCO,1984-05-08,14.5,15.75,14.5,14.5
ALCO,1984-05-09,14.5,15.75,14.5,14.5
ALCO,1984-05-10,14.5,15.75,14.5,14.5
ALCO,1984-05-11,14.5,15.75,14.5,14.5
ALCO,1984-05-14,14.5,15.75,14.5,14.5
ALCO,1984-05-15,14.5,15.75,14.5,14.5
ALCO,1984-05-16,14.5,16.0,14.5,14.5
ALCO,1984-05-17,14.5,15.5,14.0,14.0
ALCO,1984-05-18,14.0,15.5,14.0,14.0
ALCO,1984-05-21,14.0,15.5,14.0,14.0
ALCO,1984-05-22,14.0,15.5,14.0,14.0
ALCO,1984-05-23,14.0,15.5,14.0,14.0
ALCO,1984-05-24,14.0,15.25,14.0,14.0
ALCO,1984-05-25,14.0,15.25,14.0,14.0
ALCO,1984-05-29,14.0,15.25,14.0,14.0
ALCO,1984-05-30,14.0,15.25,14.0,14.0
ALCO,1984-05-31,14.0,15.0,13.75,13.75
ALCO,1984-06-01,13.75,14.75,13.5,13.5
ALCO,1984-06-04,13.5,15.25,13.5,13.5
ALCO,1984-06-05,13.5,15.25,13.5,13.5
ALCO,1984-06-06,13.75,15.25,13.75,13.75
ALCO,1984-06-07,13.75,15.25,13.75,13.75
ALCO,1984-06-08,13.75,15.25,13.75,13.75
ALCO,1984-06-11,13.75,15.25,13.75,13.75
ALCO,1984-06-12,13.75,15.25,13.75,13.75
ALCO,1984-06-13,13.75,15.0,13.75,13.75
ALCO,1984-06-14,14.25,15.5,14.25,14.25
ALCO,1984-06-15,14.38,15.5,14.38,14.38
ALCO,1984-06-18,14.38,15.12,14.38,14.38
ALCO,1984-06-19,14.38,15.25,14.38,14.38
ALCO,1984-06-20,14.38,15.25,14.38,14.38
ALCO,1984-06-21,14.38,15.25,14.38,14.38
ALCO,1984-06-22,14.38,15.0,13.5,13.5
ALCO,1984-06-25,13.75,15.0,13.75,13.75
ALCO,1984-06-26,13.75,15.0,13.75,13.75
ALCO,1984-06-27,13.75,15.0,13.75,13.75
ALCO,1984-06-28,13.75,15.0,13.75,13.75
ALCO,1984-06-29,13.75,15.0,13.75,13.75
ALCO,1984-07-02,13.75,15.0,13.75,13.75
ALCO,1984-07-03,13.75,15.0,13.75,13.75
ALCO,1984-07-05,13.75,15.0,13.75,13.75
ALCO,1984-07-06,13.75,15.0,13.75,13.75
ALCO,1984-07-09,13.75,15.0,13.75,13.75
ALCO,1984-07-10,13.75,15.0,13.75,13.75
ALCO,1984-07-11,14.0,15.0,14.0,14.0
ALCO,1984-07-12,14.0,15.0,14.0,14.0
ALCO,1984-07-13,14.0,15.0,14.0,14.0
ALCO,1984-07-16,14.0,15.0,14.0,14.0
ALCO,1984-07-17,14.0,15.0,14.0,14.0
ALCO,1984-07-18,14.0,15.0,14.0,14.0
ALCO,1984-07-19,14.0,15.0,14.0,14.0
ALCO,1984-07-20,14.0,15.0,14.0,14.0
ALCO,1984-07-23,14.0,15.0,14.0,14.0
ALCO,1984-07-24,14.0,14.75,14.0,14.0
ALCO,1984-07-25,14.0,14.75,14.0,14.0
ALCO,1984-07-26,14.0,14.75,14.0,14.0
ALCO,1984-07-27,14.0,14.75,14.0,14.0
ALCO,1984-07-30,14.0,14.75,14.0,14.0
ALCO,1984-07-31,14.0,14.75,14.0,14.0
ALCO,1984-08-01,14.0,14.75,14.0,14.0
ALCO,1984-08-02,14.0,14.75,14.0,14.0
ALCO,1984-08-03,14.0,14.75,14.0,14.0
ALCO,1984-08-06,14.0,14.75,14.0,14.0
ALCO,1984-08-07,14.0,14.75,14.0,14.0
ALCO,1984-08-08,14.0,14.75,14.0,14.0
ALCO,1984-08-09,14.0,14.75,14.0,14.0
ALCO,1984-08-10,14.0,14.75,14.0,14.0
ALCO,1984-08-13,14.0,14.75,14.0,14.0
ALCO,1984-08-14,14.0,14.75,14.0,14.0
ALCO,1984-08-15,14.0,14.75,14.0,14.0
ALCO,1984-08-16,14.0,14.75,14.0,14.0
ALCO,1984-08-17,14.0,14.75,13.75,13.75
ALCO,1984-08-20,13.75,14.75,13.75,13.75
ALCO,1984-08-21,13.75,14.75,13.75,13.75
ALCO,1984-08-22,13.75,14.5,13.75,13.75
ALCO,1984-08-23,13.75,14.5,13.25,13.25
ALCO,1984-08-24,13.25,14.5,13.25,13.25
ALCO,1984-08-27,13.25,13.75,12.5,12.5
ALCO,1984-08-28,12.5,14.25,12.5,12.5
ALCO,1984-08-29,12.75,14.0,12.75,12.75
ALCO,1984-08-30,12.75,14.0,12.75,12.75
ALCO,1984-08-31,12.75,14.0,12.75,12.75
ALCO,1984-09-04,12.75,14.0,12.75,12.75
ALCO,1984-09-05,12.75,14.0,12.5,12.5
ALCO,1984-09-06,12.5,14.0,12.5,12.5
ALCO,1984-09-07,12.75,14.0,12.75,12.75
ALCO,1984-09-10,12.75,14.0,12.75,12.75
ALCO,1984-09-11,12.75,14.25,12.75,12.75
ALCO,1984-09-12,12.75,14.25,12.75,12.75
ALCO,1984-09-13,12.75,14.25,12.75,12.75
ALCO,1984-09-14,12.75,14.25,12.62,12.62
ALCO,1984-09-17,12.62,14.25,12.62,12.62
ALCO,1984-09-18,12.62,14.25,12.62,12.62
ALCO,1984-09-19,12.62,14.25,12.62,12.62
ALCO,1984-09-20,12.62,14.0,12.62,12.62
ALCO,1984-09-21,12.62,14.0,12.62,12.62
ALCO,1984-09-24,12.62,13.75,12.62,12.62
ALCO,1984-09-25,12.62,13.75,12.62,12.62
ALCO,1984-09-26,12.62,13.75,12.62,12.62
ALCO,1984-09-27,12.62,13.75,12.62,12.62
ALCO,1984-09-28,13.0,13.75,13.0,13.0
ALCO,1984-10-01,13.0,13.75,12.5,12.5
ALCO,1984-10-02,12.5,14.0,12.5,12.5
ALCO,1984-10-03,12.5,14.0,12.5,12.5
ALCO,1984-10-04,12.75,14.5,12.75,12.75
ALCO,1984-10-05,12.75,14.5,12.75,12.75
ALCO,1984-10-08,12.75,14.5,12.75,12.75
ALCO,1984-10-09,12.75,14.5,12.75,12.75
ALCO,1984-10-10,12.75,14.5,12.75,12.75
ALCO,1984-10-11,12.75,14.5,12.75,12.75
ALCO,1984-10-12,12.75,14.5,12.75,12.75
ALCO,1984-10-15,12.75,14.5,12.75,12.75
ALCO,1984-10-16,12.75,14.5,12.75,12.75
ALCO,1984-10-17,12.75,14.5,12.75,12.75
ALCO,1984-10-18,12.75,14.25,12.75,12.75
ALCO,1984-10-19,12.75,14.25,12.75,12.75
ALCO,1984-10-22,12.75,14.25,12.75,12.75
ALCO,1984-10-23,12.75,14.25,12.75,12.75
ALCO,1984-10-24,12.75,14.25,12.75,12.75
ALCO,1984-10-25,12.75,14.25,12.75,12.75
ALCO,1984-10-26,12.75,14.25,12.75,12.75
ALCO,1984-10-29,12.75,14.25,12.75,12.75
ALCO,1984-10-30,12.75,14.25,12.75,12.75
ALCO,1984-10-31,12.75,14.25,12.75,12.75
ALCO,1984-11-01,12.75,14.25,12.75,12.75
ALCO,1984-11-02,12.75,12.75,12.75,12.75
ALCO,1984-11-05,12.75,14.25,12.75,12.75
ALCO,1984-11-06,12.75,14.25,12.75,12.75
ALCO,1984-11-07,12.75,14.25,12.75,12.75
ALCO,1984-11-08,12.75,14.25,12.75,12.75
ALCO,1984-11-09,12.75,14.25,12.75,12.75
ALCO,1984-11-12,12.75,14.25,12.75,12.75
ALCO,1984-11-13,12.75,14.25,12.75,12.75
ALCO,1984-11-14,12.75,14.25,12.75,12.75
ALCO,1984-11-15,12.75,14.25,12.75,12.75
ALCO,1984-11-16,12.75,14.25,12.75,12.75
ALCO,1984-11-19,12.75,14.25,12.75,12.75
ALCO,1984-11-20,12.75,14.25,12.75,12.75
ALCO,1984-11-21,12.75,14.5,12.75,12.75
ALCO,1984-11-23,12.75,14.5,12.75,12.75
ALCO,1984-11-26,12.75,14.5,12.75,12.75
ALCO,1984-11-27,12.75,14.25,12.75,12.75
ALCO,1984-11-28,12.75,14.25,12.75,12.75
ALCO,1984-11-29,12.75,14.25,12.75,12.75
ALCO,1984-11-30,12.75,14.25,12.75,12.75
ALCO,1984-12-03,12.75,14.25,12.75,12.75
ALCO,1984-12-04,12.75,14.25,12.75,12.75
ALCO,1984-12-05,12.75,14.25,12.75,12.75
ALCO,1984-12-06,12.75,14.25,12.75,12.75
ALCO,1984-12-07,12.75,14.25,12.75,12.75
ALCO,1984-12-10,12.75,14.25,12.75,12.75
ALCO,1984-12-11,12.75,14.25,12.75,12.75
ALCO,1984-12-12,12.75,14.25,12.75,12.75
ALCO,1984-12-13,12.75,14.25,12.75,12.75
ALCO,1984-12-14,12.75,14.25,12.75,12.75
ALCO,1984-12-17,12.75,14.25,12.75,12.75
ALCO,1984-12-18,12.75,14.25,12.75,12.75
ALCO,1984-12-19,12.75,14.25,12.75,12.75
ALCO,1984-12-20,12.75,14.25,12.75,12.75
ALCO,1984-12-21,12.75,14.25,12.75,12.75
ALCO,1984-12-24,12.75,14.25,12.75,12.75
ALCO,1984-12-26,12.75,14.25,12.75,12.75
ALCO,1984-12-27,12.75,14.25,12.75,12.75
ALCO,1984-12-28,12.75,14.25,12.75,12.75
ALCO,1984-12-31,12.75,14.25,12.75,12.75
ALCO,1985-01-02,12.75,14.25,12.75,12.75
ALCO,1985-01-03,12.75,14.25,12.75,12.75
ALCO,1985-01-04,12.75,14.25,12.75,12.75
ALCO,1985-01-07,12.75,14.25,12.75,12.75
ALCO,1985-01-08,12.75,14.5,12.75,12.75
ALCO,1985-01-09,12.75,14.5,12.75,12.75
ALCO,1985-01-10,12.75,14.5,12.75,12.75
ALCO,1985-01-11,13.0,14.0,13.0,13.0
ALCO,1985-01-14,13.0,14.0,13.0,13.0
ALCO,1985-01-15,13.0,14.0,13.0,13.0
ALCO,1985-01-16,13.0,14.0,13.0,13.0
ALCO,1985-01-17,13.0,14.0,13.0,13.0
ALCO,1985-01-18,13.0,14.0,13.0,13.0
ALCO,1985-01-21,13.0,14.0,13.0,13.0
ALCO,1985-01-22,13.0,14.0,13.0,13.0
ALCO,1985-01-23,13.0,14.0,13.0,13.0
ALCO,1985-01-24,13.0,13.88,13.0,13.0
ALCO,1985-01-25,13.0,13.88,13.0,13.0
ALCO,1985-01-28,13.0,13.88,13.0,13.0
ALCO,1985-01-29,13.0,13.75,13.0,13.0
ALCO,1985-01-30,13.0,13.5,13.0,13.0
ALCO,1985-01-31,13.0,13.5,13.0,13.0
ALCO,1985-02-01,13.0,13.5,13.0,13.0
ALCO,1985-02-04,13.0,13.5,13.0,13.0
ALCO,1985-02-05,13.0,13.62,13.0,13.0
ALCO,1985-02-06,13.5,14.5,13.5,13.5
ALCO,1985-02-07,13.5,14.75,13.5,13.5
ALCO,1985-02-08,13.5,14.75,13.5,13.5
ALCO,1985-02-11,13.5,14.75,13.5,13.5
ALCO,1985-02-12,13.5,14.5,13.5,13.5
ALCO,1985-02-13,13.5,14.5,13.0,13.0
ALCO,1985-02-14,13.0,14.5,13.0,13.0
ALCO,1985-02-15,13.0,14.5,13.0,13.0
ALCO,1985-02-19,13.0,14.5,13.0,13.0
ALCO,1985-02-20,13.25,14.5,13.25,13.25
ALCO,1985-02-21,13.25,14.5,13.25,13.25
ALCO,1985-02-22,13.25,14.5,13.25,13.25
ALCO,1985-02-25,13.25,14.5,13.25,13.25
ALCO,1985-02-26,13.25,14.5,13.25,13.25
ALCO,1985-02-27,13.25,14.5,13.25,13.25
ALCO,1985-02-28,13.25,13.88,13.25,13.25
ALCO,1985-03-01,13.25,14.0,12.75,12.75
ALCO,1985-03-04,12.75,13.75,12.75,12.75
ALCO,1985-03-05,13.38,13.38,13.38,13.38
ALCO,1985-03-06,13.12,13.12,13.12,13.12
ALCO,1985-03-07,13.12,13.25,12.5,12.5
ALCO,1985-03-08,12.88,13.88,12.88,13.0
ALCO,1985-03-11,13.0,14.0,12.62,12.62
ALCO,1985-03-12,13.0,13.0,13.0,13.0
ALCO,1985-03-13,12.62,12.62,12.62,12.62
ALCO,1985-03-14,12.75,12.88,12.75,12.88
ALCO,1985-03-15,12.88,12.88,12.88,12.88
ALCO,1985-03-18,12.75,13.09,12.75,12.75
ALCO,1985-03-19,12.75,14.0,12.0,12.0
ALCO,1985-03-20,12.0,14.0,12.0,12.0
ALCO,1985-03-21,12.0,14.0,12.0,12.0
ALCO,1985-03-22,12.0,12.0,12.0,12.0
ALCO,1985-03-25,12.0,13.5,12.0,12.0
ALCO,1985-03-26,12.0,13.5,12.0,12.0
ALCO,1985-03-27,12.0,13.25,12.0,12.0
ALCO,1985-03-28,12.0,12.0,11.75,11.75
ALCO,1985-03-29,11.75,11.75,11.75,11.75
ALCO,1985-04-01,11.5,11.5,11.5,11.5
ALCO,1985-04-02,11.75,12.0,11.75,11.75
ALCO,1985-04-03,11.75,11.75,11.75,11.75
ALCO,1985-04-04,11.75,11.75,11.75,11.75
ALCO,1985-04-08,12.38,12.38,12.38,12.38
ALCO,1985-04-09,12.38,12.5,12.12,12.12
ALCO,1985-04-10,12.5,13.0,12.5,12.5
ALCO,1985-04-11,12.5,12.75,12.0,12.75
ALCO,1985-04-12,12.75,12.75,12.75,12.75
ALCO,1985-04-15,12.5,12.5,12.5,12.5
ALCO,1985-04-16,12.25,12.25,12.25,12.25
ALCO,1985-04-17,12.25,13.0,12.0,12.0
ALCO,1985-04-18,12.25,12.25,12.25,12.25
ALCO,1985-04-19,12.25,12.25,12.25,12.25
ALCO,1985-04-22,12.62,12.62,12.62,12.62
ALCO,1985-04-23,13.25,13.25,13.25,13.25
ALCO,1985-04-24,13.25,13.25,13.0,13.0
ALCO,1985-04-25,12.5,12.5,12.5,12.5
ALCO,1985-04-26,12.5,12.5,12.5,12.5
ALCO,1985-04-29,12.5,14.25,12.5,12.5
ALCO,1985-04-30,13.38,13.38,13.38,13.38
ALCO,1985-05-01,13.38,14.0,12.5,12.5
ALCO,1985-05-02,13.38,13.38,13.38,13.38
ALCO,1985-05-03,13.38,13.62,13.0,13.38
ALCO,1985-05-06,13.38,14.62,13.38,13.38
ALCO,1985-05-07,13.25,13.25,13.25,13.25
ALCO,1985-05-08,13.25,14.25,12.75,12.75
ALCO,1985-05-09,12.75,12.75,12.75,12.75
ALCO,1985-05-10,13.5,14.0,13.5,14.0
ALCO,1985-05-13,14.0,14.5,12.75,12.75
ALCO,1985-05-14,13.0,14.5,13.0,13.0
ALCO,1985-05-15,14.5,14.5,14.5,14.5
ALCO,1985-05-16,14.5,14.5,13.0,13.0
ALCO,1985-05-17,13.0,13.0,13.0,13.0
ALCO,1985-05-20,13.0,13.0,13.0,13.0
ALCO,1985-05-21,13.0,14.75,13.0,13.0
ALCO,1985-05-22,13.0,14.75,13.0,13.0
ALCO,1985-05-23,13.5,13.5,13.5,13.5
ALCO,1985-05-24,13.5,14.75,13.0,13.0
ALCO,1985-05-28,13.0,14.75,13.0,13.0
ALCO,1985-05-29,13.25,14.88,13.25,13.25
ALCO,1985-05-30,13.5,14.0,13.5,13.5
ALCO,1985-05-31,15.0,15.5,15.0,15.0
ALCO,1985-06-03,15.0,15.0,15.0,15.0
ALCO,1985-06-04,14.25,14.25,14.25,14.25
ALCO,1985-06-05,14.5,15.0,14.5,14.5
ALCO,1985-06-06,15.25,15.25,15.25,15.25
ALCO,1985-06-07,15.25,15.25,15.25,15.25
ALCO,1985-06-10,14.5,14.5,14.5,14.5
ALCO,1985-06-11,14.75,14.75,14.75,14.75
ALCO,1985-06-12,14.75,16.25,14.5,14.5
ALCO,1985-06-13,14.5,14.5,14.5,14.5
ALCO,1985-06-14,15.5,15.5,15.5,15.5
ALCO,1985-06-17,15.0,15.0,15.0,15.0
ALCO,1985-06-18,14.75,14.75,14.75,14.75
ALCO,1985-06-19,15.0,15.88,15.0,15.0
ALCO,1985-06-20,15.0,15.5,14.75,14.75
ALCO,1985-06-21,14.75,14.75,14.5,14.5
ALCO,1985-06-24,14.5,14.5,14.5,14.5
ALCO,1985-06-25,14.5,14.5,14.5,14.5
ALCO,1985-06-26,14.5,14.5,14.5,14.5
ALCO,1985-06-27,14.5,16.0,14.5,14.5
ALCO,1985-06-28,16.0,16.0,16.0,16.0
ALCO,1985-07-01,16.0,16.0,14.5,14.5
ALCO,1985-07-02,14.5,14.5,14.5,14.5
ALCO,1985-07-03,14.5,16.0,14.5,14.5
ALCO,1985-07-05,14.5,16.0,14.5,14.5
ALCO,1985-07-08,14.5,16.0,14.5,14.5
ALCO,1985-07-09,15.75,15.75,15.75,15.75
ALCO,1985-07-10,14.5,14.5,14.5,14.5
ALCO,1985-07-11,14.5,16.25,14.5,14.5
ALCO,1985-07-12,14.5,16.25,14.5,14.5
ALCO,1985-07-15,14.5,15.0,14.5,14.5
ALCO,1985-07-16,15.0,15.0,15.0,15.0
ALCO,1985-07-17,15.0,16.0,14.5,14.5
ALCO,1985-07-18,14.5,15.75,14.5,14.5
ALCO,1985-07-19,14.5,15.75,14.5,14.5
ALCO,1985-07-22,14.5,15.0,14.5,14.5
ALCO,1985-07-23,14.5,15.75,14.5,14.5
ALCO,1985-07-24,14.5,15.75,14.5,14.5
ALCO,1985-07-25,15.5,15.5,15.5,15.5
ALCO,1985-07-26,14.5,14.5,14.5,14.5
ALCO,1985-07-29,14.5,15.75,14.5,14.5
ALCO,1985-07-30,14.5,15.75,14.5,14.5
ALCO,1985-07-31,14.5,16.0,14.5,14.5
ALCO,1985-08-01,14.5,16.0,14.5,14.5
ALCO,1985-08-02,14.75,14.75,14.75,14.75
ALCO,1985-08-05,14.75,14.88,14.75,14.75
ALCO,1985-08-06,15.0,15.0,15.0,15.0
ALCO,1985-08-07,15.0,16.0,14.75,14.75
ALCO,1985-08-08,14.75,14.75,14.75,14.75
ALCO,1985-08-09,14.75,15.75,14.75,14.75
ALCO,1985-08-12,14.75,15.75,14.75,14.75
ALCO,1985-08-13,14.75,15.75,14.75,14.75
ALCO,1985-08-14,15.0,15.0,15.0,15.0
ALCO,1985-08-15,15.0,15.75,14.75,14.75
ALCO,1985-08-16,14.75,15.75,14.75,14.75
ALCO,1985-08-19,15.5,15.5,15.5,15.5
ALCO,1985-08-20,15.5,15.75,14.75,14.75
ALCO,1985-08-21,14.75,15.75,14.75,14.75
ALCO,1985-08-22,14.75,15.75,14.75,14.75
ALCO,1985-08-23,14.75,15.75,14.75,14.75
ALCO,1985-08-26,14.75,14.75,14.75,14.75
ALCO,1985-08-27,14.75,14.75,14.75,14.75
ALCO,1985-08-28,15.75,15.75,15.75,15.75
ALCO,1985-08-29,15.75,15.75,15.25,15.25
ALCO,1985-08-30,15.06,15.06,15.06,15.06
ALCO,1985-09-03,16.0,16.0,16.0,16.0
ALCO,1985-09-04,16.0,16.0,14.75,14.75
ALCO,1985-09-05,15.25,15.25,15.25,15.25
ALCO,1985-09-06,15.75,17.0,15.75,15.75
ALCO,1985-09-09,15.75,16.62,15.75,15.75
ALCO,1985-09-10,16.25,16.25,16.25,16.25
ALCO,1985-09-11,16.25,16.25,16.25,16.25
ALCO,1985-09-12,16.25,16.75,15.5,15.5
ALCO,1985-09-13,15.5,16.75,15.5,15.5
ALCO,1985-09-16,15.5,15.5,15.5,15.5
ALCO,1985-09-17,15.5,16.75,15.5,15.5
ALCO,1985-09-18,16.0,16.0,16.0,16.0
ALCO,1985-09-19,16.0,16.75,15.5,15.5
ALCO,1985-09-20,15.5,16.75,15.5,15.5
ALCO,1985-09-23,15.5,16.75,15.5,15.5
ALCO,1985-09-24,15.5,15.5,15.5,15.5
ALCO,1985-09-25,16.0,16.0,16.0,16.0
ALCO,1985-09-26,16.0,16.5,15.5,15.5
ALCO,1985-09-30,16.5,16.5,16.5,16.5
ALCO,1985-10-01,16.5,16.5,15.5,15.5
ALCO,1985-10-02,15.75,16.38,15.75,15.75
ALCO,1985-10-03,15.75,16.5,15.5,15.5
ALCO,1985-10-04,16.25,16.25,16.25,16.25
ALCO,1985-10-07,15.5,15.5,15.5,15.5
ALCO,1985-10-08,16.25,16.25,16.25,16.25
ALCO,1985-10-09,16.25,16.25,16.25,16.25
ALCO,1985-10-10,16.25,16.25,15.5,15.5
ALCO,1985-10-11,16.25,16.25,16.25,16.25
ALCO,1985-10-14,20.0,21.5,20.0,20.0
ALCO,1985-10-15,20.25,20.5,20.25,20.25
ALCO,1985-10-16,20.75,21.0,20.75,20.75
ALCO,1985-10-17,20.5,20.5,20.0,20.0
ALCO,1985-10-18,20.0,20.5,19.75,19.75
ALCO,1985-10-21,19.5,19.5,19.5,19.5
ALCO,1985-10-22,19.5,19.5,19.5,19.5
ALCO,1985-10-23,20.0,20.0,20.0,20.0
ALCO,1985-10-24,20.0,20.0,20.0,20.0
ALCO,1985-10-25,20.25,20.25,20.25,20.25
ALCO,1985-10-28,19.75,20.0,19.75,19.75
ALCO,1985-10-29,20.25,20.25,20.25,20.25
ALCO,1985-10-30,20.25,20.25,20.25,20.25
ALCO,1985-10-31,20.25,20.5,20.0,20.0
ALCO,1985-11-01,20.0,20.0,20.0,20.0
ALCO,1985-11-04,20.0,20.0,20.0,20.0
ALCO,1985-11-05,20.25,20.25,20.25,20.25
ALCO,1985-11-06,20.25,20.25,20.25,20.25
ALCO,1985-11-07,20.5,20.5,20.5,20.5
ALCO,1985-11-08,20.5,20.5,20.5,20.5
ALCO,1985-11-11,20.5,20.5,20.38,20.38
ALCO,1985-11-12,20.25,20.25,20.25,20.25
ALCO,1985-11-13,20.25,20.25,19.5,19.5
ALCO,1985-11-14,19.5,20.25,19.5,19.5
ALCO,1985-11-15,19.5,20.0,19.5,19.5
ALCO,1985-11-18,19.5,20.0,19.5,19.5
ALCO,1985-11-19,20.0,20.0,20.0,20.0
ALCO,1985-11-20,20.0,20.25,19.75,19.75
ALCO,1985-11-21,20.25,20.25,20.25,20.25
ALCO,1985-11-22,20.25,20.25,20.06,20.06
ALCO,1985-11-25,20.06,20.25,19.5,19.5
ALCO,1985-11-26,19.5,20.25,19.5,19.5
ALCO,1985-11-27,19.5,19.5,19.5,19.5
ALCO,1985-11-29,19.5,20.25,19.5,19.5
ALCO,1985-12-02,20.0,20.25,20.0,20.0
ALCO,1985-12-03,20.25,20.25,20.25,20.25
ALCO,1985-12-04,20.25,20.25,19.75,20.25
ALCO,1985-12-05,20.25,20.25,19.75,19.75
ALCO,1985-12-06,19.75,20.75,19.75,20.75
ALCO,1985-12-09,19.75,19.75,19.75,19.75
ALCO,1985-12-10,20.0,20.0,20.0,20.0
ALCO,1985-12-11,21.0,21.0,21.0,21.0
ALCO,1985-12-12,21.0,21.0,21.0,21.0
ALCO,1985-12-13,20.75,20.75,19.75,19.75
ALCO,1985-12-16,20.5,20.75,20.5,20.5
ALCO,1985-12-17,20.5,20.75,19.75,20.0
ALCO,1985-12-18,19.75,19.75,19.5,19.5
ALCO,1985-12-19,19.5,19.75,19.5,19.62
ALCO,1985-12-20,19.62,20.28,19.5,20.12
ALCO,1985-12-23,20.12,20.12,19.5,20.12
ALCO,1985-12-24,20.12,20.5,19.5,20.0
ALCO,1985-12-26,20.75,20.75,20.75,20.75
ALCO,1985-12-27,19.5,19.5,19.5,19.5
ALCO,1985-12-30,20.5,20.5,20.5,20.5
ALCO,1985-12-31,20.5,20.5,19.25,20.5
ALCO,1986-01-02,20.5,20.5,19.62,20.5
ALCO,1986-01-03,20.5,20.5,19.5,19.5
ALCO,1986-01-06,20.0,20.25,20.0,20.25
ALCO,1986-01-07,20.25,20.25,19.5,19.5
ALCO,1986-01-08,19.5,19.62,19.5,19.62
ALCO,1986-01-09,19.62,20.25,19.5,19.5
ALCO,1986-01-10,19.5,20.25,19.5,19.5
ALCO,1986-01-13,20.0,20.0,20.0,20.0
ALCO,1986-01-14,19.88,19.88,19.5,19.88
ALCO,1986-01-15,19.88,20.0,19.5,19.5
ALCO,1986-01-16,19.5,19.5,19.5,19.5
ALCO,1986-01-17,19.5,19.75,19.5,19.5
ALCO,1986-01-20,19.5,19.75,19.0,19.0
ALCO,1986-01-21,19.5,19.5,19.5,19.5
ALCO,1986-01-22,19.0,19.0,19.0,19.0
ALCO,1986-01-23,19.75,20.0,19.75,19.75
ALCO,1986-01-24,19.75,20.0,19.0,19.0
ALCO,1986-01-27,19.0,19.5,19.0,19.0
ALCO,1986-01-28,19.0,20.0,19.0,19.0
ALCO,1986-01-29,19.0,20.0,19.0,19.0
ALCO,1986-01-30,19.25,19.25,19.25,19.25
ALCO,1986-01-31,19.25,20.0,19.25,20.0
ALCO,1986-02-03,20.0,20.5,19.5,19.5
ALCO,1986-02-04,20.75,20.75,20.75,20.75
ALCO,1986-02-05,20.25,20.25,19.5,20.0
ALCO,1986-02-06,20.0,20.5,20.0,20.5
ALCO,1986-02-07,20.5,23.25,20.0,23.25
ALCO,1986-02-10,23.25,24.5,23.0,24.0
ALCO,1986-02-11,24.0,24.5,22.5,22.5
ALCO,1986-02-12,22.5,22.5,22.5,22.5
ALCO,1986-02-13,22.5,23.5,22.5,23.25
ALCO,1986-02-14,23.5,23.5,23.5,23.5
ALCO,1986-02-18,22.5,22.5,22.5,22.5
ALCO,1986-02-19,22.5,22.5,22.5,22.5
ALCO,1986-02-20,22.5,23.25,22.0,22.75
ALCO,1986-02-21,22.75,23.25,22.0,22.0
ALCO,1986-02-24,22.25,22.25,22.25,22.25
ALCO,1986-02-25,22.25,23.25,22.25,22.25
ALCO,1986-02-26,22.25,22.25,22.25,22.25
ALCO,1986-02-27,22.25,23.25,22.25,22.25
ALCO,1986-02-28,22.25,23.25,22.25,22.25
ALCO,1986-03-03,23.25,23.25,23.25,23.25
ALCO,1986-03-04,23.25,23.25,22.25,22.25
ALCO,1986-03-05,22.25,22.25,22.0,22.25
ALCO,1986-03-06,22.25,22.75,22.0,22.75
ALCO,1986-03-07,22.0,22.0,22.0,22.0
ALCO,1986-03-10,23.0,23.0,23.0,23.0
ALCO,1986-03-11,23.0,23.0,22.5,22.5
ALCO,1986-03-12,22.5,22.75,22.25,22.25
ALCO,1986-03-13,22.25,22.5,22.12,22.12
ALCO,1986-03-14,22.12,22.12,22.12,22.12
ALCO,1986-03-17,22.5,23.0,22.5,23.0
ALCO,1986-03-18,23.0,23.0,23.0,23.0
ALCO,1986-03-19,22.62,22.62,21.75,22.62
ALCO,1986-03-20,22.25,22.25,22.0,22.25
ALCO,1986-03-21,22.25,22.25,22.25,22.25
ALCO,1986-03-24,22.5,22.5,22.5,22.5
ALCO,1986-03-25,21.75,21.75,21.75,21.75
ALCO,1986-03-26,21.75,21.75,21.75,21.75
ALCO,1986-03-27,21.75,21.75,21.75,21.75
ALCO,1986-03-31,22.75,22.75,22.75,22.75
ALCO,1986-04-01,22.5,22.5,22.5,22.5
ALCO,1986-04-02,22.5,22.75,22.0,22.0
ALCO,1986-04-03,22.0,22.0,22.0,22.0
ALCO,1986-04-04,22.0,22.0,22.0,22.0
ALCO,1986-04-07,22.5,23.0,22.5,22.75
ALCO,1986-04-08,22.75,23.0,22.25,22.25
ALCO,1986-04-09,22.25,22.5,22.25,22.5
ALCO,1986-04-10,22.5,23.0,22.25,22.25
ALCO,1986-04-11,22.25,22.25,22.25,22.25
ALCO,1986-04-14,22.75,23.25,22.75,22.75
ALCO,1986-04-15,22.75,23.25,22.75,22.75
ALCO,1986-04-16,24.0,24.0,24.0,24.0
ALCO,1986-04-17,23.25,23.25,23.25,23.25
ALCO,1986-04-18,23.25,23.25,23.25,23.25
ALCO,1986-04-21,23.88,23.88,23.38,23.75
ALCO,1986-04-22,23.75,23.88,23.5,23.88
ALCO,1986-04-23,23.88,23.88,23.25,23.75
ALCO,1986-04-24,23.75,24.0,23.5,23.5
ALCO,1986-04-25,23.5,23.5,23.5,23.5
ALCO,1986-04-28,24.0,24.0,24.0,24.0
ALCO,1986-04-29,24.0,24.0,23.06,23.25
ALCO,1986-04-30,23.25,23.5,23.06,23.25
ALCO,1986-05-01,23.25,23.5,23.0,23.0
ALCO,1986-05-02,23.0,23.0,22.75,23.0
ALCO,1986-05-05,23.0,23.0,22.75,23.0
ALCO,1986-05-06,23.0,23.0,22.75,23.0
ALCO,1986-05-07,22.75,22.75,22.62,22.62
ALCO,1986-05-08,22.62,23.12,22.62,23.12
ALCO,1986-05-09,23.12,23.12,22.62,22.62
ALCO,1986-05-12,22.88,22.88,22.88,22.88
ALCO,1986-05-13,22.88,22.88,22.88,22.88
ALCO,1986-05-14,22.88,22.88,22.88,22.88
ALCO,1986-05-15,22.88,22.88,22.88,22.88
ALCO,1986-05-16,22.88,23.0,22.62,22.62
ALCO,1986-05-19,22.62,23.12,22.62,22.62
ALCO,1986-05-20,22.62,22.62,22.62,22.62
ALCO,1986-05-21,22.62,22.88,22.62,22.62
ALCO,1986-05-22,22.62,22.88,22.62,22.62
ALCO,1986-05-23,22.62,22.88,22.62,22.62
ALCO,1986-05-27,22.62,22.62,22.5,22.5
ALCO,1986-05-28,22.5,22.88,22.5,22.88
ALCO,1986-05-29,22.75,22.75,22.75,22.75
ALCO,1986-05-30,22.75,22.75,22.5,22.5
ALCO,1986-06-02,22.5,22.88,22.5,22.5
ALCO,1986-06-03,22.5,22.5,22.5,22.5
ALCO,1986-06-04,22.5,22.5,22.5,22.5
ALCO,1986-06-05,22.5,22.75,22.5,22.75
ALCO,1986-06-06,22.75,22.88,22.62,22.62
ALCO,1986-06-09,22.62,22.62,22.5,22.62
ALCO,1986-06-10,22.62,22.75,22.25,22.62
ALCO,1986-06-11,22.25,22.25,22.25,22.25
ALCO,1986-06-12,22.25,22.75,22.25,22.25
ALCO,1986-06-13,22.25,22.75,22.25,22.25
ALCO,1986-06-16,22.25,22.25,22.25,22.25
ALCO,1986-06-17,22.75,22.75,22.75,22.75
ALCO,1986-06-18,22.25,22.25,22.25,22.25
ALCO,1986-06-19,22.25,22.25,22.0,22.0
ALCO,1986-06-20,22.0,22.0,21.25,22.0
ALCO,1986-06-23,22.0,22.5,21.75,22.5
ALCO,1986-06-24,22.5,22.5,21.75,22.5
ALCO,1986-06-25,21.75,21.75,21.75,21.75
ALCO,1986-06-26,21.75,21.75,21.5,21.75
ALCO,1986-06-27,21.5,21.5,21.5,21.5
ALCO,1986-06-30,21.5,21.5,21.5,21.5
ALCO,1986-07-01,21.5,22.44,21.5,21.5
ALCO,1986-07-02,22.5,22.5,22.5,22.5
ALCO,1986-07-03,22.5,22.5,22.5,22.5
ALCO,1986-07-07,22.5,22.5,22.5,22.5
ALCO,1986-07-08,22.5,22.5,21.75,21.75
ALCO,1986-07-09,21.5,21.5,21.5,21.5
ALCO,1986-07-10,21.5,21.5,21.5,21.5
ALCO,1986-07-11,21.5,21.5,21.5,21.5
ALCO,1986-07-14,20.75,20.75,19.75,20.25
ALCO,1986-07-15,20.0,20.0,18.75,18.75
ALCO,1986-07-16,18.75,20.0,18.75,20.0
ALCO,1986-07-17,19.75,19.75,19.75,19.75
ALCO,1986-07-18,19.75,19.75,19.75,19.75
ALCO,1986-07-21,19.75,20.25,19.25,19.5
ALCO,1986-07-22,19.75,19.75,19.75,19.75
ALCO,1986-07-23,19.5,19.5,19.5,19.5
ALCO,1986-07-24,19.5,19.75,19.25,19.75
ALCO,1986-07-25,19.88,20.0,19.88,19.88
ALCO,1986-07-28,19.88,20.0,19.88,19.88
ALCO,1986-07-29,19.88,20.25,19.38,20.25
ALCO,1986-07-30,20.25,20.25,19.38,20.25
ALCO,1986-07-31,19.75,19.75,19.75,19.75
ALCO,1986-08-01,20.0,20.0,20.0,20.0
ALCO,1986-08-04,19.25,19.25,19.25,19.25
ALCO,1986-08-05,19.25,19.75,19.25,19.25
ALCO,1986-08-06,19.38,19.88,19.38,19.88
ALCO,1986-08-07,19.25,19.25,19.25,19.25
ALCO,1986-08-08,19.25,19.75,19.25,19.75
ALCO,1986-08-11,19.75,19.75,19.25,19.75
ALCO,1986-08-12,19.25,19.25,19.25,19.25
ALCO,1986-08-13,19.25,19.5,19.25,19.5
ALCO,1986-08-14,19.5,19.5,19.5,19.5
ALCO,1986-08-15,19.25,19.25,19.25,19.25
ALCO,1986-08-18,19.25,19.25,19.25,19.25
ALCO,1986-08-19,18.0,18.0,18.0,18.0
ALCO,1986-08-20,18.75,18.75,18.75,18.75
ALCO,1986-08-21,18.75,19.25,18.0,18.0
ALCO,1986-08-22,18.0,18.75,18.0,18.75
ALCO,1986-08-25,18.75,18.75,18.75,18.75
ALCO,1986-08-26,19.25,19.25,19.25,19.25
ALCO,1986-08-27,18.75,18.75,18.25,18.75
ALCO,1986-08-28,19.25,19.25,19.25,19.25
ALCO,1986-08-29,19.25,19.38,18.5,18.75
ALCO,1986-09-02,18.75,19.5,18.31,18.5
ALCO,1986-09-03,19.25,19.25,19.25,19.25
ALCO,1986-09-04,19.25,19.25,18.5,19.25
ALCO,1986-09-05,19.25,19.25,18.5,19.25
ALCO,1986-09-08,18.38,18.38,18.38,18.38
ALCO,1986-09-09,18.38,18.38,18.38,18.38
ALCO,1986-09-10,18.88,19.25,18.88,19.25
ALCO,1986-09-11,18.88,18.88,18.88,18.88
ALCO,1986-09-12,18.88,19.5,18.81,19.5
ALCO,1986-09-15,18.75,18.75,18.75,18.75
ALCO,1986-09-16,18.75,19.5,18.75,18.75
ALCO,1986-09-17,18.75,19.0,18.75,18.75
ALCO,1986-09-18,18.38,18.38,18.38,18.38
ALCO,1986-09-19,18.38,18.38,18.38,18.38
ALCO,1986-09-22,18.38,18.38,18.38,18.38
ALCO,1986-09-23,18.38,19.0,18.12,18.12
ALCO,1986-09-24,18.12,19.0,18.12,18.12
ALCO,1986-09-25,18.12,19.0,18.12,18.12
ALCO,1986-09-26,18.25,18.25,18.25,18.25
ALCO,1986-09-29,18.25,18.25,18.25,18.25
ALCO,1986-09-30,18.75,19.5,18.75,19.5
ALCO,1986-10-01,19.5,19.5,19.5,19.5
ALCO,1986-10-02,18.5,18.5,18.5,18.5
ALCO,1986-10-03,18.5,19.5,18.5,18.88
ALCO,1986-10-06,18.62,18.62,18.5,18.5
ALCO,1986-10-07,18.5,18.62,18.5,18.5
ALCO,1986-10-08,18.5,18.62,18.5,18.5
ALCO,1986-10-09,18.5,18.62,18.5,18.5
ALCO,1986-10-10,18.5,18.62,18.5,18.5
ALCO,1986-10-13,19.25,19.25,19.25,19.25
ALCO,1986-10-14,19.25,19.25,19.25,19.25
ALCO,1986-10-15,18.75,18.75,18.25,18.75
ALCO,1986-10-16,18.62,18.62,18.62,18.62
ALCO,1986-10-17,18.62,18.62,18.62,18.62
ALCO,1986-10-20,18.0,18.0,18.0,18.0
ALCO,1986-10-21,18.0,18.0,18.0,18.0
ALCO,1986-10-22,18.0,18.75,18.0,18.75
ALCO,1986-10-23,18.31,18.31,18.0,18.31
ALCO,1986-10-24,19.0,19.0,19.0,19.0
ALCO,1986-10-27,18.75,19.0,18.5,18.75
ALCO,1986-10-28,18.5,18.5,18.5,18.5
ALCO,1986-10-29,18.5,19.0,18.5,18.5
ALCO,1986-10-30,18.5,19.0,18.5,18.5
ALCO,1986-10-31,18.5,18.5,18.5,18.5
ALCO,1986-11-03,18.5,18.5,18.38,18.38
ALCO,1986-11-04,19.0,20.25,19.0,20.0
ALCO,1986-11-05,20.0,20.0,18.75,18.75
ALCO,1986-11-06,19.75,20.0,19.75,19.75
ALCO,1986-11-07,19.75,19.75,19.0,19.0
ALCO,1986-11-10,19.75,19.75,19.75,19.75
ALCO,1986-11-11,19.75,19.75,18.75,19.75
ALCO,1986-11-12,19.75,19.75,19.75,19.75
ALCO,1986-11-13,19.5,19.5,19.5,19.5
ALCO,1986-11-14,19.5,19.75,19.25,19.75
ALCO,1986-11-17,19.75,19.75,19.0,19.5
ALCO,1986-11-18,19.75,19.75,19.75,19.75
ALCO,1986-11-19,19.75,19.75,19.0,19.75
ALCO,1986-11-20,19.75,19.75,19.75,19.75
ALCO,1986-11-21,18.5,18.5,18.5,18.5
ALCO,1986-11-24,19.75,19.75,19.75,19.75
ALCO,1986-11-25,19.25,19.25,18.25,18.62
ALCO,1986-11-26,18.62,19.25,18.25,18.62
ALCO,1986-11-28,18.75,19.75,18.75,19.75
ALCO,1986-12-01,19.75,19.75,18.5,18.5
ALCO,1986-12-02,18.5,19.75,18.5,18.5
ALCO,1986-12-03,18.5,19.75,18.5,18.5
ALCO,1986-12-04,18.75,18.75,18.75,18.75
ALCO,1986-12-05,18.75,19.25,18.25,18.5
ALCO,1986-12-08,19.5,19.75,19.5,19.75
ALCO,1986-12-09,19.75,19.75,18.5,18.5
ALCO,1986-12-10,18.5,19.12,18.5,18.75
ALCO,1986-12-11,19.75,19.75,19.75,19.75
ALCO,1986-12-12,19.75,19.75,18.5,19.75
ALCO,1986-12-15,18.75,18.75,18.75,18.75
ALCO,1986-12-16,18.75,19.62,18.75,19.25
ALCO,1986-12-17,19.25,19.25,18.75,18.75
ALCO,1986-12-18,18.75,19.25,18.75,19.25
ALCO,1986-12-19,19.0,19.0,18.5,18.75
ALCO,1986-12-22,18.75,19.25,18.5,18.5
ALCO,1986-12-23,18.5,19.5,18.5,18.5
ALCO,1986-12-24,18.5,19.5,18.5,18.5
ALCO,1986-12-26,18.5,19.5,18.5,19.5
ALCO,1986-12-29,18.75,18.75,18.5,18.75
ALCO,1986-12-30,18.75,19.0,18.25,18.53
ALCO,1986-12-31,19.25,19.25,19.25,19.25
ALCO,1987-01-02,19.25,19.25,19.25,19.25
ALCO,1987-01-05,19.5,19.5,19.5,19.5
ALCO,1987-01-06,19.5,20.0,19.0,20.0
ALCO,1987-01-07,20.0,20.0,19.75,20.0
ALCO,1987-01-08,20.0,21.25,19.75,21.0
ALCO,1987-01-09,21.0,21.75,20.75,21.25
ALCO,1987-01-12,21.25,21.75,20.5,21.0
ALCO,1987-01-13,21.75,21.75,21.75,21.75
ALCO,1987-01-14,21.75,21.75,20.75,20.75
ALCO,1987-01-15,21.75,21.75,21.75,21.75
ALCO,1987-01-16,21.75,21.75,21.5,21.5
ALCO,1987-01-19,21.75,21.75,21.75,21.75
ALCO,1987-01-20,21.75,21.75,21.75,21.75
ALCO,1987-01-21,21.75,21.75,20.75,21.75
ALCO,1987-01-22,21.75,21.75,20.75,21.75
ALCO,1987-01-23,21.75,21.75,20.75,21.0
ALCO,1987-01-26,21.0,21.75,21.0,21.75
ALCO,1987-01-27,21.75,21.75,20.75,20.75
ALCO,1987-01-28,20.75,21.75,20.5,21.75
ALCO,1987-01-29,21.75,21.75,21.5,21.75
ALCO,1987-01-30,21.75,21.75,21.75,21.75
ALCO,1987-02-02,21.75,21.75,21.5,21.75
ALCO,1987-02-03,21.75,21.75,21.75,21.75
ALCO,1987-02-04,21.75,22.0,21.5,21.5
ALCO,1987-02-05,21.5,22.0,21.25,21.5
ALCO,1987-02-06,21.5,22.5,21.31,22.5
ALCO,1987-02-09,22.5,22.5,21.75,21.75
ALCO,1987-02-10,21.75,22.5,21.5,21.5
ALCO,1987-02-11,22.25,22.5,22.25,22.5
ALCO,1987-02-12,22.5,23.12,22.25,23.0
ALCO,1987-02-13,23.0,23.5,22.75,23.25
ALCO,1987-02-17,23.25,23.5,22.5,23.5
ALCO,1987-02-18,23.5,23.75,22.75,23.25
ALCO,1987-02-19,23.25,23.75,23.0,23.75
ALCO,1987-02-20,23.75,24.0,23.5,23.81
ALCO,1987-02-23,23.75,27.5,23.25,23.25
ALCO,1987-02-24,23.25,25.5,23.0,25.5
ALCO,1987-02-25,25.5,25.5,24.0,25.5
ALCO,1987-02-26,25.5,25.5,24.0,24.0
ALCO,1987-02-27,24.0,25.5,24.0,25.5
ALCO,1987-03-02,25.5,25.5,24.25,24.25
ALCO,1987-03-03,24.25,25.5,24.0,24.0
ALCO,1987-03-04,24.0,25.5,24.0,25.5
ALCO,1987-03-05,25.5,25.5,24.0,25.5
ALCO,1987-03-06,25.5,25.5,24.0,25.5
ALCO,1987-03-09,25.5,25.5,23.5,25.0
ALCO,1987-03-10,25.0,25.5,24.0,25.5
ALCO,1987-03-11,25.5,25.5,24.0,25.5
ALCO,1987-03-12,25.5,25.5,23.0,25.5
ALCO,1987-03-13,25.5,25.5,25.5,25.5
ALCO,1987-03-16,25.0,25.0,23.0,25.0
ALCO,1987-03-17,25.0,25.0,25.0,25.0
ALCO,1987-03-18,25.0,25.0,22.5,25.0
ALCO,1987-03-19,25.0,25.0,22.5,25.0
ALCO,1987-03-20,25.0,25.0,23.0,25.0
ALCO,1987-03-23,24.5,24.5,22.5,24.0
ALCO,1987-03-24,24.0,24.5,22.5,22.5
ALCO,1987-03-25,22.5,25.0,22.5,22.5
ALCO,1987-03-26,22.5,25.0,22.5,23.5
ALCO,1987-03-27,25.0,25.0,25.0,25.0
ALCO,1987-03-30,25.0,25.0,23.0,24.5
ALCO,1987-03-31,25.0,25.0,25.0,25.0
ALCO,1987-04-01,25.0,25.0,23.0,25.0
ALCO,1987-04-02,25.0,25.0,23.0,23.0
ALCO,1987-04-03,23.0,23.0,23.0,23.0
ALCO,1987-04-06,23.0,24.5,23.0,24.0
ALCO,1987-04-07,24.0,25.0,23.0,23.0
ALCO,1987-04-08,23.0,24.75,23.0,24.75
ALCO,1987-04-09,24.75,24.75,23.0,24.75
ALCO,1987-04-10,24.75,24.75,23.0,23.0
ALCO,1987-04-13,23.0,24.62,23.0,24.62
ALCO,1987-04-14,24.62,24.62,22.5,22.75
ALCO,1987-04-15,22.75,22.75,22.75,22.75
ALCO,1987-04-16,22.75,24.25,22.75,23.75
ALCO,1987-04-20,23.75,25.25,23.5,25.25
ALCO,1987-04-21,25.0,25.0,23.5,23.5
ALCO,1987-04-22,24.0,24.38,24.0,24.38
ALCO,1987-04-23,24.38,26.5,24.0,26.5
ALCO,1987-04-24,26.5,26.5,24.5,24.5
ALCO,1987-04-27,24.5,26.5,24.5,25.0
ALCO,1987-04-28,24.25,24.25,24.25,24.25
ALCO,1987-04-29,24.25,26.5,24.25,26.5
ALCO,1987-04-30,26.5,26.5,25.0,26.5
ALCO,1987-05-01,25.0,25.0,24.75,25.0
ALCO,1987-05-04,25.0,26.5,24.5,25.0
ALCO,1987-05-05,25.0,25.0,24.5,24.5
ALCO,1987-05-06,24.0,24.0,24.0,24.0
ALCO,1987-05-07,23.75,23.75,23.75,23.75
ALCO,1987-05-08,26.25,26.25,26.25,26.25
ALCO,1987-05-11,25.0,25.0,23.75,25.0
ALCO,1987-05-12,25.0,25.0,23.75,25.0
ALCO,1987-05-13,25.0,25.0,24.0,24.0
ALCO,1987-05-14,25.25,25.25,25.25,25.25
ALCO,1987-05-15,26.0,26.0,26.0,26.0
ALCO,1987-05-18,26.0,26.0,24.0,24.0
ALCO,1987-05-19,24.0,24.0,24.0,24.0
ALCO,1987-05-20,24.0,25.0,23.75,23.75
ALCO,1987-05-21,26.0,26.0,26.0,26.0
ALCO,1987-05-22,26.0,26.0,24.5,24.5
ALCO,1987-05-26,24.0,24.0,24.0,24.0
ALCO,1987-05-27,24.0,24.0,24.0,24.0
ALCO,1987-05-28,24.0,24.0,24.0,24.0
ALCO,1987-05-29,24.0,26.0,24.0,26.0
ALCO,1987-06-01,26.0,26.0,26.0,26.0
ALCO,1987-06-02,26.0,26.0,24.0,26.0
ALCO,1987-06-03,26.0,26.0,26.0,26.0
ALCO,1987-06-04,26.0,26.0,26.0,26.0
ALCO,1987-06-05,26.0,26.0,26.0,26.0
ALCO,1987-06-08,24.25,24.25,24.25,24.25
ALCO,1987-06-09,24.25,24.25,24.25,24.25
ALCO,1987-06-10,25.0,26.0,25.0,25.0
ALCO,1987-06-11,24.25,24.25,24.25,24.25
ALCO,1987-06-12,24.25,24.25,24.25,24.25
ALCO,1987-06-15,25.0,26.0,25.0,25.0
ALCO,1987-06-16,25.0,25.5,24.25,24.5
ALCO,1987-06-17,24.5,24.5,24.5,24.5
ALCO,1987-06-18,24.25,24.25,24.0,24.0
ALCO,1987-06-19,24.0,25.5,24.0,24.75
ALCO,1987-06-22,24.0,24.0,24.0,24.0
ALCO,1987-06-23,24.0,24.0,24.0,24.0
ALCO,1987-06-24,24.0,24.25,24.0,24.0
ALCO,1987-06-25,24.0,25.0,24.0,24.0
ALCO,1987-06-26,24.0,24.0,24.0,24.0
ALCO,1987-06-29,24.0,24.12,23.75,24.0
ALCO,1987-06-30,24.0,24.0,24.0,24.0
ALCO,1987-07-01,24.0,24.25,24.0,24.0
ALCO,1987-07-02,25.0,25.0,25.0,25.0
ALCO,1987-07-06,25.0,25.0,25.0,25.0
ALCO,1987-07-07,25.0,25.0,23.5,23.5
ALCO,1987-07-08,23.5,23.5,23.5,23.5
ALCO,1987-07-09,25.0,25.0,25.0,25.0
ALCO,1987-07-10,25.0,25.0,25.0,25.0
ALCO,1987-07-13,24.0,24.0,23.0,24.0
ALCO,1987-07-14,24.0,24.0,24.0,24.0
ALCO,1987-07-15,24.0,24.0,24.0,24.0
ALCO,1987-07-16,24.0,24.0,24.0,24.0
ALCO,1987-07-17,24.0,24.0,23.0,23.0
ALCO,1987-07-20,23.0,23.0,23.0,23.0
ALCO,1987-07-21,24.25,24.25,24.25,24.25
ALCO,1987-07-22,23.75,23.75,23.0,23.75
ALCO,1987-07-23,23.0,23.0,23.0,23.0
ALCO,1987-07-24,23.0,24.5,23.0,23.0
ALCO,1987-07-27,23.0,23.0,23.0,23.0
ALCO,1987-07-28,23.0,23.0,23.0,23.0
ALCO,1987-07-29,23.0,23.0,23.0,23.0
ALCO,1987-07-30,23.0,23.0,23.0,23.0
ALCO,1987-07-31,23.0,24.0,23.0,23.0
ALCO,1987-08-03,23.0,24.0,23.0,24.0
ALCO,1987-08-04,24.0,24.0,24.0,24.0
ALCO,1987-08-05,24.0,24.5,23.0,23.25
ALCO,1987-08-06,23.25,24.0,23.0,24.0
ALCO,1987-08-07,24.0,24.0,24.0,24.0
ALCO,1987-08-10,24.0,24.0,22.75,22.75
ALCO,1987-08-11,22.75,24.0,22.75,24.0
ALCO,1987-08-12,22.75,22.75,22.75,22.75
ALCO,1987-08-13,22.75,22.75,22.75,22.75
ALCO,1987-08-14,22.75,24.0,22.75,22.75
ALCO,1987-08-17,23.0,24.0,23.0,23.0
ALCO,1987-08-18,23.0,24.5,23.0,24.0
ALCO,1987-08-19,24.5,24.5,24.5,24.5
ALCO,1987-08-20,24.5,24.5,24.5,24.5
ALCO,1987-08-21,23.0,23.0,23.0,23.0
ALCO,1987-08-24,23.0,23.0,23.0,23.0
ALCO,1987-08-25,23.0,23.0,23.0,23.0
ALCO,1987-08-26,23.0,23.0,23.0,23.0
ALCO,1987-08-27,23.0,24.0,23.0,24.0
ALCO,1987-08-28,24.0,24.5,23.0,23.0
ALCO,1987-08-31,23.0,25.0,23.0,25.0
ALCO,1987-09-01,25.0,25.0,23.5,25.0
ALCO,1987-09-02,25.0,25.0,23.75,23.75
ALCO,1987-09-03,23.25,23.25,23.25,23.25
ALCO,1987-09-04,25.0,25.25,25.0,25.25
ALCO,1987-09-08,25.25,25.25,23.25,24.5
ALCO,1987-09-09,25.25,25.25,25.25,25.25
ALCO,1987-09-10,24.5,24.5,23.5,24.0
ALCO,1987-09-11,24.0,24.5,24.0,24.0
ALCO,1987-09-14,24.0,24.5,23.5,24.0
ALCO,1987-09-15,24.0,24.5,23.5,24.5
ALCO,1987-09-16,24.5,24.5,24.5,24.5
ALCO,1987-09-17,24.5,24.5,23.5,23.75
ALCO,1987-09-18,24.0,24.5,24.0,24.5
ALCO,1987-09-21,24.5,24.5,23.5,24.0
ALCO,1987-09-22,24.0,24.0,24.0,24.0
ALCO,1987-09-23,24.0,24.5,23.5,23.5
ALCO,1987-09-24,23.5,24.5,23.5,23.5
ALCO,1987-09-25,23.5,24.0,23.12,23.5
ALCO,1987-09-28,23.5,23.5,23.5,23.5
ALCO,1987-09-29,23.5,23.5,23.5,23.5
ALCO,1987-09-30,23.5,24.5,23.5,24.5
ALCO,1987-10-01,23.75,23.75,23.75,23.75
ALCO,1987-10-02,23.75,24.5,23.5,23.5
ALCO,1987-10-05,23.5,23.5,23.5,23.5
ALCO,1987-10-06,23.5,23.5,23.25,23.5
ALCO,1987-10-07,23.5,24.5,23.25,24.5
ALCO,1987-10-08,23.5,23.5,23.0,23.0
ALCO,1987-10-09,23.0,23.25,23.0,23.0
ALCO,1987-10-12,23.0,24.5,23.0,24.0
ALCO,1987-10-13,24.0,24.5,23.25,23.5
ALCO,1987-10-14,23.0,23.0,22.75,22.75
ALCO,1987-10-15,22.75,23.0,22.75,22.88
ALCO,1987-10-16,22.88,24.5,22.0,22.0
ALCO,1987-10-19,22.0,22.0,20.5,20.5
ALCO,1987-10-20,20.5,22.0,17.5,17.5
ALCO,1987-10-21,17.5,20.0,17.5,18.25
ALCO,1987-10-22,18.0,18.0,17.5,18.0
ALCO,1987-10-23,18.0,19.0,17.0,17.0
ALCO,1987-10-26,17.0,18.5,15.5,15.5
ALCO,1987-10-27,15.5,17.5,15.5,17.5
ALCO,1987-10-28,17.5,17.5,14.75,16.0
ALCO,1987-10-29,16.0,17.5,16.0,17.5
ALCO,1987-10-30,17.5,17.5,16.0,16.0
ALCO,1987-11-02,16.0,16.0,16.0,16.0
ALCO,1987-11-03,16.0,16.0,16.0,16.0
ALCO,1987-11-04,16.0,18.0,16.0,16.5
ALCO,1987-11-05,16.5,18.25,16.5,16.5
ALCO,1987-11-06,16.5,16.75,16.5,16.5
ALCO,1987-11-09,16.5,17.5,16.25,17.5
ALCO,1987-11-10,17.0,17.0,16.25,16.25
ALCO,1987-11-11,16.5,18.5,16.5,16.5
ALCO,1987-11-12,17.0,18.5,17.0,17.0
ALCO,1987-11-13,17.0,17.5,16.5,16.5
ALCO,1987-11-16,18.5,18.5,18.5,18.5
ALCO,1987-11-17,17.0,17.0,17.0,17.0
ALCO,1987-11-18,17.0,17.0,17.0,17.0
ALCO,1987-11-19,17.0,19.0,17.0,17.0
ALCO,1987-11-20,17.0,17.0,17.0,17.0
ALCO,1987-11-23,17.0,18.0,17.0,17.0
ALCO,1987-11-24,17.0,18.0,17.0,17.0
ALCO,1987-11-25,17.0,19.0,17.0,17.0
ALCO,1987-11-27,19.0,19.0,19.0,19.0
ALCO,1987-11-30,19.0,19.0,19.0,19.0
ALCO,1987-12-01,17.0,17.0,17.0,17.0
ALCO,1987-12-02,17.0,17.0,17.0,17.0
ALCO,1987-12-03,17.0,17.25,17.0,17.25
ALCO,1987-12-04,17.0,17.0,15.5,15.5
ALCO,1987-12-07,15.75,17.12,15.75,16.25
ALCO,1987-12-08,16.25,16.5,16.0,16.5
ALCO,1987-12-09,16.5,16.5,16.5,16.5
ALCO,1987-12-10,15.5,15.5,15.5,15.5
ALCO,1987-12-11,15.5,16.5,15.5,16.25
ALCO,1987-12-14,16.0,16.0,15.5,15.5
ALCO,1987-12-15,15.5,18.88,15.5,18.88
ALCO,1987-12-16,18.88,19.0,17.0,19.0
ALCO,1987-12-17,16.5,16.5,16.5,16.5
ALCO,1987-12-18,16.5,16.62,16.5,16.62
ALCO,1987-12-21,16.5,16.5,16.5,16.5
ALCO,1987-12-22,16.5,19.0,16.0,17.0
ALCO,1987-12-23,18.75,18.75,18.75,18.75
ALCO,1987-12-24,18.75,19.0,16.5,19.0
ALCO,1987-12-28,18.25,18.25,18.25,18.25
ALCO,1987-12-29,17.25,17.25,16.25,17.25
ALCO,1987-12-30,17.25,17.25,17.25,17.25
ALCO,1987-12-31,17.25,19.0,16.0,18.0
ALCO,1988-01-04,16.5,16.5,16.5,16.5
ALCO,1988-01-05,17.0,19.5,17.0,19.5
ALCO,1988-01-06,19.0,19.0,17.0,19.0
ALCO,1988-01-07,17.0,17.0,17.0,17.0
ALCO,1988-01-08,17.12,19.0,17.12,19.0
ALCO,1988-01-11,17.12,17.12,17.0,17.12
ALCO,1988-01-12,17.0,17.0,17.0,17.0
ALCO,1988-01-13,19.0,19.0,19.0,19.0
ALCO,1988-01-14,17.0,17.0,17.0,17.0
ALCO,1988-01-15,18.12,19.0,18.12,18.12
ALCO,1988-01-18,17.5,17.5,17.0,17.5
ALCO,1988-01-19,17.0,17.0,17.0,17.0
ALCO,1988-01-20,18.0,18.0,18.0,18.0
ALCO,1988-01-21,17.25,17.25,17.25,17.25
ALCO,1988-01-22,17.25,18.5,17.25,18.5
ALCO,1988-01-25,17.25,17.25,17.25,17.25
ALCO,1988-01-26,17.25,18.0,17.25,17.25
ALCO,1988-01-27,19.0,19.0,19.0,19.0
ALCO,1988-01-28,19.0,19.0,19.0,19.0
ALCO,1988-01-29,19.0,19.0,17.25,19.0
ALCO,1988-02-01,19.0,19.0,17.25,19.0
ALCO,1988-02-02,19.0,19.0,18.5,18.5
ALCO,1988-02-03,18.5,19.0,17.75,19.0
ALCO,1988-02-04,19.0,19.5,18.5,19.5
ALCO,1988-02-05,19.5,19.5,18.5,18.5
ALCO,1988-02-08,18.5,19.5,18.5,19.5
ALCO,1988-02-09,18.5,18.5,18.5,18.5
ALCO,1988-02-10,18.75,18.75,18.75,18.75
ALCO,1988-02-11,18.75,18.75,18.75,18.75
ALCO,1988-02-12,19.0,21.0,19.0,19.0
ALCO,1988-02-16,21.5,21.5,21.5,21.5
ALCO,1988-02-17,19.0,19.0,19.0,19.0
ALCO,1988-02-18,19.0,19.0,19.0,19.0
ALCO,1988-02-19,19.0,19.12,19.0,19.12
ALCO,1988-02-22,19.12,19.12,19.12,19.12
ALCO,1988-02-23,19.12,19.12,19.12,19.12
ALCO,1988-02-24,19.12,19.12,19.12,19.12
ALCO,1988-02-25,21.5,21.5,21.5,21.5
ALCO,1988-02-26,21.5,22.0,20.0,20.0
ALCO,1988-02-29,20.0,23.0,20.0,22.0
ALCO,1988-03-01,20.5,20.5,20.5,20.5
ALCO,1988-03-02,23.0,23.0,23.0,23.0
ALCO,1988-03-03,21.5,21.5,20.5,21.5
ALCO,1988-03-04,22.0,22.5,22.0,22.0
ALCO,1988-03-07,20.5,20.5,20.5,20.5
ALCO,1988-03-08,23.0,23.0,23.0,23.0
ALCO,1988-03-09,22.0,22.0,20.5,20.5
ALCO,1988-03-10,20.5,20.5,20.5,20.5
ALCO,1988-03-11,20.25,20.25,20.25,20.25
ALCO,1988-03-14,20.25,20.25,20.25,20.25
ALCO,1988-03-15,20.25,20.25,20.25,20.25
ALCO,1988-03-16,22.5,22.5,22.5,22.5
ALCO,1988-03-17,22.5,22.5,20.25,21.75
ALCO,1988-03-18,22.5,22.5,22.5,22.5
ALCO,1988-03-21,22.5,22.5,22.5,22.5
ALCO,1988-03-22,22.5,22.5,21.0,22.5
ALCO,1988-03-23,22.5,22.5,20.25,22.5
ALCO,1988-03-24,22.5,22.5,22.5,22.5
ALCO,1988-03-25,20.5,20.5,20.5,20.5
ALCO,1988-03-28,20.5,22.0,20.5,22.0
ALCO,1988-03-29,22.0,23.5,21.5,21.5
ALCO,1988-03-30,21.0,21.0,21.0,21.0
ALCO,1988-03-31,21.0,22.0,21.0,21.0
ALCO,1988-04-04,21.0,23.0,21.0,21.0
ALCO,1988-04-05,21.0,23.0,21.0,23.0
ALCO,1988-04-06,23.0,23.5,21.0,23.5
ALCO,1988-04-07,23.0,23.0,21.0,21.0
ALCO,1988-04-08,22.0,23.0,22.0,22.5
ALCO,1988-04-11,22.5,23.5,21.25,21.25
ALCO,1988-04-12,21.25,21.25,21.25,21.25
ALCO,1988-04-13,21.25,21.25,21.25,21.25
ALCO,1988-04-14,21.25,21.75,20.75,20.75
ALCO,1988-04-15,20.75,23.0,20.5,21.5
ALCO,1988-04-18,20.5,20.5,20.5,20.5
ALCO,1988-04-19,21.0,23.0,21.0,23.0
ALCO,1988-04-20,21.0,21.0,21.0,21.0
ALCO,1988-04-21,21.0,22.5,20.5,20.5
ALCO,1988-04-22,20.5,20.5,20.5,20.5
ALCO,1988-04-25,20.5,21.5,20.25,20.75
ALCO,1988-04-26,20.75,20.75,20.5,20.75
ALCO,1988-04-27,20.75,20.75,20.5,20.75
ALCO,1988-04-28,20.75,20.75,20.5,20.75
ALCO,1988-04-29,21.0,22.5,21.0,21.25
ALCO,1988-05-02,22.0,22.5,22.0,22.0
ALCO,1988-05-03,22.0,22.25,20.5,22.25
ALCO,1988-05-04,20.5,20.5,20.5,20.5
ALCO,1988-05-05,20.5,20.5,20.5,20.5
ALCO,1988-05-06,20.5,22.5,20.5,20.75
ALCO,1988-05-09,22.0,22.5,22.0,22.0
ALCO,1988-05-10,22.0,22.25,20.5,22.25
ALCO,1988-05-11,20.5,20.5,20.5,20.5
ALCO,1988-05-12,20.5,22.25,20.5,22.25
ALCO,1988-05-13,20.75,20.75,20.75,20.75
ALCO,1988-05-16,20.75,20.75,20.62,20.75
ALCO,1988-05-17,20.5,20.5,20.5,20.5
ALCO,1988-05-18,20.5,22.25,20.0,20.0
ALCO,1988-05-19,22.25,22.25,22.25,22.25
ALCO,1988-05-20,20.0,20.0,20.0,20.0
ALCO,1988-05-23,20.5,20.5,20.5,20.5
ALCO,1988-05-24,20.5,20.5,20.5,20.5
ALCO,1988-05-25,20.5,20.5,20.5,20.5
ALCO,1988-05-26,20.5,22.25,20.0,22.25
ALCO,1988-05-27,22.25,22.25,22.25,22.25
ALCO,1988-05-31,22.25,22.25,22.25,22.25
ALCO,1988-06-01,22.25,22.25,20.0,20.0
ALCO,1988-06-02,20.0,22.25,20.0,22.25
ALCO,1988-06-03,22.25,22.25,22.25,22.25
ALCO,1988-06-06,21.75,21.75,21.75,21.75
ALCO,1988-06-07,20.25,20.25,20.25,20.25
ALCO,1988-06-08,20.25,21.75,20.25,20.25
ALCO,1988-06-09,20.25,21.75,20.25,20.25
ALCO,1988-06-10,20.25,20.25,20.25,20.25
ALCO,1988-06-13,20.25,20.25,20.25,20.25
ALCO,1988-06-14,20.25,20.25,20.25,20.25
ALCO,1988-06-15,20.25,21.75,20.25,20.25
ALCO,1988-06-16,20.25,21.5,20.25,20.5
ALCO,1988-06-17,21.0,21.75,21.0,21.0
ALCO,1988-06-20,21.75,21.75,21.75,21.75
ALCO,1988-06-21,20.0,20.0,20.0,20.0
ALCO,1988-06-22,20.0,20.0,20.0,20.0
ALCO,1988-06-23,21.75,21.75,21.75,21.75
ALCO,1988-06-24,20.5,20.5,20.0,20.0
ALCO,1988-06-27,20.75,21.0,20.75,20.75
ALCO,1988-06-28,20.75,20.75,20.75,20.75
ALCO,1988-06-29,20.0,20.0,20.0,20.0
ALCO,1988-06-30,20.0,20.0,20.0,20.0
ALCO,1988-07-01,20.0,21.0,20.0,20.5
ALCO,1988-07-05,21.0,21.0,21.0,21.0
ALCO,1988-07-06,21.0,21.0,20.0,20.25
ALCO,1988-07-07,20.25,21.0,20.0,21.0
ALCO,1988-07-08,21.0,21.0,21.0,21.0
ALCO,1988-07-11,21.0,21.0,20.0,21.0
ALCO,1988-07-12,21.0,21.0,21.0,21.0
ALCO,1988-07-13,20.25,20.25,20.25,20.25
ALCO,1988-07-14,20.25,21.0,20.0,20.0
ALCO,1988-07-15,20.0,20.0,20.0,20.0
ALCO,1988-07-18,21.0,21.0,21.0,21.0
ALCO,1988-07-19,21.0,21.0,21.0,21.0
ALCO,1988-07-20,21.0,21.0,21.0,21.0
ALCO,1988-07-21,20.5,20.5,20.0,20.5
ALCO,1988-07-22,21.0,21.0,21.0,21.0
ALCO,1988-07-25,21.0,21.0,20.88,20.88
ALCO,1988-07-26,20.88,21.25,20.25,21.25
ALCO,1988-07-27,21.75,21.75,21.75,21.75
ALCO,1988-07-28,21.75,21.75,21.75,21.75
ALCO,1988-07-29,21.75,21.75,21.75,21.75
ALCO,1988-08-01,21.25,21.25,20.0,20.75
ALCO,1988-08-02,20.75,21.75,20.5,21.0
ALCO,1988-08-03,21.0,21.75,20.5,21.75
ALCO,1988-08-04,21.75,21.75,21.75,21.75
ALCO,1988-08-05,20.5,20.5,20.5,20.5
ALCO,1988-08-08,20.5,21.75,20.25,20.5
ALCO,1988-08-09,20.5,21.0,20.0,20.0
ALCO,1988-08-10,20.0,20.5,20.0,20.25
ALCO,1988-08-11,21.0,21.5,21.0,21.5
ALCO,1988-08-12,21.5,21.5,21.5,21.5
ALCO,1988-08-15,20.0,20.0,20.0,20.0
ALCO,1988-08-16,20.0,20.0,20.0,20.0
ALCO,1988-08-17,21.0,21.5,21.0,21.0
ALCO,1988-08-18,20.0,20.0,20.0,20.0
ALCO,1988-08-19,20.0,20.0,20.0,20.0
ALCO,1988-08-22,20.0,20.0,20.0,20.0
ALCO,1988-08-23,20.0,20.25,20.0,20.25
ALCO,1988-08-24,20.5,20.5,20.5,20.5
ALCO,1988-08-25,20.5,20.5,20.5,20.5
ALCO,1988-08-26,20.25,20.25,20.0,20.25
ALCO,1988-08-29,21.75,21.75,21.75,21.75
ALCO,1988-08-30,21.75,21.75,20.0,20.0
ALCO,1988-08-31,20.0,21.75,20.0,20.0
ALCO,1988-09-01,20.0,21.0,20.0,21.0
ALCO,1988-09-02,21.75,21.75,21.75,21.75
ALCO,1988-09-06,21.75,21.75,21.75,21.75
ALCO,1988-09-07,21.75,21.75,21.75,21.75
ALCO,1988-09-08,21.5,21.5,21.5,21.5
ALCO,1988-09-09,21.5,21.75,21.0,21.0
ALCO,1988-09-12,21.0,21.5,20.25,20.25
ALCO,1988-09-13,20.25,20.25,20.25,20.25
ALCO,1988-09-14,20.25,20.25,20.25,20.25
ALCO,1988-09-15,20.5,21.75,20.5,21.25
ALCO,1988-09-16,21.25,21.25,20.5,20.5
ALCO,1988-09-19,20.5,21.75,20.5,21.75
ALCO,1988-09-20,21.62,21.62,20.5,21.62
ALCO,1988-09-21,20.5,20.5,20.5,20.5
ALCO,1988-09-22,21.0,21.75,21.0,21.75
ALCO,1988-09-23,21.75,21.75,20.75,21.75
ALCO,1988-09-26,20.75,20.75,20.75,20.75
ALCO,1988-09-27,20.75,20.75,20.75,20.75
ALCO,1988-09-28,20.75,21.0,20.75,20.75
ALCO,1988-09-29,21.0,21.75,21.0,21.0
ALCO,1988-09-30,21.0,21.75,21.0,21.75
ALCO,1988-10-03,21.75,21.75,21.25,21.5
ALCO,1988-10-04,21.5,21.75,21.25,21.25
ALCO,1988-10-05,21.5,22.5,21.5,21.75
ALCO,1988-10-06,21.75,22.5,21.5,21.5
ALCO,1988-10-07,21.75,21.75,21.75,21.75
ALCO,1988-10-10,22.5,22.5,22.5,22.5
ALCO,1988-10-11,22.75,22.75,22.75,22.75
ALCO,1988-10-12,22.75,22.75,21.5,22.75
ALCO,1988-10-13,22.5,22.5,21.5,22.0
ALCO,1988-10-14,22.0,22.5,22.0,22.0
ALCO,1988-10-17,22.0,22.0,22.0,22.0
ALCO,1988-10-18,21.5,21.5,21.5,21.5
ALCO,1988-10-19,22.25,22.5,22.25,22.5
ALCO,1988-10-20,22.5,22.5,21.5,21.5
ALCO,1988-10-21,21.75,21.75,21.75,21.75
ALCO,1988-10-24,21.75,22.5,21.5,22.25
ALCO,1988-10-25,22.0,22.0,21.5,22.0
ALCO,1988-10-26,22.0,22.5,21.5,21.5
ALCO,1988-10-27,21.5,21.5,21.5,21.5
ALCO,1988-10-28,21.5,21.5,21.5,21.5
ALCO,1988-10-31,21.5,21.75,21.5,21.75
ALCO,1988-11-01,22.75,22.75,22.75,22.75
ALCO,1988-11-02,21.75,21.75,21.75,21.75
ALCO,1988-11-03,22.0,22.5,22.0,22.0
ALCO,1988-11-04,22.0,22.0,22.0,22.0
ALCO,1988-11-07,22.0,22.0,21.75,22.0
ALCO,1988-11-08,22.0,22.25,21.75,21.75
ALCO,1988-11-09,22.0,22.25,22.0,22.25
ALCO,1988-11-10,22.25,22.25,22.25,22.25
ALCO,1988-11-11,22.25,22.25,21.5,21.5
ALCO,1988-11-14,21.5,22.25,21.5,22.0
ALCO,1988-11-15,22.0,22.0,21.5,22.0
ALCO,1988-11-16,22.0,22.0,22.0,22.0
ALCO,1988-11-17,22.0,22.0,22.0,22.0
ALCO,1988-11-18,22.0,22.0,22.0,22.0
ALCO,1988-11-21,21.5,21.5,21.5,21.5
ALCO,1988-11-22,21.5,21.5,21.5,21.5
ALCO,1988-11-23,21.5,21.5,21.5,21.5
ALCO,1988-11-25,21.5,22.0,21.5,22.0
ALCO,1988-11-28,22.0,22.0,21.5,21.5
ALCO,1988-11-29,22.0,22.0,22.0,22.0
ALCO,1988-11-30,22.0,23.0,22.0,22.0
ALCO,1988-12-01,22.0,23.0,22.0,22.0
ALCO,1988-12-02,22.0,22.0,22.0,22.0
ALCO,1988-12-05,22.0,22.0,22.0,22.0
ALCO,1988-12-06,22.0,22.38,22.0,22.38
ALCO,1988-12-07,22.38,23.0,22.0,22.75
ALCO,1988-12-08,22.75,23.0,22.0,22.0
ALCO,1988-12-09,22.0,23.0,22.0,23.0
ALCO,1988-12-12,23.0,23.0,22.0,23.0
ALCO,1988-12-13,22.25,22.25,22.12,22.25
ALCO,1988-12-14,22.25,23.0,22.25,22.25
ALCO,1988-12-15,22.25,22.25,22.25,22.25
ALCO,1988-12-16,22.25,22.62,22.25,22.62
ALCO,1988-12-19,22.62,22.75,22.25,22.25
ALCO,1988-12-20,23.0,23.0,23.0,23.0
ALCO,1988-12-21,23.0,23.0,22.25,22.5
ALCO,1988-12-22,22.5,22.5,22.5,22.5
ALCO,1988-12-23,22.5,23.0,22.5,23.0
ALCO,1988-12-27,23.0,23.0,22.88,23.0
ALCO,1988-12-28,22.88,22.88,22.88,22.88
ALCO,1988-12-29,22.88,23.0,22.5,22.5
ALCO,1988-12-30,22.5,23.0,22.5,22.5
ALCO,1989-01-03,22.5,23.0,22.5,22.5
ALCO,1989-01-04,22.5,23.0,22.5,22.5
ALCO,1989-01-05,22.88,23.25,22.88,22.88
ALCO,1989-01-06,22.88,24.0,22.75,23.25
ALCO,1989-01-09,24.0,24.0,24.0,24.0
ALCO,1989-01-10,24.0,25.0,23.5,25.0
ALCO,1989-01-11,25.0,25.0,24.12,25.0
ALCO,1989-01-12,25.0,25.5,24.75,24.75
ALCO,1989-01-13,24.75,25.75,24.75,25.75
ALCO,1989-01-16,25.75,26.38,25.0,26.38
ALCO,1989-01-17,26.38,27.0,25.5,27.0
ALCO,1989-01-18,27.0,28.5,27.0,28.5
ALCO,1989-01-19,28.5,28.5,27.0,27.5
ALCO,1989-01-20,27.5,28.0,27.0,27.0
ALCO,1989-01-23,27.0,27.62,27.0,27.62
ALCO,1989-01-24,27.62,29.0,27.0,29.0
ALCO,1989-01-25,29.0,29.5,28.0,29.0
ALCO,1989-01-26,29.0,29.5,28.0,29.5
ALCO,1989-01-27,29.5,29.5,27.75,29.0
ALCO,1989-01-30,28.5,28.5,28.0,28.25
ALCO,1989-01-31,28.25,29.0,28.25,29.0
ALCO,1989-02-01,29.0,29.5,28.75,29.0
ALCO,1989-02-02,29.0,30.0,29.0,30.0
ALCO,1989-02-03,30.0,30.0,29.0,29.25
ALCO,1989-02-06,29.25,29.75,28.25,29.75
ALCO,1989-02-07,29.75,30.0,29.0,30.0
ALCO,1989-02-08,30.0,30.25,29.5,29.75
ALCO,1989-02-09,29.75,30.25,29.75,30.12
ALCO,1989-02-10,30.12,30.25,29.75,30.0
ALCO,1989-02-13,30.0,30.25,29.75,30.0
ALCO,1989-02-14,29.75,29.75,29.75,29.75
ALCO,1989-02-15,29.75,30.25,29.75,30.25
ALCO,1989-02-16,30.25,31.0,30.0,31.0
ALCO,1989-02-17,31.0,32.0,30.25,32.0
ALCO,1989-02-21,32.0,33.5,31.5,32.75
ALCO,1989-02-22,32.75,33.75,32.5,33.75
ALCO,1989-02-23,33.75,35.0,33.0,35.0
ALCO,1989-02-24,35.0,35.0,34.0,34.38
ALCO,1989-02-27,34.38,35.0,34.25,35.0
ALCO,1989-02-28,35.0,35.5,34.5,34.5
ALCO,1989-03-01,34.62,35.75,34.62,35.5
ALCO,1989-03-02,35.5,35.5,34.5,34.75
ALCO,1989-03-03,34.75,35.25,34.5,34.5
ALCO,1989-03-06,34.5,35.25,33.75,35.0
ALCO,1989-03-07,35.0,35.0,33.75,34.75
ALCO,1989-03-08,34.75,35.0,33.75,34.75
ALCO,1989-03-09,34.75,34.75,33.75,33.75
ALCO,1989-03-10,33.75,34.12,32.0,32.0
ALCO,1989-03-13,32.0,32.38,32.0,32.0
ALCO,1989-03-14,32.0,33.5,32.0,32.0
ALCO,1989-03-15,32.0,33.25,32.0,32.0
ALCO,1989-03-16,32.0,32.75,32.0,32.75
ALCO,1989-03-17,32.75,32.75,31.5,31.5
ALCO,1989-03-20,31.5,32.5,31.25,31.5
ALCO,1989-03-21,31.38,31.38,31.0,31.38
ALCO,1989-03-22,31.38,32.0,31.0,31.25
ALCO,1989-03-23,31.25,32.0,30.75,32.0
ALCO,1989-03-27,32.0,32.0,30.75,30.75
ALCO,1989-03-28,32.0,32.0,32.0,32.0
ALCO,1989-03-29,32.0,32.75,31.25,32.75
ALCO,1989-03-30,32.75,32.75,31.25,31.75
ALCO,1989-03-31,31.75,31.75,31.0,31.38
ALCO,1989-04-03,31.38,31.75,31.0,31.0
ALCO,1989-04-04,31.25,31.75,31.25,31.75
ALCO,1989-04-05,31.75,31.75,31.25,31.75
ALCO,1989-04-06,31.75,31.75,31.75,31.75
ALCO,1989-04-07,31.62,31.62,31.25,31.5
ALCO,1989-04-10,31.5,31.75,31.5,31.5
ALCO,1989-04-11,31.5,31.5,31.5,31.5
ALCO,1989-04-12,32.0,32.25,32.0,32.25
ALCO,1989-04-13,32.25,32.25,31.5,31.75
ALCO,1989-04-14,31.75,32.25,31.5,31.5
ALCO,1989-04-17,32.25,33.5,32.25,33.0
ALCO,1989-04-18,33.0,35.0,32.75,34.0
ALCO,1989-04-19,34.5,36.0,34.5,35.5
ALCO,1989-04-20,35.5,38.0,35.0,37.5
ALCO,1989-04-21,37.5,39.0,37.0,37.0
ALCO,1989-04-24,37.0,38.5,37.0,37.0
ALCO,1989-04-25,37.0,38.5,37.0,37.0
ALCO,1989-04-26,37.0,38.0,37.0,38.0
ALCO,1989-04-27,38.0,38.0,37.0,38.0
ALCO,1989-04-28,38.0,38.0,37.0,37.88
ALCO,1989-05-01,37.88,38.5,37.0,38.0
ALCO,1989-05-02,38.0,38.5,37.0,38.25
ALCO,1989-05-03,38.25,38.5,37.0,37.0
ALCO,1989-05-04,37.0,38.5,37.0,37.25
ALCO,1989-05-05,38.0,38.12,38.0,38.0
ALCO,1989-05-08,38.0,38.5,37.5,37.5
ALCO,1989-05-09,37.5,38.5,37.5,37.5
ALCO,1989-05-10,38.0,38.5,38.0,38.0
ALCO,1989-05-11,38.0,38.5,37.5,37.5
ALCO,1989-05-12,37.5,38.25,37.0,37.5
ALCO,1989-05-15,37.5,37.75,37.0,37.0
ALCO,1989-05-16,37.0,37.5,36.25,36.75
ALCO,1989-05-17,36.75,37.5,36.5,37.5
ALCO,1989-05-18,37.5,37.5,36.5,37.5
ALCO,1989-05-19,37.5,37.5,36.5,37.5
ALCO,1989-05-22,37.75,37.75,37.75,37.75
ALCO,1989-05-23,37.5,37.5,36.5,37.5
ALCO,1989-05-24,37.5,37.5,36.5,37.0
ALCO,1989-05-25,37.0,37.5,36.5,37.0
ALCO,1989-05-26,37.0,37.5,36.75,37.5
ALCO,1989-05-30,36.75,36.75,36.75,36.75
ALCO,1989-05-31,36.75,37.25,35.75,37.25
ALCO,1989-06-01,37.25,37.25,35.75,35.75
ALCO,1989-06-02,35.75,37.0,35.75,37.0
ALCO,1989-06-05,37.0,37.25,35.75,37.0
ALCO,1989-06-06,37.0,37.25,35.75,37.25
ALCO,1989-06-07,37.25,37.75,35.75,37.0
ALCO,1989-06-08,37.0,37.75,37.0,37.0
ALCO,1989-06-09,37.0,38.0,37.0,37.0
ALCO,1989-06-12,37.0,38.0,37.0,38.0
ALCO,1989-06-13,37.5,37.5,37.0,37.5
ALCO,1989-06-14,37.5,37.5,36.0,36.0
ALCO,1989-06-15,36.0,37.0,36.0,37.0
ALCO,1989-06-16,37.0,37.0,36.0,36.0
ALCO,1989-06-19,36.0,37.0,36.0,37.0
ALCO,1989-06-20,36.25,36.25,36.0,36.0
ALCO,1989-06-21,36.0,36.12,36.0,36.12
ALCO,1989-06-22,36.0,36.0,36.0,36.0
ALCO,1989-06-23,36.0,36.12,36.0,36.12
ALCO,1989-06-26,36.0,36.0,35.5,35.5
ALCO,1989-06-27,37.0,37.0,37.0,37.0
ALCO,1989-06-28,37.0,37.0,35.25,37.0
ALCO,1989-06-29,35.75,35.75,35.25,35.25
ALCO,1989-06-30,35.25,35.88,35.25,35.88
ALCO,1989-07-03,35.88,36.5,35.25,36.5
ALCO,1989-07-05,36.5,36.5,35.75,36.5
ALCO,1989-07-06,36.5,36.5,36.5,36.5
ALCO,1989-07-07,36.5,36.5,35.88,36.5
ALCO,1989-07-10,36.0,36.0,36.0,36.0
ALCO,1989-07-11,36.5,36.5,36.5,36.5
ALCO,1989-07-12,36.5,36.5,35.25,36.5
ALCO,1989-07-13,36.5,36.5,36.5,36.5
ALCO,1989-07-14,35.5,35.5,35.5,35.5
ALCO,1989-07-17,35.5,36.5,35.25,36.5
ALCO,1989-07-18,36.5,36.5,36.5,36.5
ALCO,1989-07-19,36.5,36.5,36.5,36.5
ALCO,1989-07-20,35.25,35.25,35.25,35.25
ALCO,1989-07-21,35.25,36.5,35.25,35.25
ALCO,1989-07-24,35.25,36.25,35.25,36.0
ALCO,1989-07-25,36.0,36.25,35.25,35.38
ALCO,1989-07-26,35.38,35.5,35.25,35.5
ALCO,1989-07-27,35.25,35.25,35.25,35.25
ALCO,1989-07-28,35.25,36.5,35.25,36.5
ALCO,1989-07-31,36.5,36.5,35.25,35.25
ALCO,1989-08-01,35.25,36.0,35.25,35.25
ALCO,1989-08-02,35.25,36.5,35.25,36.5
ALCO,1989-08-03,36.5,36.5,35.75,35.75
ALCO,1989-08-04,35.38,35.38,35.25,35.25
ALCO,1989-08-07,35.25,35.25,35.25,35.25
ALCO,1989-08-08,35.25,36.5,35.25,35.25
ALCO,1989-08-09,35.25,36.25,35.25,35.25
ALCO,1989-08-10,35.25,36.25,35.25,35.25
ALCO,1989-08-11,35.25,35.25,35.25,35.25
ALCO,1989-08-14,35.25,36.0,35.0,35.12
ALCO,1989-08-15,35.5,35.75,35.5,35.75
ALCO,1989-08-16,35.25,35.25,35.0,35.0
ALCO,1989-08-17,35.0,35.0,35.0,35.0
ALCO,1989-08-18,35.0,35.0,35.0,35.0
ALCO,1989-08-21,35.0,35.75,35.0,35.75
ALCO,1989-08-22,35.75,35.75,35.0,35.75
ALCO,1989-08-23,35.75,36.0,35.0,36.0
ALCO,1989-08-24,36.0,36.0,35.25,36.0
ALCO,1989-08-25,36.0,36.0,35.25,35.25
ALCO,1989-08-28,35.25,35.25,35.25,35.25
ALCO,1989-08-29,35.0,35.0,35.0,35.0
ALCO,1989-08-30,35.0,35.0,35.0,35.0
ALCO,1989-08-31,35.0,35.0,35.0,35.0
ALCO,1989-09-01,35.0,36.0,35.0,36.0
ALCO,1989-09-05,35.0,35.0,35.0,35.0
ALCO,1989-09-06,35.0,35.12,35.0,35.0
ALCO,1989-09-07,35.0,35.75,35.0,35.12
ALCO,1989-09-08,35.12,35.5,34.5,35.0
ALCO,1989-09-11,34.5,34.5,34.5,34.5
ALCO,1989-09-12,34.5,34.5,34.5,34.5
ALCO,1989-09-13,34.5,35.5,34.5,35.5
ALCO,1989-09-14,35.5,35.5,34.5,35.5
ALCO,1989-09-15,35.5,35.5,34.5,35.5
ALCO,1989-09-18,34.75,34.75,34.5,34.5
ALCO,1989-09-19,34.5,34.75,34.5,34.62
ALCO,1989-09-20,34.62,35.5,34.25,35.25
ALCO,1989-09-21,35.25,35.5,35.0,35.0
ALCO,1989-09-22,35.0,36.5,35.0,35.88
ALCO,1989-09-25,35.5,35.5,35.5,35.5
ALCO,1989-09-26,35.5,35.5,35.5,35.5
ALCO,1989-09-27,35.5,36.5,35.5,35.5
ALCO,1989-09-28,35.5,36.25,35.5,36.25
ALCO,1989-09-29,36.25,36.25,35.0,35.62
ALCO,1989-10-02,35.62,35.62,35.62,35.62
ALCO,1989-10-03,35.75,36.25,35.75,35.75
ALCO,1989-10-04,35.75,35.75,34.75,34.75
ALCO,1989-10-05,34.75,36.0,34.75,34.75
ALCO,1989-10-06,34.75,34.75,34.75,34.75
ALCO,1989-10-09,34.75,36.0,34.25,36.0
ALCO,1989-10-10,36.0,36.0,35.0,36.0
ALCO,1989-10-11,35.75,35.75,34.25,34.25
ALCO,1989-10-12,34.25,35.0,33.75,34.25
ALCO,1989-10-13,34.25,35.0,34.0,34.0
ALCO,1989-10-16,34.0,34.5,32.5,34.5
ALCO,1989-10-17,32.5,32.5,32.5,32.5
ALCO,1989-10-18,32.5,32.5,32.5,32.5
ALCO,1989-10-19,32.5,32.5,32.5,32.5
ALCO,1989-10-20,32.5,34.0,32.5,34.0
ALCO,1989-10-23,34.0,34.0,32.5,32.5
ALCO,1989-10-24,33.0,33.38,33.0,33.38
ALCO,1989-10-25,34.5,34.5,34.5,34.5
ALCO,1989-10-26,34.5,34.5,34.5,34.5
ALCO,1989-10-27,34.5,34.5,32.5,32.75
ALCO,1989-10-30,32.5,32.5,32.5,32.5
ALCO,1989-10-31,32.5,32.5,32.5,32.5
ALCO,1989-11-01,32.5,32.5,32.5,32.5
ALCO,1989-11-02,32.5,32.5,32.5,32.5
ALCO,1989-11-03,34.5,34.5,34.5,34.5
ALCO,1989-11-06,32.75,32.75,32.25,32.38
ALCO,1989-11-07,32.38,34.0,32.25,33.0
ALCO,1989-11-08,32.5,32.5,32.25,32.5
ALCO,1989-11-09,32.5,32.62,32.5,32.62
ALCO,1989-11-10,32.5,32.5,32.5,32.5
ALCO,1989-11-13,32.5,33.5,32.25,32.75
ALCO,1989-11-14,32.75,33.0,32.25,32.5
ALCO,1989-11-15,32.5,32.5,32.25,32.5
ALCO,1989-11-16,32.5,32.5,32.25,32.25
ALCO,1989-11-17,32.25,32.75,31.5,31.5
ALCO,1989-11-20,31.5,32.38,31.5,32.38
ALCO,1989-11-21,31.5,31.5,31.5,31.5
ALCO,1989-11-22,31.5,32.5,31.5,31.5
ALCO,1989-11-24,31.5,32.5,31.5,31.5
ALCO,1989-11-27,31.5,32.25,31.25,31.25
ALCO,1989-11-28,31.25,31.25,31.25,31.25
ALCO,1989-11-29,31.25,32.0,30.75,30.75
ALCO,1989-11-30,31.0,31.0,31.0,31.0
ALCO,1989-12-01,30.75,30.75,30.5,30.5
ALCO,1989-12-04,30.5,31.75,30.5,30.5
ALCO,1989-12-05,30.5,31.75,30.25,30.5
ALCO,1989-12-06,30.5,31.5,30.25,31.5
ALCO,1989-12-07,31.5,31.5,30.25,30.5
ALCO,1989-12-08,30.5,31.0,30.0,31.0
ALCO,1989-12-11,31.0,31.0,30.25,30.25
ALCO,1989-12-12,30.25,31.0,30.0,31.0
ALCO,1989-12-13,31.0,31.0,30.25,31.0
ALCO,1989-12-14,31.0,31.0,31.0,31.0
ALCO,1989-12-15,31.0,31.0,30.25,30.25
ALCO,1989-12-18,30.25,30.75,29.75,29.75
ALCO,1989-12-19,29.75,30.5,29.75,30.25
ALCO,1989-12-20,30.0,30.0,29.62,29.62
ALCO,1989-12-21,29.62,30.25,29.5,29.5
ALCO,1989-12-22,29.5,29.75,29.5,29.5
ALCO,1989-12-26,29.5,30.5,29.25,30.5
ALCO,1989-12-27,30.5,30.5,30.0,30.25
ALCO,1989-12-28,29.5,29.5,29.25,29.5
ALCO,1989-12-29,29.5,30.5,29.5,30.5
ALCO,1990-01-02,30.25,30.25,29.25,29.25
ALCO,1990-01-03,29.25,30.0,29.0,29.5
ALCO,1990-01-04,29.5,29.5,29.0,29.0
ALCO,1990-01-05,29.5,31.5,29.5,29.75
ALCO,1990-01-08,29.75,31.25,29.75,31.25
ALCO,1990-01-09,31.25,31.25,29.5,29.75
ALCO,1990-01-10,29.75,30.5,29.5,30.5
ALCO,1990-01-11,30.5,30.5,30.5,30.5
ALCO,1990-01-12,29.75,29.75,29.5,29.75
ALCO,1990-01-15,29.75,29.75,29.75,29.75
ALCO,1990-01-16,29.75,30.25,29.5,29.5
ALCO,1990-01-17,29.5,30.5,29.5,30.5
ALCO,1990-01-18,30.0,30.0,29.5,29.5
ALCO,1990-01-19,29.5,29.5,28.5,28.5
ALCO,1990-01-22,28.5,29.75,28.5,29.75
ALCO,1990-01-23,29.75,29.75,29.0,29.0
ALCO,1990-01-24,29.0,29.12,28.25,29.0
ALCO,1990-01-25,29.0,29.5,28.25,29.5
ALCO,1990-01-26,28.25,28.25,28.25,28.25
ALCO,1990-01-29,28.5,29.25,28.5,28.5
ALCO,1990-01-30,28.25,28.25,28.25,28.25
ALCO,1990-01-31,28.5,30.0,28.5,28.5
ALCO,1990-02-01,28.5,28.75,28.5,28.5
ALCO,1990-02-02,28.5,28.5,28.5,28.5
ALCO,1990-02-05,28.5,29.0,28.5,28.75
ALCO,1990-02-06,28.75,29.5,28.5,29.5
ALCO,1990-02-07,29.5,29.5,29.0,29.5
ALCO,1990-02-08,29.5,29.5,29.5,29.5
ALCO,1990-02-09,29.5,30.25,28.5,28.5
ALCO,1990-02-12,28.5,28.5,28.5,28.5
ALCO,1990-02-13,28.5,28.5,28.5,28.5
ALCO,1990-02-14,28.5,28.5,28.5,28.5
ALCO,1990-02-15,28.5,28.5,28.5,28.5
ALCO,1990-02-16,28.5,28.5,28.5,28.5
ALCO,1990-02-20,28.5,28.5,28.5,28.5
ALCO,1990-02-21,28.5,29.25,28.5,28.5
ALCO,1990-02-22,28.5,29.5,28.5,28.5
ALCO,1990-02-23,28.5,29.0,28.25,29.0
ALCO,1990-02-26,29.0,29.0,29.0,29.0
ALCO,1990-02-27,29.0,29.5,28.25,29.5
ALCO,1990-02-28,29.5,29.5,29.5,29.5
ALCO,1990-03-01,29.5,31.5,29.25,31.25
ALCO,1990-03-02,31.25,32.0,30.25,31.5
ALCO,1990-03-05,31.5,32.0,30.5,30.5
ALCO,1990-03-06,31.75,32.25,31.75,32.0
ALCO,1990-03-07,32.0,32.0,32.0,32.0
ALCO,1990-03-08,31.0,31.0,31.0,31.0
ALCO,1990-03-09,31.0,32.25,31.0,31.0
ALCO,1990-03-12,31.0,32.0,31.0,32.0
ALCO,1990-03-13,31.38,31.38,31.0,31.38
ALCO,1990-03-14,31.0,31.0,31.0,31.0
ALCO,1990-03-15,31.0,31.0,31.0,31.0
ALCO,1990-03-16,31.0,31.0,31.0,31.0
ALCO,1990-03-19,31.0,31.0,31.0,31.0
ALCO,1990-03-20,32.0,32.0,32.0,32.0
ALCO,1990-03-21,31.5,31.5,31.0,31.5
ALCO,1990-03-22,31.5,31.5,31.5,31.5
ALCO,1990-03-23,31.0,31.0,30.75,30.75
ALCO,1990-03-26,30.75,32.0,30.75,30.75
ALCO,1990-03-27,32.0,32.0,31.0,31.0
ALCO,1990-03-28,31.0,31.0,31.0,31.0
ALCO,1990-03-29,30.5,31.5,30.5,30.75
ALCO,1990-03-30,31.5,31.5,30.0,31.5
ALCO,1990-04-02,31.5,31.5,31.5,31.5
ALCO,1990-04-03,31.5,31.5,31.5,31.5
ALCO,1990-04-04,31.5,31.5,30.0,30.0
ALCO,1990-04-05,30.0,30.5,29.5,30.0
ALCO,1990-04-06,28.5,28.5,28.5,28.5
ALCO,1990-04-09,30.0,30.0,28.5,28.5
ALCO,1990-04-10,28.5,28.62,28.5,28.5
ALCO,1990-04-11,28.0,28.25,28.0,28.25
ALCO,1990-04-12,28.75,29.0,28.0,29.0
ALCO,1990-04-16,28.0,29.0,28.0,29.0
ALCO,1990-04-17,29.0,29.0,28.0,28.5
ALCO,1990-04-18,28.5,28.5,28.5,28.5
ALCO,1990-04-19,28.25,28.5,28.25,28.5
ALCO,1990-04-20,28.5,28.5,28.0,28.5
ALCO,1990-04-23,28.0,28.0,28.0,28.0
ALCO,1990-04-24,27.75,28.0,27.75,28.0
ALCO,1990-04-25,27.75,27.75,27.75,27.75
ALCO,1990-04-26,28.5,28.5,27.62,27.75
ALCO,1990-04-27,27.5,27.5,27.5,27.5
ALCO,1990-04-30,28.5,28.5,27.5,27.5
ALCO,1990-05-01,27.5,28.5,27.5,28.5
ALCO,1990-05-02,28.5,28.5,27.5,28.5
ALCO,1990-05-03,28.25,31.5,27.5,31.0
ALCO,1990-05-04,31.5,32.5,31.0,31.0
ALCO,1990-05-07,32.0,32.0,29.5,29.5
ALCO,1990-05-08,29.0,30.25,29.0,29.25
ALCO,1990-05-09,29.0,30.0,29.0,29.0
ALCO,1990-05-10,29.0,29.0,29.0,29.0
ALCO,1990-05-11,30.25,30.25,29.0,29.0
ALCO,1990-05-14,30.25,30.25,30.0,30.0
ALCO,1990-05-15,29.0,30.0,29.0,30.0
ALCO,1990-05-16,30.0,30.25,30.0,30.25
ALCO,1990-05-17,29.0,29.25,29.0,29.25
ALCO,1990-05-18,28.88,29.0,28.75,29.0
ALCO,1990-05-21,29.0,29.0,28.5,28.5
ALCO,1990-05-22,28.5,30.0,28.5,28.75
ALCO,1990-05-23,29.0,29.0,29.0,29.0
ALCO,1990-05-24,28.75,29.0,28.5,28.5
ALCO,1990-05-25,29.0,29.0,28.5,28.75
ALCO,1990-05-29,28.5,28.5,28.5,28.5
ALCO,1990-05-30,28.5,30.0,28.5,28.5
ALCO,1990-05-31,28.5,28.75,28.5,28.75
ALCO,1990-06-01,28.5,28.75,28.5,28.75
ALCO,1990-06-04,28.5,28.75,28.5,28.5
ALCO,1990-06-05,28.62,28.62,28.5,28.5
ALCO,1990-06-06,28.5,30.0,28.5,30.0
ALCO,1990-06-07,28.5,28.75,28.5,28.5
ALCO,1990-06-08,28.62,28.62,28.62,28.62
ALCO,1990-06-11,28.62,28.62,28.62,28.62
ALCO,1990-06-12,28.5,30.0,28.5,30.0
ALCO,1990-06-13,30.5,30.5,30.5,30.5
ALCO,1990-06-14,30.5,30.5,30.5,30.5
ALCO,1990-06-15,29.0,29.0,28.5,28.5
ALCO,1990-06-18,28.5,28.5,28.5,28.5
ALCO,1990-06-19,28.5,28.5,28.5,28.5
ALCO,1990-06-20,28.5,30.0,28.5,28.75
ALCO,1990-06-21,28.5,28.5,28.5,28.5
ALCO,1990-06-22,29.0,29.5,29.0,29.5
ALCO,1990-06-25,29.5,29.5,29.5,29.5
ALCO,1990-06-26,28.5,28.5,28.5,28.5
ALCO,1990-06-27,29.0,29.0,29.0,29.0
ALCO,1990-06-28,28.5,28.75,28.5,28.75
ALCO,1990-06-29,29.5,29.5,28.62,28.62
ALCO,1990-07-02,28.25,28.25,28.25,28.25
ALCO,1990-07-03,28.25,29.25,28.25,29.25
ALCO,1990-07-05,29.25,29.25,28.25,29.0
ALCO,1990-07-06,29.0,29.0,29.0,29.0
ALCO,1990-07-09,28.25,28.25,28.25,28.25
ALCO,1990-07-10,29.25,29.25,29.25,29.25
ALCO,1990-07-11,29.25,29.25,28.25,28.5
ALCO,1990-07-12,28.25,29.25,28.25,29.25
ALCO,1990-07-13,28.25,28.75,28.25,28.75
ALCO,1990-07-16,28.75,28.75,28.75,28.75
ALCO,1990-07-17,28.25,28.5,28.25,28.5
ALCO,1990-07-18,28.25,28.25,28.25,28.25
ALCO,1990-07-19,28.25,28.25,28.25,28.25
ALCO,1990-07-20,28.25,28.25,28.25,28.25
ALCO,1990-07-23,28.25,28.5,28.25,28.5
ALCO,1990-07-24,29.0,29.0,28.25,28.5
ALCO,1990-07-25,29.0,29.0,28.25,28.25
ALCO,1990-07-26,29.0,29.0,28.25,28.25
ALCO,1990-07-27,28.25,28.5,28.25,28.25
ALCO,1990-07-30,29.0,29.0,28.25,28.25
ALCO,1990-07-31,28.25,28.5,28.25,28.5
ALCO,1990-08-01,28.25,28.25,28.25,28.25
ALCO,1990-08-02,29.0,29.0,28.25,28.5
ALCO,1990-08-03,28.25,28.5,28.25,28.5
ALCO,1990-08-06,27.5,27.5,27.5,27.5
ALCO,1990-08-07,28.25,28.25,27.5,28.0
ALCO,1990-08-08,27.5,28.5,27.5,28.25
ALCO,1990-08-09,28.5,28.75,28.25,28.62
ALCO,1990-08-10,28.0,28.12,27.5,27.5
ALCO,1990-08-13,27.25,28.0,27.25,27.5
ALCO,1990-08-14,28.5,28.5,27.0,28.5
ALCO,1990-08-15,28.0,28.0,27.0,27.0
ALCO,1990-08-16,27.0,27.0,27.0,27.0
ALCO,1990-08-17,27.0,27.5,26.5,27.0
ALCO,1990-08-20,26.25,26.25,25.75,26.25
ALCO,1990-08-21,25.75,26.5,25.0,25.75
ALCO,1990-08-22,25.0,25.0,24.0,24.0
ALCO,1990-08-23,24.0,24.25,23.25,23.5
ALCO,1990-08-24,23.5,23.5,23.0,23.25
ALCO,1990-08-27,23.75,24.25,23.0,24.25
ALCO,1990-08-28,24.25,24.25,24.25,24.25
ALCO,1990-08-29,23.0,23.12,23.0,23.12
ALCO,1990-08-30,23.75,23.75,23.0,23.0
ALCO,1990-08-31,23.0,23.12,23.0,23.12
ALCO,1990-09-04,23.12,23.12,23.12,23.12
ALCO,1990-09-05,23.5,23.5,23.0,23.5
ALCO,1990-09-06,23.5,23.5,22.88,23.0
ALCO,1990-09-07,23.0,24.0,23.0,23.75
ALCO,1990-09-10,23.75,23.75,23.75,23.75
ALCO,1990-09-11,23.75,23.75,23.75,23.75
ALCO,1990-09-12,23.75,23.75,23.75,23.75
ALCO,1990-09-13,23.5,24.0,23.5,24.0
ALCO,1990-09-14,23.25,23.5,23.25,23.5
ALCO,1990-09-17,23.0,23.25,23.0,23.25
ALCO,1990-09-18,23.25,23.25,23.25,23.25
ALCO,1990-09-19,23.25,23.25,23.25,23.25
ALCO,1990-09-20,23.0,23.0,23.0,23.0
ALCO,1990-09-21,24.0,24.0,24.0,24.0
ALCO,1990-09-24,22.75,23.25,22.0,23.0
ALCO,1990-09-25,22.25,22.25,22.0,22.0
ALCO,1990-09-26,22.0,23.0,22.0,22.12
ALCO,1990-09-27,22.0,22.5,20.5,20.5
ALCO,1990-09-28,20.5,21.0,20.25,20.25
ALCO,1990-10-01,21.0,21.0,21.0,21.0
ALCO,1990-10-02,20.0,21.0,20.0,21.0
ALCO,1990-10-03,21.0,21.0,20.0,20.25
ALCO,1990-10-04,20.0,20.25,20.0,20.25
ALCO,1990-10-05,20.25,20.25,20.25,20.25
ALCO,1990-10-08,20.25,20.25,20.25,20.25
ALCO,1990-10-09,20.75,20.75,19.75,19.75
ALCO,1990-10-10,19.75,20.25,19.75,19.75
ALCO,1990-10-11,19.88,20.75,19.88,20.75
ALCO,1990-10-12,20.75,20.75,20.75,20.75
ALCO,1990-10-15,19.75,19.75,19.75,19.75
ALCO,1990-10-16,19.75,20.0,19.62,20.0
ALCO,1990-10-17,20.75,20.75,19.88,20.0
ALCO,1990-10-18,20.75,20.75,20.75,20.75
ALCO,1990-10-19,19.75,20.75,19.75,20.75
ALCO,1990-10-22,19.75,20.0,19.75,20.0
ALCO,1990-10-23,19.75,19.75,19.75,19.75
ALCO,1990-10-24,19.75,20.25,19.75,20.0
ALCO,1990-10-25,20.0,20.0,20.0,20.0
ALCO,1990-10-26,19.75,20.0,19.75,19.75
ALCO,1990-10-29,19.75,21.0,19.75,20.0
ALCO,1990-10-30,19.75,20.0,19.25,19.5
ALCO,1990-10-31,19.0,19.5,19.0,19.5
ALCO,1990-11-01,19.5,19.5,19.5,19.5
ALCO,1990-11-02,19.5,19.5,19.5,19.5
ALCO,1990-11-05,19.5,19.5,18.5,18.75
ALCO,1990-11-06,18.75,18.75,18.75,18.75
ALCO,1990-11-07,18.25,19.5,18.0,18.5
ALCO,1990-11-08,18.0,18.0,18.0,18.0
ALCO,1990-11-09,18.0,18.0,18.0,18.0
ALCO,1990-11-12,19.5,19.5,19.25,19.25
ALCO,1990-11-13,19.25,19.25,19.25,19.25
ALCO,1990-11-14,19.25,19.25,19.25,19.25
ALCO,1990-11-15,18.0,19.25,18.0,18.0
ALCO,1990-11-16,19.5,19.5,18.0,18.75
ALCO,1990-11-19,19.5,19.5,18.0,18.0
ALCO,1990-11-20,18.0,18.0,18.0,18.0
ALCO,1990-11-21,18.25,18.75,18.0,18.25
ALCO,1990-11-23,17.75,18.5,17.75,17.75
ALCO,1990-11-26,18.0,18.0,18.0,18.0
ALCO,1990-11-27,17.5,18.5,17.5,18.5
ALCO,1990-11-28,17.5,19.25,17.5,18.5
ALCO,1990-11-29,19.25,19.25,19.25,19.25
ALCO,1990-11-30,18.5,18.5,18.5,18.5
ALCO,1990-12-03,19.5,19.75,18.5,18.75
ALCO,1990-12-04,18.75,18.75,18.75,18.75
ALCO,1990-12-05,18.75,18.75,18.75,18.75
ALCO,1990-12-06,18.75,18.75,18.75,18.75
ALCO,1990-12-07,18.75,18.75,18.75,18.75
ALCO,1990-12-10,18.75,18.75,18.75,18.75
ALCO,1990-12-11,18.75,20.0,18.75,20.0
ALCO,1990-12-12,20.0,20.0,20.0,20.0
ALCO,1990-12-13,20.0,20.0,20.0,20.0
ALCO,1990-12-14,18.75,19.0,18.75,19.0
ALCO,1990-12-17,18.75,19.25,18.75,19.25
ALCO,1990-12-18,18.75,19.0,18.75,18.75
ALCO,1990-12-19,20.0,20.0,18.75,18.75
ALCO,1990-12-20,20.0,20.0,18.75,18.75
ALCO,1990-12-21,18.75,19.0,18.75,18.75
ALCO,1990-12-24,18.75,18.75,18.75,18.75
ALCO,1990-12-26,18.75,18.75,18.75,18.75
ALCO,1990-12-27,18.75,19.0,18.75,19.0
ALCO,1990-12-28,20.0,20.0,19.0,19.0
ALCO,1990-12-31,18.75,19.38,18.75,18.75
ALCO,1991-01-02,18.75,19.5,18.75,18.75
ALCO,1991-01-03,18.75,18.75,18.75,18.75
ALCO,1991-01-04,18.75,19.75,18.75,19.25
ALCO,1991-01-07,18.75,19.25,18.75,19.0
ALCO,1991-01-08,18.75,18.88,18.75,18.75
ALCO,1991-01-09,18.5,19.25,18.5,19.25
ALCO,1991-01-10,19.25,19.25,19.25,19.25
ALCO,1991-01-11,19.25,19.25,19.25,19.25
ALCO,1991-01-14,18.12,18.5,18.0,18.5
ALCO,1991-01-15,19.0,19.0,19.0,19.0
ALCO,1991-01-16,19.0,19.0,19.0,19.0
ALCO,1991-01-17,19.0,19.0,19.0,19.0
ALCO,1991-01-18,18.0,19.0,18.0,19.0
ALCO,1991-01-21,19.12,19.25,19.12,19.25
ALCO,1991-01-22,19.0,19.0,19.0,19.0
ALCO,1991-01-23,18.0,18.0,18.0,18.0
ALCO,1991-01-24,19.25,19.25,19.0,19.0
ALCO,1991-01-25,19.5,19.5,19.5,19.5
ALCO,1991-01-28,19.0,19.0,19.0,19.0
ALCO,1991-01-29,19.0,19.0,19.0,19.0
ALCO,1991-01-30,19.5,19.5,19.0,19.0
ALCO,1991-01-31,19.5,19.5,18.0,18.0
ALCO,1991-02-01,18.0,18.0,18.0,18.0
ALCO,1991-02-04,19.5,19.5,19.5,19.5
ALCO,1991-02-05,19.75,19.75,19.75,19.75
ALCO,1991-02-06,18.0,19.75,18.0,19.0
ALCO,1991-02-07,19.75,20.0,18.5,20.0
ALCO,1991-02-08,20.0,20.0,20.0,20.0
ALCO,1991-02-11,18.5,21.0,18.5,21.0
ALCO,1991-02-12,20.0,21.5,20.0,21.5
ALCO,1991-02-13,22.0,23.0,22.0,23.0
ALCO,1991-02-14,23.0,23.0,23.0,23.0
ALCO,1991-02-15,21.5,23.0,21.5,23.0
ALCO,1991-02-19,23.0,23.0,23.0,23.0
ALCO,1991-02-20,23.0,23.25,23.0,23.25
ALCO,1991-02-21,23.0,23.0,22.0,22.5
ALCO,1991-02-22,22.5,22.5,22.5,22.5
ALCO,1991-02-25,22.5,23.0,22.5,22.62
ALCO,1991-02-26,22.75,24.0,22.75,23.25
ALCO,1991-02-27,22.75,22.75,22.75,22.75
ALCO,1991-02-28,22.5,22.5,22.5,22.5
ALCO,1991-03-01,22.5,22.5,22.5,22.5
ALCO,1991-03-04,22.5,22.5,22.5,22.5
ALCO,1991-03-05,22.5,24.0,22.5,23.0
ALCO,1991-03-06,23.5,23.5,23.5,23.5
ALCO,1991-03-07,22.5,22.75,22.5,22.75
ALCO,1991-03-08,22.5,23.12,22.5,22.75
ALCO,1991-03-11,22.75,22.75,22.75,22.75
ALCO,1991-03-12,22.5,22.5,22.5,22.5
ALCO,1991-03-13,22.5,22.5,22.5,22.5
ALCO,1991-03-14,24.0,24.0,23.0,23.0
ALCO,1991-03-15,22.5,22.5,22.5,22.5
ALCO,1991-03-18,22.5,24.25,22.5,24.25
ALCO,1991-03-19,24.25,24.25,22.5,23.0
ALCO,1991-03-20,23.0,23.0,23.0,23.0
ALCO,1991-03-21,22.5,22.5,22.5,22.5
ALCO,1991-03-22,22.5,24.0,22.5,22.5
ALCO,1991-03-25,22.5,22.62,22.5,22.5
ALCO,1991-03-26,22.5,22.5,22.5,22.5
ALCO,1991-03-27,22.5,22.5,22.5,22.5
ALCO,1991-03-28,22.5,24.25,22.5,22.5
ALCO,1991-04-01,23.62,23.62,23.62,23.62
ALCO,1991-04-02,22.25,22.25,22.25,22.25
ALCO,1991-04-03,22.25,22.25,22.25,22.25
ALCO,1991-04-04,23.25,23.5,23.25,23.5
ALCO,1991-04-05,23.5,23.5,23.5,23.5
ALCO,1991-04-08,22.25,23.5,22.25,22.5
ALCO,1991-04-09,22.25,22.38,22.25,22.25
ALCO,1991-04-10,22.0,22.12,22.0,22.0
ALCO,1991-04-11,21.5,22.0,21.5,22.0
ALCO,1991-04-12,21.75,21.75,21.75,21.75
ALCO,1991-04-15,22.5,23.25,22.5,23.25
ALCO,1991-04-16,22.25,22.25,22.25,22.25
ALCO,1991-04-17,22.25,22.25,22.25,22.25
ALCO,1991-04-18,22.25,22.25,22.25,22.25
ALCO,1991-04-19,22.25,22.25,22.25,22.25
ALCO,1991-04-22,23.0,23.0,21.0,21.0
ALCO,1991-04-23,22.25,22.5,21.75,21.75
ALCO,1991-04-24,21.75,21.75,21.75,21.75
ALCO,1991-04-25,22.5,22.5,21.25,21.5
ALCO,1991-04-26,21.0,21.0,21.0,21.0
ALCO,1991-04-29,21.0,21.0,21.0,21.0
ALCO,1991-04-30,21.0,21.0,21.0,21.0
ALCO,1991-05-01,21.0,21.0,21.0,21.0
ALCO,1991-05-02,21.0,22.0,21.0,22.0
ALCO,1991-05-03,21.0,22.0,21.0,21.25
ALCO,1991-05-06,21.0,22.0,21.0,21.25
ALCO,1991-05-07,21.25,22.0,21.0,21.25
ALCO,1991-05-08,21.5,21.5,21.0,21.5
ALCO,1991-05-09,22.0,22.0,22.0,22.0
ALCO,1991-05-10,21.0,21.5,21.0,21.5
ALCO,1991-05-13,21.5,21.5,21.5,21.5
ALCO,1991-05-14,21.5,21.5,21.5,21.5
ALCO,1991-05-15,21.0,21.25,21.0,21.25
ALCO,1991-05-16,21.0,21.0,21.0,21.0
ALCO,1991-05-17,21.0,21.0,21.0,21.0
ALCO,1991-05-20,22.0,22.0,22.0,22.0
ALCO,1991-05-21,21.0,22.0,21.0,22.0
ALCO,1991-05-22,21.0,21.25,21.0,21.0
ALCO,1991-05-23,21.0,21.25,21.0,21.0
ALCO,1991-05-24,21.0,21.25,21.0,21.25
ALCO,1991-05-28,20.75,22.0,20.75,22.0
ALCO,1991-05-29,22.0,22.0,22.0,22.0
ALCO,1991-05-30,22.0,22.0,22.0,22.0
ALCO,1991-05-31,22.0,22.0,22.0,22.0
ALCO,1991-06-03,22.0,22.0,22.0,22.0
ALCO,1991-06-04,22.0,22.0,22.0,22.0
ALCO,1991-06-05,20.75,22.0,20.75,20.75
ALCO,1991-06-06,20.75,21.25,20.75,21.25
ALCO,1991-06-07,21.25,21.25,20.75,20.75
ALCO,1991-06-10,20.75,20.75,20.75,20.75
ALCO,1991-06-11,20.88,22.0,20.75,20.75
ALCO,1991-06-12,20.75,20.75,20.75,20.75
ALCO,1991-06-13,20.75,22.0,20.75,21.25
ALCO,1991-06-14,22.0,22.0,22.0,22.0
ALCO,1991-06-17,22.0,22.0,22.0,22.0
ALCO,1991-06-18,22.0,22.0,20.75,22.0
ALCO,1991-06-19,20.75,22.0,20.75,22.0
ALCO,1991-06-20,20.75,20.75,20.75,20.75
ALCO,1991-06-21,20.75,21.0,20.75,21.0
ALCO,1991-06-24,21.0,21.0,21.0,21.0
ALCO,1991-06-25,20.75,22.0,20.75,22.0
ALCO,1991-06-26,22.0,22.0,22.0,22.0
ALCO,1991-06-27,22.0,22.0,22.0,22.0
ALCO,1991-06-28,20.5,20.75,20.5,20.75
ALCO,1991-07-01,20.75,20.75,20.75,20.75
ALCO,1991-07-02,20.75,20.75,20.75,20.75
ALCO,1991-07-03,22.0,22.0,22.0,22.0
ALCO,1991-07-05,20.5,20.5,20.5,20.5
ALCO,1991-07-08,20.5,22.0,20.5,20.75
ALCO,1991-07-09,20.75,20.75,20.75,20.75
ALCO,1991-07-10,22.0,22.0,20.5,20.5
ALCO,1991-07-11,20.25,20.75,20.25,20.75
ALCO,1991-07-12,20.25,20.75,20.25,20.75
ALCO,1991-07-15,20.75,20.75,20.75,20.75
ALCO,1991-07-16,20.75,20.75,20.75,20.75
ALCO,1991-07-17,20.75,20.75,20.75,20.75
ALCO,1991-07-18,20.25,20.25,20.25,20.25
ALCO,1991-07-19,20.25,21.0,20.25,20.75
ALCO,1991-07-22,20.25,20.25,20.25,20.25
ALCO,1991-07-23,20.25,20.25,20.25,20.25
ALCO,1991-07-24,20.25,20.25,20.25,20.25
ALCO,1991-07-25,20.25,20.5,20.25,20.5
ALCO,1991-07-26,20.5,20.5,20.5,20.5
ALCO,1991-07-29,20.25,20.25,20.25,20.25
ALCO,1991-07-30,20.25,20.25,20.25,20.25
ALCO,1991-07-31,20.25,20.25,20.25,20.25
ALCO,1991-08-01,22.0,22.0,20.25,20.25
ALCO,1991-08-02,21.25,22.0,21.25,22.0
ALCO,1991-08-05,22.0,22.0,20.25,20.25
ALCO,1991-08-06,20.25,21.62,20.25,21.5
ALCO,1991-08-07,20.75,21.25,20.25,21.25
ALCO,1991-08-08,21.25,21.25,21.25,21.25
ALCO,1991-08-09,20.25,22.0,20.25,22.0
ALCO,1991-08-12,21.0,22.0,21.0,21.0
ALCO,1991-08-13,21.75,22.5,21.75,22.0
ALCO,1991-08-14,22.0,22.0,22.0,22.0
ALCO,1991-08-15,22.0,22.0,22.0,22.0
ALCO,1991-08-16,22.5,22.5,22.0,22.0
ALCO,1991-08-19,22.0,22.0,22.0,22.0
ALCO,1991-08-20,24.0,24.0,23.0,23.0
ALCO,1991-08-21,22.25,22.25,22.25,22.25
ALCO,1991-08-22,23.0,23.0,22.25,22.25
ALCO,1991-08-23,22.5,23.0,22.5,22.75
ALCO,1991-08-26,23.75,23.75,22.5,22.5
ALCO,1991-08-27,23.25,23.25,22.5,22.5
ALCO,1991-08-28,22.5,22.5,22.5,22.5
ALCO,1991-08-29,22.0,22.5,22.0,22.5
ALCO,1991-08-30,23.75,23.75,23.75,23.75
ALCO,1991-09-03,23.75,23.75,23.75,23.75
ALCO,1991-09-04,23.75,23.75,23.75,23.75
ALCO,1991-09-05,23.75,23.75,23.75,23.75
ALCO,1991-09-06,21.75,21.75,21.75,21.75
ALCO,1991-09-09,23.75,23.75,21.75,22.5
ALCO,1991-09-10,22.5,22.5,22.5,22.5
ALCO,1991-09-11,21.75,22.75,21.75,22.25
ALCO,1991-09-12,21.75,22.5,21.75,22.5
ALCO,1991-09-13,21.75,22.0,21.75,22.0
ALCO,1991-09-16,23.0,23.0,21.25,21.25
ALCO,1991-09-17,21.25,22.0,21.25,22.0
ALCO,1991-09-18,21.0,21.0,21.0,21.0
ALCO,1991-09-19,21.0,21.0,21.0,21.0
ALCO,1991-09-20,22.75,22.75,21.0,21.75
ALCO,1991-09-23,21.75,21.75,21.75,21.75
ALCO,1991-09-24,21.0,22.25,21.0,21.0
ALCO,1991-09-25,20.5,20.5,20.5,20.5
ALCO,1991-09-26,21.75,21.75,21.75,21.75
ALCO,1991-09-27,21.75,21.75,21.75,21.75
ALCO,1991-09-30,21.75,21.75,21.75,21.75
ALCO,1991-10-01,21.12,21.5,21.0,21.0
ALCO,1991-10-02,21.0,21.0,21.0,21.0
ALCO,1991-10-03,21.0,21.0,21.0,21.0
ALCO,1991-10-04,20.0,20.5,20.0,20.0
ALCO,1991-10-07,22.0,22.0,22.0,22.0
ALCO,1991-10-08,20.0,20.0,20.0,20.0
ALCO,1991-10-09,20.0,20.0,20.0,20.0
ALCO,1991-10-10,20.0,20.0,20.0,20.0
ALCO,1991-10-11,20.0,20.0,20.0,20.0
ALCO,1991-10-14,21.5,21.5,21.5,21.5
ALCO,1991-10-15,20.0,20.0,20.0,20.0
ALCO,1991-10-16,20.0,21.5,20.0,20.0
ALCO,1991-10-17,21.0,21.0,20.0,20.0
ALCO,1991-10-18,20.0,20.0,20.0,20.0
ALCO,1991-10-21,20.12,20.12,20.0,20.0
ALCO,1991-10-22,20.0,21.0,20.0,20.25
ALCO,1991-10-23,21.5,21.5,20.0,20.0
ALCO,1991-10-24,20.0,20.0,20.0,20.0
ALCO,1991-10-25,20.0,20.12,20.0,20.12
ALCO,1991-10-28,20.0,20.0,20.0,20.0
ALCO,1991-10-29,20.0,20.25,20.0,20.0
ALCO,1991-10-30,20.0,20.0,20.0,20.0
ALCO,1991-10-31,20.0,20.0,20.0,20.0
ALCO,1991-11-01,20.0,20.0,20.0,20.0
ALCO,1991-11-04,20.38,20.75,20.38,20.75
ALCO,1991-11-05,20.0,20.0,20.0,20.0
ALCO,1991-11-06,20.0,20.0,20.0,20.0
ALCO,1991-11-07,20.0,21.5,20.0,21.5
ALCO,1991-11-08,20.0,20.0,20.0,20.0
ALCO,1991-11-11,20.0,20.0,20.0,20.0
ALCO,1991-11-12,20.0,20.0,20.0,20.0
ALCO,1991-11-13,20.0,20.0,20.0,20.0
ALCO,1991-11-14,20.0,20.0,20.0,20.0
ALCO,1991-11-15,20.5,20.5,20.5,20.5
ALCO,1991-11-18,20.5,20.5,20.5,20.5
ALCO,1991-11-19,20.5,20.5,20.5,20.5
ALCO,1991-11-20,19.75,20.5,19.75,20.5
ALCO,1991-11-21,20.5,20.5,20.5,20.5
ALCO,1991-11-22,19.75,19.75,19.75,19.75
ALCO,1991-11-25,19.75,21.5,19.75,20.25
ALCO,1991-11-26,19.75,21.5,19.75,21.25
ALCO,1991-11-27,21.25,21.25,20.0,20.75
ALCO,1991-11-29,21.25,21.25,20.0,21.25
ALCO,1991-12-02,21.25,21.5,21.25,21.5
ALCO,1991-12-03,21.5,21.5,21.5,21.5
ALCO,1991-12-04,20.75,21.5,20.5,21.0
ALCO,1991-12-05,21.5,21.5,20.5,21.5
ALCO,1991-12-06,20.5,21.5,20.5,20.5
ALCO,1991-12-09,22.0,22.0,20.75,21.5
ALCO,1991-12-10,22.25,22.25,21.38,22.0
ALCO,1991-12-11,21.75,22.75,21.75,22.75
ALCO,1991-12-12,22.0,22.75,22.0,22.0
ALCO,1991-12-13,22.0,22.0,22.0,22.0
ALCO,1991-12-16,22.0,22.0,22.0,22.0
ALCO,1991-12-17,22.12,22.75,22.12,22.75
ALCO,1991-12-18,21.75,22.0,21.5,22.0
ALCO,1991-12-19,21.0,21.5,21.0,21.5
ALCO,1991-12-20,21.5,21.5,21.5,21.5
ALCO,1991-12-23,21.0,21.0,21.0,21.0
ALCO,1991-12-24,21.5,22.5,21.25,22.5
ALCO,1991-12-26,22.5,22.5,21.5,22.25
ALCO,1991-12-27,21.25,21.25,21.25,21.25
ALCO,1991-12-30,21.5,21.75,21.25,21.5
ALCO,1991-12-31,21.5,22.5,21.5,21.5
ALCO,1992-01-02,21.5,21.5,21.5,21.5
ALCO,1992-01-03,22.5,22.5,21.75,22.0
ALCO,1992-01-06,22.0,22.0,22.0,22.0
ALCO,1992-01-07,22.0,22.5,22.0,22.5
ALCO,1992-01-08,22.0,22.75,22.0,22.75
ALCO,1992-01-09,22.0,22.75,22.0,22.75
ALCO,1992-01-10,22.75,22.75,22.0,22.0
ALCO,1992-01-13,22.0,22.0,22.0,22.0
ALCO,1992-01-14,22.0,22.25,22.0,22.25
ALCO,1992-01-15,22.25,22.5,22.25,22.25
ALCO,1992-01-16,22.25,22.25,22.25,22.25
ALCO,1992-01-17,22.0,22.5,22.0,22.5
ALCO,1992-01-20,22.0,22.0,22.0,22.0
ALCO,1992-01-21,22.0,22.25,22.0,22.25
ALCO,1992-01-22,22.75,22.75,22.0,22.0
ALCO,1992-01-23,22.75,22.75,22.0,22.0
ALCO,1992-01-24,22.0,22.0,22.0,22.0
ALCO,1992-01-27,22.75,22.75,22.0,22.5
ALCO,1992-01-28,22.75,22.75,22.75,22.75
ALCO,1992-01-29,22.75,22.75,22.0,22.0
ALCO,1992-01-30,22.0,22.5,22.0,22.5
ALCO,1992-01-31,22.5,22.5,22.5,22.5
ALCO,1992-02-03,22.38,22.38,22.38,22.38
ALCO,1992-02-04,22.0,22.5,22.0,22.5
ALCO,1992-02-05,22.75,22.75,22.75,22.75
ALCO,1992-02-06,22.25,23.25,22.25,23.25
ALCO,1992-02-07,23.75,23.75,22.5,23.75
ALCO,1992-02-10,23.0,23.0,23.0,23.0
ALCO,1992-02-11,22.25,23.75,22.25,23.75
ALCO,1992-02-12,22.5,24.25,22.5,24.0
ALCO,1992-02-13,24.25,24.25,24.25,24.25
ALCO,1992-02-14,24.25,24.25,24.25,24.25
ALCO,1992-02-18,27.0,28.0,25.75,26.5
ALCO,1992-02-19,28.0,28.0,26.5,27.75
ALCO,1992-02-20,26.5,27.75,26.5,27.0
ALCO,1992-02-21,26.25,27.75,26.25,26.88
ALCO,1992-02-24,27.75,27.75,26.25,26.25
ALCO,1992-02-25,26.25,26.25,26.25,26.25
ALCO,1992-02-26,26.0,27.5,26.0,27.5
ALCO,1992-02-27,27.5,27.5,26.25,26.25
ALCO,1992-02-28,27.5,27.5,26.25,26.25
ALCO,1992-03-02,27.25,27.25,27.25,27.25
ALCO,1992-03-03,26.25,26.5,26.0,26.0
ALCO,1992-03-04,26.0,26.0,26.0,26.0
ALCO,1992-03-05,26.5,27.0,26.0,27.0
ALCO,1992-03-06,26.0,26.38,26.0,26.38
ALCO,1992-03-09,26.0,26.0,26.0,26.0
ALCO,1992-03-10,26.0,26.0,26.0,26.0
ALCO,1992-03-11,25.75,27.0,25.75,27.0
ALCO,1992-03-12,25.25,26.88,25.25,25.25
ALCO,1992-03-13,25.25,25.25,25.25,25.25
ALCO,1992-03-16,26.0,26.5,26.0,26.5
ALCO,1992-03-17,25.0,26.0,25.0,25.0
ALCO,1992-03-18,26.0,26.0,25.88,26.0
ALCO,1992-03-19,25.0,25.25,24.62,25.25
ALCO,1992-03-20,24.75,25.0,24.75,24.75
ALCO,1992-03-23,24.5,24.5,24.5,24.5
ALCO,1992-03-24,26.0,26.0,24.5,24.5
ALCO,1992-03-25,24.5,24.5,24.5,24.5
ALCO,1992-03-26,25.0,26.0,25.0,26.0
ALCO,1992-03-27,26.0,26.0,25.5,25.5
ALCO,1992-03-30,24.5,25.5,24.5,25.5
ALCO,1992-03-31,24.88,25.5,24.5,25.5
ALCO,1992-04-01,25.5,25.5,24.5,25.25
ALCO,1992-04-02,25.25,25.25,25.25,25.25
ALCO,1992-04-03,24.5,24.5,24.5,24.5
ALCO,1992-04-06,24.5,24.5,24.5,24.5
ALCO,1992-04-07,24.5,24.5,24.5,24.5
ALCO,1992-04-08,24.5,25.5,24.5,24.75
ALCO,1992-04-09,25.5,25.5,25.5,25.5
ALCO,1992-04-10,24.5,24.5,24.5,24.5
ALCO,1992-04-13,24.5,24.5,24.5,24.5
ALCO,1992-04-14,24.5,24.5,24.5,24.5
ALCO,1992-04-15,25.5,25.5,25.5,25.5
ALCO,1992-04-16,25.0,25.0,24.5,24.5
ALCO,1992-04-20,24.5,24.5,24.5,24.5
ALCO,1992-04-21,25.5,25.5,24.5,24.5
ALCO,1992-04-22,24.5,24.5,24.5,24.5
ALCO,1992-04-23,24.62,24.62,24.62,24.62
ALCO,1992-04-24,25.25,25.25,24.5,24.5
ALCO,1992-04-27,24.5,24.5,24.5,24.5
ALCO,1992-04-28,24.5,24.5,24.5,24.5
ALCO,1992-04-29,25.25,25.25,25.25,25.25
ALCO,1992-04-30,24.75,24.75,24.25,24.25
ALCO,1992-05-01,25.0,25.0,25.0,25.0
ALCO,1992-05-04,24.25,24.25,24.25,24.25
ALCO,1992-05-05,25.0,25.0,24.25,24.25
ALCO,1992-05-06,23.5,23.5,23.0,23.0
ALCO,1992-05-07,23.0,23.0,23.0,23.0
ALCO,1992-05-08,23.0,23.0,23.0,23.0
ALCO,1992-05-11,23.0,23.5,23.0,23.0
ALCO,1992-05-12,23.0,24.0,22.75,23.75
ALCO,1992-05-13,23.5,23.5,23.5,23.5
ALCO,1992-05-14,23.5,23.5,21.5,21.5
ALCO,1992-05-15,22.25,22.25,20.5,20.5
ALCO,1992-05-18,22.25,22.25,21.0,22.25
ALCO,1992-05-19,21.12,22.5,21.12,22.5
ALCO,1992-05-20,21.5,21.88,21.0,21.0
ALCO,1992-05-21,21.0,21.38,21.0,21.12
ALCO,1992-05-22,21.75,21.75,21.0,21.0
ALCO,1992-05-26,21.0,21.0,21.0,21.0
ALCO,1992-05-27,22.5,22.5,21.0,21.0
ALCO,1992-05-28,22.5,22.5,22.5,22.5
ALCO,1992-05-29,21.5,21.5,21.0,21.0
ALCO,1992-06-01,22.5,22.5,22.5,22.5
ALCO,1992-06-02,22.5,22.5,22.5,22.5
ALCO,1992-06-03,21.0,22.25,21.0,21.0
ALCO,1992-06-04,21.0,21.0,21.0,21.0
ALCO,1992-06-05,21.5,21.5,21.5,21.5
ALCO,1992-06-08,23.0,23.0,23.0,23.0
ALCO,1992-06-09,23.0,23.0,23.0,23.0
ALCO,1992-06-10,23.0,23.0,23.0,23.0
ALCO,1992-06-11,23.0,23.0,23.0,23.0
ALCO,1992-06-12,23.0,23.0,23.0,23.0
ALCO,1992-06-15,21.5,21.5,21.5,21.5
ALCO,1992-06-16,21.5,22.5,21.5,21.5
ALCO,1992-06-17,22.75,22.75,21.5,22.0
ALCO,1992-06-18,22.0,22.0,22.0,22.0
ALCO,1992-06-19,22.5,22.5,22.5,22.5
ALCO,1992-06-22,22.5,22.5,22.5,22.5
ALCO,1992-06-23,22.0,22.0,22.0,22.0
ALCO,1992-06-24,21.5,21.5,21.5,21.5
ALCO,1992-06-25,21.5,21.5,21.5,21.5
ALCO,1992-06-26,21.5,22.12,21.5,22.12
ALCO,1992-06-29,21.5,22.12,21.5,22.12
ALCO,1992-06-30,22.12,22.12,22.12,22.12
ALCO,1992-07-01,22.12,22.12,22.12,22.12
ALCO,1992-07-02,22.12,22.12,22.12,22.12
ALCO,1992-07-06,22.0,22.0,22.0,22.0
ALCO,1992-07-07,22.0,22.0,22.0,22.0
ALCO,1992-07-08,22.0,22.88,22.0,22.75
ALCO,1992-07-09,22.88,23.25,22.88,22.88
ALCO,1992-07-10,22.88,23.25,22.88,23.25
ALCO,1992-07-13,22.5,23.25,22.5,23.0
ALCO,1992-07-14,23.0,23.0,23.0,23.0
ALCO,1992-07-15,23.25,23.25,22.75,22.75
ALCO,1992-07-16,22.75,23.0,22.75,23.0
ALCO,1992-07-17,22.75,24.25,22.75,22.75
ALCO,1992-07-20,22.75,22.75,22.75,22.75
ALCO,1992-07-21,22.5,23.0,22.5,23.0
ALCO,1992-07-22,23.0,23.0,23.0,23.0
ALCO,1992-07-23,23.0,24.0,23.0,23.88
ALCO,1992-07-24,22.5,22.5,22.5,22.5
ALCO,1992-07-27,22.5,23.0,22.5,23.0
ALCO,1992-07-28,22.0,22.5,22.0,22.5
ALCO,1992-07-29,22.5,22.5,22.5,22.5
ALCO,1992-07-30,22.5,22.5,22.5,22.5
ALCO,1992-07-31,22.0,22.0,22.0,22.0
ALCO,1992-08-03,22.0,22.0,22.0,22.0
ALCO,1992-08-04,22.0,22.0,22.0,22.0
ALCO,1992-08-05,22.0,22.5,21.5,21.5
ALCO,1992-08-06,21.5,21.75,21.5,21.75
ALCO,1992-08-07,21.5,21.5,21.5,21.5
ALCO,1992-08-10,21.5,21.5,21.5,21.5
ALCO,1992-08-11,21.5,21.5,21.5,21.5
ALCO,1992-08-12,21.5,22.75,21.5,22.75
ALCO,1992-08-13,21.5,21.5,21.5,21.5
ALCO,1992-08-14,21.5,21.5,21.5,21.5
ALCO,1992-08-17,21.5,21.75,21.5,21.5
ALCO,1992-08-18,21.5,21.5,21.5,21.5
ALCO,1992-08-19,21.75,22.25,21.5,22.25
ALCO,1992-08-20,21.25,21.25,21.25,21.25
ALCO,1992-08-21,21.25,21.25,21.25,21.25
ALCO,1992-08-24,21.25,21.25,21.25,21.25
ALCO,1992-08-25,21.25,21.25,21.25,21.25
ALCO,1992-08-26,21.0,22.0,21.0,22.0
ALCO,1992-08-27,21.0,21.0,21.0,21.0
ALCO,1992-08-28,21.0,21.0,21.0,21.0
ALCO,1992-08-31,21.75,21.75,21.12,21.12
ALCO,1992-09-01,21.12,21.12,21.12,21.12
ALCO,1992-09-02,21.12,21.12,21.12,21.12
ALCO,1992-09-03,21.12,21.12,21.12,21.12
ALCO,1992-09-04,21.12,21.12,21.12,21.12
ALCO,1992-09-08,21.0,21.0,21.0,21.0
ALCO,1992-09-09,21.0,21.12,21.0,21.12
ALCO,1992-09-10,21.0,21.75,21.0,21.75
ALCO,1992-09-11,21.0,21.0,21.0,21.0
ALCO,1992-09-14,21.0,21.0,21.0,21.0
ALCO,1992-09-15,21.0,21.0,21.0,21.0
ALCO,1992-09-16,20.5,21.0,20.5,21.0
ALCO,1992-09-17,21.0,21.0,21.0,21.0
ALCO,1992-09-18,20.5,21.75,20.5,20.5
ALCO,1992-09-21,21.75,21.75,19.5,19.5
ALCO,1992-09-22,19.5,20.0,19.5,20.0
ALCO,1992-09-23,19.5,19.5,19.5,19.5
ALCO,1992-09-24,19.5,19.5,19.5,19.5
ALCO,1992-09-25,19.5,19.5,19.5,19.5
ALCO,1992-09-28,19.5,19.5,19.5,19.5
ALCO,1992-09-29,19.5,19.5,19.5,19.5
ALCO,1992-09-30,20.25,20.25,20.25,20.25
ALCO,1992-10-01,19.5,20.5,19.5,20.5
ALCO,1992-10-02,19.5,20.38,19.5,20.38
ALCO,1992-10-05,19.5,21.25,19.5,21.25
ALCO,1992-10-06,20.75,20.75,19.5,19.5
ALCO,1992-10-07,19.5,19.5,19.5,19.5
ALCO,1992-10-08,19.5,19.5,19.5,19.5
ALCO,1992-10-09,19.75,20.38,19.5,19.5
ALCO,1992-10-12,19.5,19.5,19.5,19.5
ALCO,1992-10-13,19.5,20.0,19.5,20.0
ALCO,1992-10-14,19.75,20.0,19.75,20.0
ALCO,1992-10-15,20.0,20.0,20.0,20.0
ALCO,1992-10-16,19.5,19.5,19.5,19.5
ALCO,1992-10-19,19.5,19.5,19.5,19.5
ALCO,1992-10-20,19.5,19.5,19.5,19.5
ALCO,1992-10-21,21.25,21.25,21.25,21.25
ALCO,1992-10-22,21.0,21.0,19.75,19.75
ALCO,1992-10-23,20.5,21.25,20.5,21.25
ALCO,1992-10-26,21.25,21.25,20.5,21.0
ALCO,1992-10-27,20.5,21.25,20.5,21.25
ALCO,1992-10-28,20.75,21.0,20.75,21.0
ALCO,1992-10-29,21.25,21.25,20.5,20.88
ALCO,1992-10-30,21.0,21.0,20.5,20.75
ALCO,1992-11-02,21.25,21.25,20.5,21.25
ALCO,1992-11-03,20.5,20.5,20.5,20.5
ALCO,1992-11-04,20.75,21.0,20.5,21.0
ALCO,1992-11-05,20.75,20.75,20.5,20.5
ALCO,1992-11-06,21.25,21.25,20.5,21.25
ALCO,1992-11-09,20.5,20.5,20.5,20.5
ALCO,1992-11-10,21.25,21.25,20.5,20.88
ALCO,1992-11-11,20.88,20.88,20.88,20.88
ALCO,1992-11-12,20.5,20.5,20.5,20.5
ALCO,1992-11-13,20.5,20.5,20.5,20.5
ALCO,1992-11-16,20.5,21.25,20.5,21.25
ALCO,1992-11-17,21.25,21.25,20.5,20.5
ALCO,1992-11-18,21.0,21.0,20.5,20.5
ALCO,1992-11-19,20.75,21.25,20.5,20.5
ALCO,1992-11-20,21.25,21.25,20.5,21.25
ALCO,1992-11-23,21.25,21.25,21.25,21.25
ALCO,1992-11-24,21.25,21.25,20.5,20.75
ALCO,1992-11-25,20.5,21.25,20.5,20.88
ALCO,1992-11-27,20.88,20.88,20.88,20.88
ALCO,1992-11-30,20.0,20.0,20.0,20.0
ALCO,1992-12-01,20.0,20.0,20.0,20.0
ALCO,1992-12-02,20.5,20.5,20.5,20.5
ALCO,1992-12-03,20.0,20.75,20.0,20.75
ALCO,1992-12-04,20.75,20.75,20.0,20.0
ALCO,1992-12-07,20.0,20.75,20.0,20.75
ALCO,1992-12-08,20.5,20.75,20.5,20.75
ALCO,1992-12-09,20.75,21.0,20.25,20.25
ALCO,1992-12-10,21.5,21.5,20.25,21.5
ALCO,1992-12-11,20.25,20.38,20.25,20.38
ALCO,1992-12-14,20.0,20.0,20.0,20.0
ALCO,1992-12-15,21.0,21.0,20.0,20.5
ALCO,1992-12-16,20.0,21.0,20.0,21.0
ALCO,1992-12-17,20.75,21.0,20.38,20.62
ALCO,1992-12-18,20.0,20.0,20.0,20.0
ALCO,1992-12-21,20.0,21.0,20.0,21.0
ALCO,1992-12-22,21.0,21.0,20.0,20.0
ALCO,1992-12-23,20.0,20.0,20.0,20.0
ALCO,1992-12-24,20.5,20.5,20.5,20.5
ALCO,1992-12-28,20.0,20.0,20.0,20.0
ALCO,1992-12-29,20.5,20.5,20.5,20.5
ALCO,1992-12-30,20.0,21.0,20.0,21.0
ALCO,1992-12-31,20.0,21.0,20.0,21.0
ALCO,1993-01-04,20.88,20.88,20.0,20.25
ALCO,1993-01-05,20.0,20.0,20.0,20.0
ALCO,1993-01-06,20.0,20.0,20.0,20.0
ALCO,1993-01-07,21.0,21.0,20.0,20.0
ALCO,1993-01-08,20.0,20.38,20.0,20.0
ALCO,1993-01-11,20.0,20.75,20.0,20.75
ALCO,1993-01-12,20.0,20.0,20.0,20.0
ALCO,1993-01-13,20.75,20.75,20.0,20.0
ALCO,1993-01-14,20.0,20.25,20.0,20.25
ALCO,1993-01-15,20.0,20.0,20.0,20.0
ALCO,1993-01-18,20.0,20.0,20.0,20.0
ALCO,1993-01-19,20.0,20.5,20.0,20.25
ALCO,1993-01-20,20.5,20.5,20.5,20.5
ALCO,1993-01-21,20.0,20.0,20.0,20.0
ALCO,1993-01-22,20.5,20.5,20.5,20.5
ALCO,1993-01-25,20.5,20.5,20.0,20.5
ALCO,1993-01-26,20.5,20.5,20.0,20.0
ALCO,1993-01-27,20.0,20.5,20.0,20.5
ALCO,1993-01-28,20.5,20.5,20.5,20.5
ALCO,1993-01-29,20.5,20.5,20.5,20.5
ALCO,1993-02-01,20.5,20.5,20.5,20.5
ALCO,1993-02-02,20.5,20.5,20.5,20.5
ALCO,1993-02-03,20.0,20.12,20.0,20.12
ALCO,1993-02-04,20.0,20.0,20.0,20.0
ALCO,1993-02-05,20.0,20.0,20.0,20.0
ALCO,1993-02-08,20.75,20.75,20.0,20.75
ALCO,1993-02-09,20.75,20.75,20.0,20.75
ALCO,1993-02-10,20.75,20.75,20.38,20.38
ALCO,1993-02-11,20.38,20.38,20.0,20.0
ALCO,1993-02-12,20.0,20.0,20.0,20.0
ALCO,1993-02-16,20.0,20.75,20.0,20.75
ALCO,1993-02-17,20.0,20.75,20.0,20.25
ALCO,1993-02-18,20.25,20.25,20.25,20.25
ALCO,1993-02-19,20.75,20.75,20.0,20.0
ALCO,1993-02-22,20.25,20.25,20.0,20.0
ALCO,1993-02-23,20.25,20.25,19.5,19.75
ALCO,1993-02-24,19.25,20.0,19.25,19.62
ALCO,1993-02-25,19.62,19.62,19.62,19.62
ALCO,1993-02-26,19.25,19.5,19.25,19.5
ALCO,1993-03-01,19.5,19.5,19.5,19.5
ALCO,1993-03-02,19.5,19.5,19.5,19.5
ALCO,1993-03-03,20.75,20.75,20.75,20.75
ALCO,1993-03-04,20.75,20.75,20.75,20.75
ALCO,1993-03-05,20.75,20.75,19.25,19.5
ALCO,1993-03-08,20.0,20.0,19.25,19.5
ALCO,1993-03-09,19.5,19.5,19.5,19.5
ALCO,1993-03-10,19.25,19.75,19.0,19.25
ALCO,1993-03-11,19.75,19.75,18.75,18.75
ALCO,1993-03-12,18.75,19.75,18.75,19.75
ALCO,1993-03-15,19.75,19.75,18.75,18.75
ALCO,1993-03-16,19.75,19.75,18.75,18.75
ALCO,1993-03-17,19.5,19.5,18.75,18.75
ALCO,1993-03-18,18.75,18.75,18.75,18.75
ALCO,1993-03-19,18.75,18.75,18.75,18.75
ALCO,1993-03-22,18.75,18.75,18.75,18.75
ALCO,1993-03-23,18.75,18.75,18.75,18.75
ALCO,1993-03-24,19.75,19.75,18.75,19.75
ALCO,1993-03-25,19.75,19.75,19.75,19.75
ALCO,1993-03-26,19.75,19.75,19.75,19.75
ALCO,1993-03-29,19.75,19.75,19.75,19.75
ALCO,1993-03-30,19.75,19.75,19.5,19.5
ALCO,1993-03-31,18.75,18.88,18.75,18.75
ALCO,1993-04-01,18.75,19.5,18.75,19.0
ALCO,1993-04-02,18.75,19.5,18.75,19.5
ALCO,1993-04-05,18.75,19.5,18.75,19.0
ALCO,1993-04-06,19.0,19.0,19.0,19.0
ALCO,1993-04-07,18.75,19.5,18.75,19.5
ALCO,1993-04-08,20.0,20.0,20.0,20.0
ALCO,1993-04-12,18.75,19.0,18.75,19.0
ALCO,1993-04-13,19.0,19.0,19.0,19.0
ALCO,1993-04-14,18.75,18.75,18.75,18.75
ALCO,1993-04-15,18.75,18.75,18.75,18.75
ALCO,1993-04-16,20.0,20.0,20.0,20.0
ALCO,1993-04-19,18.75,19.5,18.75,19.25
ALCO,1993-04-20,18.75,19.5,18.75,19.5
ALCO,1993-04-21,19.5,19.5,19.5,19.5
ALCO,1993-04-22,20.0,20.0,18.75,18.75
ALCO,1993-04-23,18.75,18.75,18.75,18.75
ALCO,1993-04-26,18.75,18.75,18.75,18.75
ALCO,1993-04-27,19.0,19.0,19.0,19.0
ALCO,1993-04-28,19.0,19.0,19.0,19.0
ALCO,1993-04-29,18.75,18.75,18.75,18.75
ALCO,1993-04-30,18.75,18.75,18.75,18.75
ALCO,1993-05-03,20.0,20.0,18.75,19.75
ALCO,1993-05-04,19.0,19.0,19.0,19.0
ALCO,1993-05-05,18.75,19.25,18.75,19.0
ALCO,1993-05-06,19.12,19.12,19.12,19.12
ALCO,1993-05-07,19.5,19.5,19.5,19.5
ALCO,1993-05-10,18.75,18.75,18.75,18.75
ALCO,1993-05-11,18.75,20.0,18.75,19.38
ALCO,1993-05-12,18.75,18.75,18.75,18.75
ALCO,1993-05-13,18.75,18.75,18.75,18.75
ALCO,1993-05-14,18.75,18.75,18.75,18.75
ALCO,1993-05-17,18.75,19.5,18.75,19.5
ALCO,1993-05-18,19.75,19.75,18.75,19.75
ALCO,1993-05-19,19.75,19.75,18.75,18.75
ALCO,1993-05-20,19.75,19.75,19.75,19.75
ALCO,1993-05-21,19.75,19.75,18.88,19.0
ALCO,1993-05-24,18.75,18.75,18.75,18.75
ALCO,1993-05-25,19.75,20.0,19.75,20.0
ALCO,1993-05-26,19.0,19.25,19.0,19.25
ALCO,1993-05-27,20.0,20.0,19.0,19.0
ALCO,1993-05-28,20.0,20.0,19.0,19.0
ALCO,1993-06-01,20.0,20.0,20.0,20.0
ALCO,1993-06-02,20.0,20.0,20.0,20.0
ALCO,1993-06-03,19.0,19.5,19.0,19.5
ALCO,1993-06-04,19.0,19.0,19.0,19.0
ALCO,1993-06-07,19.0,19.0,19.0,19.0
ALCO,1993-06-08,19.0,20.0,19.0,19.0
ALCO,1993-06-09,19.0,19.0,19.0,19.0
ALCO,1993-06-10,19.0,19.0,19.0,19.0
ALCO,1993-06-11,20.0,20.0,20.0,20.0
ALCO,1993-06-14,19.0,19.5,19.0,19.0
ALCO,1993-06-15,19.0,19.25,19.0,19.25
ALCO,1993-06-16,18.75,19.75,18.75,18.75
ALCO,1993-06-17,18.75,18.75,18.75,18.75
ALCO,1993-06-18,18.75,18.75,18.75,18.75
ALCO,1993-06-21,18.75,19.5,18.75,19.25
ALCO,1993-06-22,18.75,19.0,18.5,18.5
ALCO,1993-06-23,18.5,18.75,18.5,18.75
ALCO,1993-06-24,18.75,18.75,18.75,18.75
ALCO,1993-06-25,18.75,18.75,18.75,18.75
ALCO,1993-06-28,18.75,18.75,18.75,18.75
ALCO,1993-06-29,18.5,19.25,18.5,18.5
ALCO,1993-06-30,18.5,18.5,18.5,18.5
ALCO,1993-07-01,19.25,19.25,19.25,19.25
ALCO,1993-07-02,19.25,19.25,18.5,18.5
ALCO,1993-07-06,18.5,18.5,18.5,18.5
ALCO,1993-07-07,18.5,18.5,18.5,18.5
ALCO,1993-07-08,18.75,18.75,18.75,18.75
ALCO,1993-07-09,18.75,18.75,18.75,18.75
ALCO,1993-07-12,18.75,18.75,18.75,18.75
ALCO,1993-07-13,19.25,19.25,19.12,19.12
ALCO,1993-07-14,19.12,19.12,19.12,19.12
ALCO,1993-07-15,19.25,19.25,18.75,18.75
ALCO,1993-07-16,18.75,19.0,18.75,19.0
ALCO,1993-07-19,19.0,19.0,19.0,19.0
ALCO,1993-07-20,19.12,19.12,18.75,18.75
ALCO,1993-07-21,18.75,18.75,18.75,18.75
ALCO,1993-07-22,18.75,18.75,18.75,18.75
ALCO,1993-07-23,19.25,19.25,18.75,18.75
ALCO,1993-07-26,18.75,18.75,18.75,18.75
ALCO,1993-07-27,18.75,19.25,18.75,18.75
ALCO,1993-07-28,18.75,19.25,18.75,19.0
ALCO,1993-07-29,18.75,18.75,18.75,18.75
ALCO,1993-07-30,18.75,18.75,18.75,18.75
ALCO,1993-08-02,19.25,19.25,19.25,19.25
ALCO,1993-08-03,19.25,19.25,19.25,19.25
ALCO,1993-08-04,18.75,19.0,18.75,19.0
ALCO,1993-08-05,18.75,19.0,18.75,19.0
ALCO,1993-08-06,19.0,19.0,19.0,19.0
ALCO,1993-08-09,19.0,19.0,19.0,19.0
ALCO,1993-08-10,19.75,19.75,19.75,19.75
ALCO,1993-08-11,19.5,19.5,19.5,19.5
ALCO,1993-08-12,18.75,19.0,18.75,19.0
ALCO,1993-08-13,19.88,19.88,19.75,19.75
ALCO,1993-08-16,19.0,19.0,19.0,19.0
ALCO,1993-08-17,19.0,20.25,19.0,20.25
ALCO,1993-08-18,20.25,20.25,20.25,20.25
ALCO,1993-08-19,19.0,20.0,19.0,19.0
ALCO,1993-08-20,19.0,19.0,19.0,19.0
ALCO,1993-08-23,19.0,19.0,19.0,19.0
ALCO,1993-08-24,19.0,19.75,19.0,19.75
ALCO,1993-08-25,19.0,19.0,19.0,19.0
ALCO,1993-08-26,19.0,19.0,19.0,19.0
ALCO,1993-08-27,19.0,19.75,19.0,19.75
ALCO,1993-08-30,19.25,19.25,19.25,19.25
ALCO,1993-08-31,19.0,19.0,19.0,19.0
ALCO,1993-09-01,19.25,19.75,19.25,19.75
ALCO,1993-09-02,19.75,19.75,19.0,19.0
ALCO,1993-09-03,19.0,19.0,19.0,19.0
ALCO,1993-09-07,19.0,19.0,19.0,19.0
ALCO,1993-09-08,19.0,19.25,19.0,19.25
ALCO,1993-09-09,19.0,19.0,19.0,19.0
ALCO,1993-09-10,19.0,19.0,19.0,19.0
ALCO,1993-09-13,19.0,19.5,19.0,19.0
ALCO,1993-09-14,19.0,19.5,19.0,19.0
ALCO,1993-09-15,19.0,19.12,19.0,19.12
ALCO,1993-09-16,19.5,19.5,19.5,19.5
ALCO,1993-09-17,19.5,19.5,19.5,19.5
ALCO,1993-09-20,19.5,19.5,19.5,19.5
ALCO,1993-09-21,19.0,19.5,19.0,19.12
ALCO,1993-09-22,19.0,19.12,19.0,19.12
ALCO,1993-09-23,19.5,19.5,19.5,19.5
ALCO,1993-09-24,19.0,19.0,19.0,19.0
ALCO,1993-09-27,19.5,19.5,19.5,19.5
ALCO,1993-09-28,19.0,19.0,19.0,19.0
ALCO,1993-09-29,19.0,19.0,19.0,19.0
ALCO,1993-09-30,19.0,19.0,19.0,19.0
ALCO,1993-10-01,19.0,19.0,19.0,19.0
ALCO,1993-10-04,19.25,19.25,19.0,19.0
ALCO,1993-10-05,19.0,19.0,19.0,19.0
ALCO,1993-10-06,19.5,19.5,19.5,19.5
ALCO,1993-10-07,19.12,19.5,19.12,19.25
ALCO,1993-10-08,19.5,19.5,19.5,19.5
ALCO,1993-10-11,19.5,19.5,19.5,19.5
ALCO,1993-10-12,19.5,19.5,19.25,19.25
ALCO,1993-10-13,19.5,19.5,19.0,19.25
ALCO,1993-10-14,19.5,19.5,19.0,19.0
ALCO,1993-10-15,19.5,19.5,19.0,19.5
ALCO,1993-10-18,19.5,19.5,19.0,19.0
ALCO,1993-10-19,19.0,19.12,19.0,19.12
ALCO,1993-10-20,19.5,19.5,19.0,19.0
ALCO,1993-10-21,19.5,19.5,19.0,19.0
ALCO,1993-10-22,19.0,19.0,19.0,19.0
ALCO,1993-10-25,19.0,19.0,19.0,19.0
ALCO,1993-10-26,19.0,19.12,19.0,19.0
ALCO,1993-10-27,19.25,19.25,19.25,19.25
ALCO,1993-10-28,19.0,19.0,18.25,18.25
ALCO,1993-10-29,18.75,19.0,18.25,19.0
ALCO,1993-11-01,18.62,19.0,18.25,18.25
ALCO,1993-11-02,18.25,18.25,18.25,18.25
ALCO,1993-11-03,19.0,19.0,18.5,18.75
ALCO,1993-11-04,18.75,18.75,18.75,18.75
ALCO,1993-11-05,18.5,18.5,18.5,18.5
ALCO,1993-11-08,18.5,18.5,17.5,17.5
ALCO,1993-11-09,18.5,18.5,17.5,17.75
ALCO,1993-11-10,17.75,17.75,17.25,17.75
ALCO,1993-11-11,17.75,18.0,17.75,18.0
ALCO,1993-11-12,18.25,18.25,18.0,18.0
ALCO,1993-11-15,18.25,18.25,18.25,18.25
ALCO,1993-11-16,18.25,18.25,18.25,18.25
ALCO,1993-11-17,17.88,17.88,17.88,17.88
ALCO,1993-11-18,18.0,18.75,18.0,18.0
ALCO,1993-11-19,18.75,18.75,18.0,18.75
ALCO,1993-11-22,18.75,18.75,18.0,18.75
ALCO,1993-11-23,18.75,18.75,18.25,18.25
ALCO,1993-11-24,18.75,18.75,18.75,18.75
ALCO,1993-11-26,18.75,18.75,18.75,18.75
ALCO,1993-11-29,18.75,18.75,18.0,18.0
ALCO,1993-11-30,18.75,18.75,18.75,18.75
ALCO,1993-12-01,19.75,19.75,18.5,18.5
ALCO,1993-12-02,18.5,19.5,18.5,19.5
ALCO,1993-12-03,18.75,18.75,18.5,18.5
ALCO,1993-12-06,18.5,18.5,18.5,18.5
ALCO,1993-12-07,18.5,19.5,18.5,19.5
ALCO,1993-12-08,19.75,20.5,19.0,20.5
ALCO,1993-12-09,20.5,20.75,20.0,20.25
ALCO,1993-12-10,20.75,20.75,20.25,20.5
ALCO,1993-12-13,20.0,20.0,20.0,20.0
ALCO,1993-12-14,20.0,20.5,20.0,20.0
ALCO,1993-12-15,20.5,20.5,19.5,19.5
ALCO,1993-12-16,20.5,20.5,20.0,20.0
ALCO,1993-12-17,19.75,20.5,19.75,20.25
ALCO,1993-12-20,20.0,20.75,20.0,20.75
ALCO,1993-12-21,20.0,20.0,20.0,20.0
ALCO,1993-12-22,20.0,20.75,20.0,20.75
ALCO,1993-12-23,20.75,20.75,20.12,20.12
ALCO,1993-12-27,20.12,20.12,20.12,20.12
ALCO,1993-12-28,19.75,20.5,19.75,20.5
ALCO,1993-12-29,19.75,19.75,19.75,19.75
ALCO,1993-12-30,19.75,20.25,19.75,20.25
ALCO,1993-12-31,19.75,20.5,19.75,20.5
ALCO,1994-01-03,20.0,20.0,20.0,20.0
ALCO,1994-01-04,21.0,21.0,20.5,20.88
ALCO,1994-01-05,21.5,21.5,21.5,21.5
ALCO,1994-01-06,20.75,21.5,20.75,21.5
ALCO,1994-01-07,20.75,22.0,20.75,22.0
ALCO,1994-01-10,21.0,22.25,21.0,21.62
ALCO,1994-01-11,22.25,22.25,22.0,22.0
ALCO,1994-01-12,22.0,22.0,22.0,22.0
ALCO,1994-01-13,21.0,22.0,21.0,22.0
ALCO,1994-01-14,22.0,22.0,21.0,22.0
ALCO,1994-01-17,22.0,22.0,22.0,22.0
ALCO,1994-01-18,22.0,22.0,22.0,22.0
ALCO,1994-01-19,22.0,22.0,22.0,22.0
ALCO,1994-01-20,21.0,21.0,21.0,21.0
ALCO,1994-01-21,21.25,21.5,21.25,21.5
ALCO,1994-01-24,22.0,22.0,21.75,22.0
ALCO,1994-01-25,22.0,22.0,21.25,21.25
ALCO,1994-01-26,22.0,22.0,22.0,22.0
ALCO,1994-01-27,21.75,22.75,21.75,21.75
ALCO,1994-01-28,21.75,22.25,21.5,21.5
ALCO,1994-01-31,21.5,21.5,21.5,21.5
ALCO,1994-02-01,21.5,22.25,21.5,22.25
ALCO,1994-02-02,22.25,22.25,22.25,22.25
ALCO,1994-02-03,21.5,21.5,21.5,21.5
ALCO,1994-02-04,21.5,21.5,21.5,21.5
ALCO,1994-02-07,21.5,21.5,20.5,20.62
ALCO,1994-02-08,20.62,20.62,20.62,20.62
ALCO,1994-02-09,20.62,20.62,20.62,20.62
ALCO,1994-02-10,20.5,21.75,20.5,21.75
ALCO,1994-02-11,20.5,21.5,20.5,21.5
ALCO,1994-02-14,21.0,22.0,21.0,21.0
ALCO,1994-02-15,21.0,21.0,21.0,21.0
ALCO,1994-02-16,21.75,21.75,20.5,20.5
ALCO,1994-02-17,21.12,21.12,21.12,21.12
ALCO,1994-02-18,21.75,21.75,20.5,21.75
ALCO,1994-02-22,21.25,21.25,20.5,20.5
ALCO,1994-02-23,21.12,21.12,21.12,21.12
ALCO,1994-02-24,21.75,21.75,20.5,20.5
ALCO,1994-02-25,20.25,20.25,20.25,20.25
ALCO,1994-02-28,21.25,21.25,21.25,21.25
ALCO,1994-03-01,20.0,21.25,20.0,21.25
ALCO,1994-03-02,21.25,21.25,21.25,21.25
ALCO,1994-03-03,21.25,21.25,21.25,21.25
ALCO,1994-03-04,21.0,21.0,21.0,21.0
ALCO,1994-03-07,21.0,21.0,20.0,20.0
ALCO,1994-03-08,20.0,20.75,20.0,20.75
ALCO,1994-03-09,20.75,20.75,20.5,20.5
ALCO,1994-03-10,19.75,19.75,19.75,19.75
ALCO,1994-03-11,19.5,19.62,19.5,19.62
ALCO,1994-03-14,20.5,20.5,19.75,20.5
ALCO,1994-03-15,20.0,20.0,20.0,20.0
ALCO,1994-03-16,20.5,20.5,20.5,20.5
ALCO,1994-03-17,20.0,20.5,19.75,20.25
ALCO,1994-03-18,19.5,20.5,19.5,20.5
ALCO,1994-03-21,19.5,19.5,19.5,19.5
ALCO,1994-03-22,19.5,20.0,19.5,19.75
ALCO,1994-03-23,20.25,20.25,19.5,19.5
ALCO,1994-03-24,19.5,19.5,19.5,19.5
ALCO,1994-03-25,20.25,20.25,20.25,20.25
ALCO,1994-03-28,19.5,19.5,19.5,19.5
ALCO,1994-03-29,20.25,20.25,19.88,19.88
ALCO,1994-03-30,19.5,19.5,19.5,19.5
ALCO,1994-03-31,19.5,19.5,18.5,18.5
ALCO,1994-04-04,19.0,19.0,17.5,17.5
ALCO,1994-04-05,18.5,18.5,18.5,18.5
ALCO,1994-04-06,18.5,18.75,18.5,18.75
ALCO,1994-04-07,18.75,18.75,18.75,18.75
ALCO,1994-04-08,18.75,18.75,18.75,18.75
ALCO,1994-04-11,17.5,19.0,17.5,17.5
ALCO,1994-04-12,17.5,17.5,17.5,17.5
ALCO,1994-04-13,17.5,17.5,17.5,17.5
ALCO,1994-04-14,17.5,17.5,17.5,17.5
ALCO,1994-04-15,17.5,17.5,17.5,17.5
ALCO,1994-04-18,17.5,18.25,17.5,18.25
ALCO,1994-04-19,18.25,18.25,18.25,18.25
ALCO,1994-04-20,17.5,17.5,17.5,17.5
ALCO,1994-04-21,17.5,17.5,17.5,17.5
ALCO,1994-04-22,18.75,18.75,17.5,18.0
ALCO,1994-04-25,18.25,18.75,18.25,18.75
ALCO,1994-04-26,18.75,19.5,18.75,19.5
ALCO,1994-04-28,19.5,20.0,18.25,18.75
ALCO,1994-04-29,19.25,20.5,19.0,19.12
ALCO,1994-05-02,20.0,20.0,19.5,19.5
ALCO,1994-05-03,19.0,19.0,19.0,19.0
ALCO,1994-05-04,19.0,19.0,19.0,19.0
ALCO,1994-05-05,19.0,19.5,19.0,19.0
ALCO,1994-05-06,19.5,19.5,18.5,18.5
ALCO,1994-05-09,18.5,18.5,18.5,18.5
ALCO,1994-05-10,19.5,19.5,18.5,18.5
ALCO,1994-05-11,19.5,19.5,18.0,19.0
ALCO,1994-05-12,19.5,19.5,18.0,18.5
ALCO,1994-05-13,19.5,19.5,19.0,19.0
ALCO,1994-05-16,19.25,19.25,19.25,19.25
ALCO,1994-05-17,18.62,18.75,18.62,18.75
ALCO,1994-05-18,19.0,19.0,18.25,18.25
ALCO,1994-05-19,19.0,19.0,18.25,18.25
ALCO,1994-05-20,18.25,18.25,18.25,18.25
ALCO,1994-05-23,18.0,18.0,18.0,18.0
ALCO,1994-05-24,18.0,19.0,18.0,19.0
ALCO,1994-05-25,18.0,18.25,17.25,17.25
ALCO,1994-05-26,17.25,18.5,17.12,17.12
ALCO,1994-05-27,17.0,18.25,17.0,18.0
ALCO,1994-05-31,18.0,18.0,18.0,18.0
ALCO,1994-06-01,18.25,18.25,17.75,18.0
ALCO,1994-06-02,17.25,17.25,17.25,17.25
ALCO,1994-06-03,17.25,17.25,17.25,17.25
ALCO,1994-06-06,18.0,18.0,17.25,17.5
ALCO,1994-06-07,17.75,17.75,17.0,17.0
ALCO,1994-06-08,17.5,17.75,16.75,17.5
ALCO,1994-06-09,17.5,18.0,17.5,18.0
ALCO,1994-06-10,16.75,18.0,16.75,18.0
ALCO,1994-06-13,18.0,18.0,18.0,18.0
ALCO,1994-06-14,16.75,18.0,16.75,16.75
ALCO,1994-06-15,18.0,18.0,18.0,18.0
ALCO,1994-06-16,16.75,16.75,16.75,16.75
ALCO,1994-06-17,18.0,18.0,18.0,18.0
ALCO,1994-06-20,16.75,17.25,16.75,17.25
ALCO,1994-06-21,18.0,18.0,17.75,17.75
ALCO,1994-06-22,17.0,17.75,17.0,17.5
ALCO,1994-06-23,17.75,17.75,17.0,17.0
ALCO,1994-06-24,17.38,17.38,17.38,17.38
ALCO,1994-06-27,17.25,17.25,16.75,16.75
ALCO,1994-06-28,16.5,17.0,16.5,16.5
ALCO,1994-06-29,17.0,17.0,17.0,17.0
ALCO,1994-06-30,16.5,17.0,16.5,16.5
ALCO,1994-07-01,17.0,17.0,16.5,16.5
ALCO,1994-07-05,16.5,17.25,16.5,16.5
ALCO,1994-07-06,17.0,17.0,17.0,17.0
ALCO,1994-07-07,16.0,16.0,16.0,16.0
ALCO,1994-07-08,16.25,16.25,16.0,16.0
ALCO,1994-07-11,17.0,17.0,16.12,16.25
ALCO,1994-07-12,17.0,17.0,17.0,17.0
ALCO,1994-07-13,17.0,17.0,17.0,17.0
ALCO,1994-07-14,17.0,17.0,17.0,17.0
ALCO,1994-07-15,16.75,16.75,16.75,16.75
ALCO,1994-07-18,16.0,16.0,16.0,16.0
ALCO,1994-07-19,16.0,16.0,16.0,16.0
ALCO,1994-07-20,16.0,16.25,16.0,16.0
ALCO,1994-07-21,16.0,16.0,16.0,16.0
ALCO,1994-07-22,16.0,16.0,16.0,16.0
ALCO,1994-07-25,16.25,16.75,16.25,16.75
ALCO,1994-07-26,16.75,16.75,16.12,16.5
ALCO,1994-07-27,16.5,16.5,16.38,16.38
ALCO,1994-07-28,16.25,16.75,16.0,16.0
ALCO,1994-07-29,16.25,16.5,16.0,16.5
ALCO,1994-08-01,16.0,16.0,16.0,16.0
ALCO,1994-08-02,16.75,16.75,16.0,16.0
ALCO,1994-08-03,16.03,17.5,16.03,16.75
ALCO,1994-08-04,16.75,16.75,16.75,16.75
ALCO,1994-08-05,17.25,17.25,16.5,16.75
ALCO,1994-08-08,17.25,17.25,17.25,17.25
ALCO,1994-08-09,17.25,17.75,17.25,17.25
ALCO,1994-08-10,18.25,18.25,16.75,17.75
ALCO,1994-08-11,17.75,17.75,17.0,17.5
ALCO,1994-08-12,16.94,17.5,16.94,17.5
ALCO,1994-08-15,17.25,17.25,16.75,16.75
ALCO,1994-08-16,17.5,17.5,16.75,16.75
ALCO,1994-08-17,17.5,17.5,17.25,17.5
ALCO,1994-08-18,17.5,17.5,17.5,17.5
ALCO,1994-08-19,16.75,16.75,16.75,16.75
ALCO,1994-08-22,17.5,17.75,17.0,17.75
ALCO,1994-08-23,17.75,17.75,17.75,17.75
ALCO,1994-08-24,17.12,17.25,17.12,17.25
ALCO,1994-08-25,17.75,17.75,17.25,17.25
ALCO,1994-08-26,17.75,17.75,17.75,17.75
ALCO,1994-08-29,17.75,17.75,17.25,17.25
ALCO,1994-08-30,17.25,17.75,17.25,17.5
ALCO,1994-08-31,17.25,17.75,17.25,17.38
ALCO,1994-09-01,17.75,17.75,17.5,17.5
ALCO,1994-09-02,17.25,17.75,17.25,17.75
ALCO,1994-09-06,17.25,17.25,17.25,17.25
ALCO,1994-09-07,17.75,18.25,17.5,17.5
ALCO,1994-09-08,18.25,18.25,17.31,17.44
ALCO,1994-09-09,17.25,18.25,17.25,17.31
ALCO,1994-09-12,18.25,18.25,18.25,18.25
ALCO,1994-09-13,18.25,18.25,17.5,17.5
ALCO,1994-09-14,17.5,17.5,17.44,17.44
ALCO,1994-09-15,18.25,18.25,18.0,18.0
ALCO,1994-09-16,18.25,18.25,17.25,18.0
ALCO,1994-09-19,18.0,18.0,17.0,17.5
ALCO,1994-09-20,17.0,17.0,17.0,17.0
ALCO,1994-09-21,17.5,17.5,17.0,17.0
ALCO,1994-09-22,17.0,17.75,17.0,17.0
ALCO,1994-09-23,17.0,17.0,17.0,17.0
ALCO,1994-09-26,17.0,17.5,17.0,17.12
ALCO,1994-09-27,17.0,17.5,16.88,17.5
ALCO,1994-09-28,17.5,17.5,16.5,16.88
ALCO,1994-09-29,17.0,17.5,16.5,16.5
ALCO,1994-09-30,16.5,16.5,16.5,16.5
ALCO,1994-10-03,16.5,16.5,16.5,16.5
ALCO,1994-10-04,16.5,17.25,16.5,17.0
ALCO,1994-10-05,16.5,16.88,16.5,16.88
ALCO,1994-10-06,16.88,16.88,16.88,16.88
ALCO,1994-10-07,17.5,17.5,17.0,17.0
ALCO,1994-10-10,16.5,17.5,16.5,17.0
ALCO,1994-10-11,17.5,17.5,16.75,17.25
ALCO,1994-10-12,17.5,17.5,16.75,17.5
ALCO,1994-10-13,17.5,17.5,17.5,17.5
ALCO,1994-10-14,17.5,17.5,17.0,17.0
ALCO,1994-10-17,17.75,17.75,17.25,17.25
ALCO,1994-10-18,16.75,17.5,16.75,17.5
ALCO,1994-10-19,17.5,17.5,16.75,16.75
ALCO,1994-10-20,16.5,17.25,16.5,17.25
ALCO,1994-10-21,16.75,16.75,16.75,16.75
ALCO,1994-10-24,16.75,17.0,16.75,17.0
ALCO,1994-10-25,17.25,17.5,17.0,17.0
ALCO,1994-10-26,17.0,17.75,17.0,17.75
ALCO,1994-10-27,17.5,17.75,17.25,17.25
ALCO,1994-10-28,17.75,17.75,17.75,17.75
ALCO,1994-10-31,17.0,17.0,17.0,17.0
ALCO,1994-11-01,17.75,17.75,17.0,17.75
ALCO,1994-11-02,17.0,17.75,17.0,17.5
ALCO,1994-11-03,17.0,17.0,17.0,17.0
ALCO,1994-11-04,17.0,17.0,17.0,17.0
ALCO,1994-11-07,17.0,17.75,17.0,17.5
ALCO,1994-11-08,17.5,17.5,17.5,17.5
ALCO,1994-11-09,17.0,17.0,17.0,17.0
ALCO,1994-11-10,17.25,17.5,17.25,17.25
ALCO,1994-11-11,18.0,18.0,17.25,17.25
ALCO,1994-11-14,17.5,17.5,17.25,17.5
ALCO,1994-11-15,17.25,17.75,17.0,17.0
ALCO,1994-11-16,17.25,17.25,17.25,17.25
ALCO,1994-11-17,17.0,17.5,17.0,17.5
ALCO,1994-11-18,17.0,17.5,16.75,16.75
ALCO,1994-11-21,16.75,16.75,16.75,16.75
ALCO,1994-11-22,16.75,17.25,16.75,17.25
ALCO,1994-11-23,16.5,16.5,16.5,16.5
ALCO,1994-11-25,16.5,16.5,16.5,16.5
ALCO,1994-11-28,16.88,16.88,16.75,16.75
ALCO,1994-11-29,16.5,17.25,16.5,16.69
ALCO,1994-11-30,16.5,17.25,16.5,17.25
ALCO,1994-12-01,17.25,17.25,16.5,16.75
ALCO,1994-12-02,16.75,16.75,16.75,16.75
ALCO,1994-12-05,17.25,17.25,16.5,16.5
ALCO,1994-12-06,16.5,17.25,16.5,17.25
ALCO,1994-12-07,17.25,17.31,16.75,16.75
ALCO,1994-12-08,16.75,16.75,16.75,16.75
ALCO,1994-12-09,16.75,16.75,16.5,16.5
ALCO,1994-12-12,16.5,17.25,16.5,17.25
ALCO,1994-12-13,17.25,17.25,16.62,17.0
ALCO,1994-12-14,16.5,17.25,16.5,17.25
ALCO,1994-12-15,16.5,17.25,16.0,16.0
ALCO,1994-12-16,17.0,17.0,16.25,16.5
ALCO,1994-12-19,16.25,16.25,16.25,16.25
ALCO,1994-12-20,17.0,17.0,16.25,16.25
ALCO,1994-12-21,16.5,16.62,16.25,16.62
ALCO,1994-12-22,16.25,16.25,16.25,16.25
ALCO,1994-12-23,16.5,16.88,16.25,16.25
ALCO,1994-12-27,16.25,16.38,16.25,16.38
ALCO,1994-12-28,16.5,16.5,16.0,16.0
ALCO,1994-12-29,16.0,17.0,16.0,16.75
ALCO,1994-12-30,16.5,17.25,16.5,17.25
ALCO,1995-01-03,16.75,16.75,16.25,16.38
ALCO,1995-01-04,16.0,16.75,15.75,15.75
ALCO,1995-01-05,16.5,16.5,15.75,15.75
ALCO,1995-01-06,15.75,16.0,15.5,15.5
ALCO,1995-01-09,15.5,15.88,15.5,15.5
ALCO,1995-01-10,16.38,16.75,15.5,16.0
ALCO,1995-01-11,16.88,17.0,16.5,16.5
ALCO,1995-01-12,17.0,17.0,16.25,16.5
ALCO,1995-01-13,16.62,17.25,16.5,17.25
ALCO,1995-01-16,17.25,17.25,16.38,16.38
ALCO,1995-01-17,16.75,17.25,16.25,17.0
ALCO,1995-01-18,16.75,16.75,16.25,16.25
ALCO,1995-01-19,16.75,17.0,16.75,17.0
ALCO,1995-01-20,16.5,16.5,16.5,16.5
ALCO,1995-01-23,16.0,16.75,16.0,16.75
ALCO,1995-01-24,16.75,16.75,16.75,16.75
ALCO,1995-01-25,17.0,17.0,17.0,17.0
ALCO,1995-01-26,17.0,17.0,17.0,17.0
ALCO,1995-01-27,17.0,17.0,17.0,17.0
ALCO,1995-01-30,17.0,17.0,16.0,16.0
ALCO,1995-01-31,16.0,16.25,16.0,16.0
ALCO,1995-02-01,16.06,16.5,16.0,16.5
ALCO,1995-02-02,16.5,16.5,16.5,16.5
ALCO,1995-02-03,16.5,16.75,16.38,16.62
ALCO,1995-02-06,16.25,16.75,16.25,16.75
ALCO,1995-02-07,16.75,16.75,16.25,16.75
ALCO,1995-02-08,16.75,16.75,16.25,16.38
ALCO,1995-02-09,16.25,16.75,16.25,16.25
ALCO,1995-02-10,16.75,16.75,16.75,16.75
ALCO,1995-02-13,16.5,16.5,16.5,16.5
ALCO,1995-02-14,16.5,16.75,16.25,16.75
ALCO,1995-02-15,16.25,16.5,16.25,16.25
ALCO,1995-02-16,16.25,16.75,16.25,16.25
ALCO,1995-02-17,16.25,16.75,16.25,16.25
ALCO,1995-02-21,16.75,16.75,16.75,16.75
ALCO,1995-02-22,16.25,16.75,16.25,16.75
ALCO,1995-02-23,16.25,16.5,16.25,16.25
ALCO,1995-02-24,16.25,16.75,16.25,16.75
ALCO,1995-02-27,16.25,16.75,16.25,16.25
ALCO,1995-02-28,16.25,16.75,16.25,16.75
ALCO,1995-03-01,16.25,16.25,16.25,16.25
ALCO,1995-03-02,16.75,16.75,16.25,16.38
ALCO,1995-03-03,16.25,16.25,16.25,16.25
ALCO,1995-03-06,16.25,16.25,16.0,16.0
ALCO,1995-03-07,16.0,16.0,16.0,16.0
ALCO,1995-03-08,16.03,16.25,16.0,16.25
ALCO,1995-03-09,15.75,16.0,15.5,15.5
ALCO,1995-03-10,15.62,15.62,15.5,15.5
ALCO,1995-03-13,15.75,15.75,15.38,15.5
ALCO,1995-03-14,15.75,15.75,15.25,15.25
ALCO,1995-03-15,15.25,15.75,15.25,15.5
ALCO,1995-03-16,15.75,15.75,15.25,15.25
ALCO,1995-03-17,15.25,15.75,15.25,15.75
ALCO,1995-03-20,15.75,15.75,15.5,15.5
ALCO,1995-03-21,15.25,15.75,15.25,15.25
ALCO,1995-03-22,15.0,15.5,15.0,15.25
ALCO,1995-03-23,15.5,15.5,15.0,15.0
ALCO,1995-03-24,15.5,15.75,15.25,15.75
ALCO,1995-03-27,15.25,15.75,15.25,15.25
ALCO,1995-03-28,15.75,15.75,15.75,15.75
ALCO,1995-03-29,15.75,16.5,15.75,16.5
ALCO,1995-03-30,16.0,16.5,15.5,16.5
ALCO,1995-03-31,15.75,16.5,15.75,15.75
ALCO,1995-04-03,15.75,16.5,15.75,16.12
ALCO,1995-04-04,15.75,15.75,15.75,15.75
ALCO,1995-04-05,16.0,16.75,16.0,16.75
ALCO,1995-04-06,17.0,17.0,16.25,16.25
ALCO,1995-04-07,16.0,16.0,15.75,15.75
ALCO,1995-04-10,16.25,16.75,16.0,16.0
ALCO,1995-04-11,16.0,16.0,16.0,16.0
ALCO,1995-04-12,16.75,17.0,16.38,16.75
ALCO,1995-04-13,16.75,17.5,16.75,16.75
ALCO,1995-04-17,17.0,17.5,17.0,17.5
ALCO,1995-04-18,17.5,17.5,16.75,16.75
ALCO,1995-04-19,17.0,17.5,17.0,17.5
ALCO,1995-04-20,17.5,17.5,16.75,16.75
ALCO,1995-04-21,16.75,16.75,16.75,16.75
ALCO,1995-04-24,17.5,17.5,16.88,16.88
ALCO,1995-04-25,16.75,17.0,16.75,16.75
ALCO,1995-04-26,17.0,17.0,16.25,16.88
ALCO,1995-04-27,17.0,17.0,16.5,16.5
ALCO,1995-04-28,17.0,17.0,16.0,16.25
ALCO,1995-05-01,17.0,17.0,16.0,16.0
ALCO,1995-05-02,16.0,17.0,16.0,16.5
ALCO,1995-05-03,15.75,16.25,15.75,16.25
ALCO,1995-05-04,15.75,16.5,15.75,16.0
ALCO,1995-05-05,16.5,16.5,16.5,16.5
ALCO,1995-05-08,15.75,16.5,15.75,16.5
ALCO,1995-05-09,15.75,15.75,15.75,15.75
ALCO,1995-05-10,16.12,16.12,15.75,15.75
ALCO,1995-05-11,15.75,15.75,15.75,15.75
ALCO,1995-05-12,16.5,16.5,16.5,16.5
ALCO,1995-05-15,15.81,15.94,15.81,15.94
ALCO,1995-05-16,16.5,16.5,15.75,15.94
ALCO,1995-05-17,16.12,16.5,15.88,16.5
ALCO,1995-05-18,16.5,16.5,16.5,16.5
ALCO,1995-05-19,15.75,15.75,15.75,15.75
ALCO,1995-05-22,15.75,15.75,15.75,15.75
ALCO,1995-05-23,16.25,16.25,15.75,15.75
ALCO,1995-05-24,15.5,16.0,15.5,16.0
ALCO,1995-05-25,15.5,15.5,15.5,15.5
ALCO,1995-05-26,16.0,17.0,16.0,17.0
ALCO,1995-05-30,17.25,17.25,16.0,16.25
ALCO,1995-05-31,16.75,17.0,15.88,16.62
ALCO,1995-06-01,17.0,17.0,15.75,16.0
ALCO,1995-06-02,15.88,16.5,15.5,15.62
ALCO,1995-06-05,15.5,16.5,15.5,16.25
ALCO,1995-06-06,16.25,16.25,15.5,16.0
ALCO,1995-06-07,16.0,16.5,15.75,16.5
ALCO,1995-06-08,16.5,16.5,16.25,16.5
ALCO,1995-06-09,17.0,17.0,17.0,17.0
ALCO,1995-06-12,17.0,17.25,16.25,17.25
ALCO,1995-06-13,17.75,18.25,16.75,18.0
ALCO,1995-06-14,18.0,18.0,17.0,17.75
ALCO,1995-06-15,17.5,19.5,17.5,19.5
ALCO,1995-06-16,19.5,20.0,18.5,18.5
ALCO,1995-06-19,19.5,19.5,18.5,18.62
ALCO,1995-06-20,18.25,19.25,18.25,19.25
ALCO,1995-06-21,19.0,19.25,19.0,19.25
ALCO,1995-06-22,18.25,18.75,18.0,18.5
ALCO,1995-06-23,18.75,18.75,18.0,18.5
ALCO,1995-06-26,18.0,18.75,18.0,18.0
ALCO,1995-06-27,18.0,18.5,18.0,18.5
ALCO,1995-06-28,18.5,18.5,18.5,18.5
ALCO,1995-06-29,18.25,18.5,18.0,18.5
ALCO,1995-06-30,18.5,18.5,17.75,17.75
ALCO,1995-07-03,18.38,18.5,18.38,18.5
ALCO,1995-07-05,18.0,18.5,18.0,18.0
ALCO,1995-07-06,18.0,18.5,18.0,18.0
ALCO,1995-07-07,18.5,18.5,17.25,17.25
ALCO,1995-07-10,18.0,18.0,17.25,17.5
ALCO,1995-07-11,17.25,17.5,17.25,17.5
ALCO,1995-07-12,18.0,18.25,17.38,17.38
ALCO,1995-07-13,18.25,18.25,17.5,17.5
ALCO,1995-07-14,17.5,18.25,17.5,17.5
ALCO,1995-07-17,18.25,18.25,18.25,18.25
ALCO,1995-07-18,17.5,18.0,17.5,18.0
ALCO,1995-07-19,17.75,18.0,17.5,17.5
ALCO,1995-07-20,17.5,18.0,17.25,17.75
ALCO,1995-07-21,17.75,17.75,17.25,17.25
ALCO,1995-07-24,17.75,17.75,17.25,17.25
ALCO,1995-07-25,17.75,18.5,17.25,17.75
ALCO,1995-07-26,18.12,18.5,18.12,18.5
ALCO,1995-07-27,17.75,18.25,17.75,18.25
ALCO,1995-07-28,18.0,18.0,18.0,18.0
ALCO,1995-07-31,17.88,17.88,17.75,17.75
ALCO,1995-08-01,18.25,18.25,18.12,18.12
ALCO,1995-08-02,18.06,18.75,18.0,18.0
ALCO,1995-08-03,18.38,18.5,18.0,18.0
ALCO,1995-08-04,18.38,18.5,18.12,18.12
ALCO,1995-08-07,18.38,18.75,18.0,18.0
ALCO,1995-08-08,18.38,18.38,18.0,18.0
ALCO,1995-08-09,18.5,18.5,18.12,18.12
ALCO,1995-08-10,18.0,18.75,18.0,18.12
ALCO,1995-08-11,18.38,18.75,18.0,18.0
ALCO,1995-08-14,18.75,18.75,18.0,18.5
ALCO,1995-08-15,18.12,18.12,17.5,17.75
ALCO,1995-08-16,18.5,18.5,17.5,18.25
ALCO,1995-08-17,17.5,17.5,17.5,17.5
ALCO,1995-08-18,18.25,18.25,18.25,18.25
ALCO,1995-08-21,18.5,18.5,18.5,18.5
ALCO,1995-08-22,17.5,17.5,17.5,17.5
ALCO,1995-08-23,17.5,18.5,17.5,17.5
ALCO,1995-08-24,17.5,17.5,17.5,17.5
ALCO,1995-08-25,17.88,17.88,17.25,17.38
ALCO,1995-08-28,17.75,18.25,17.75,18.0
ALCO,1995-08-29,17.75,18.0,17.75,17.75
ALCO,1995-08-30,17.25,18.25,17.25,18.25
ALCO,1995-08-31,18.0,18.0,18.0,18.0
ALCO,1995-09-01,18.0,18.0,18.0,18.0
ALCO,1995-09-05,18.5,18.5,17.5,17.5
ALCO,1995-09-06,17.5,17.5,17.5,17.5
ALCO,1995-09-07,18.0,18.0,17.75,17.75
ALCO,1995-09-08,18.0,18.0,18.0,18.0
ALCO,1995-09-11,17.25,18.0,17.25,17.25
ALCO,1995-09-12,17.75,17.75,17.25,17.25
ALCO,1995-09-13,17.25,17.38,17.25,17.38
ALCO,1995-09-14,18.0,18.0,18.0,18.0
ALCO,1995-09-15,17.25,17.75,17.12,17.5
ALCO,1995-09-18,17.5,17.75,17.0,17.0
ALCO,1995-09-19,17.75,18.0,17.75,18.0
ALCO,1995-09-20,18.0,18.25,17.25,17.25
ALCO,1995-09-21,17.25,18.25,17.25,17.75
ALCO,1995-09-22,17.25,18.0,17.25,17.5
ALCO,1995-09-25,17.25,17.5,17.25,17.5
ALCO,1995-09-26,17.5,17.5,17.5,17.5
ALCO,1995-09-27,17.5,17.5,17.5,17.5
ALCO,1995-09-28,17.5,18.5,17.25,17.69
ALCO,1995-09-29,17.69,17.69,17.69,17.69
ALCO,1995-10-02,18.0,18.0,17.5,17.5
ALCO,1995-10-03,18.0,18.0,17.25,17.25
ALCO,1995-10-04,17.62,17.75,17.62,17.75
ALCO,1995-10-05,17.75,17.75,17.75,17.75
ALCO,1995-10-06,17.75,17.75,17.75,17.75
ALCO,1995-10-09,17.25,18.25,17.25,18.25
ALCO,1995-10-10,17.25,17.25,17.25,17.25
ALCO,1995-10-11,17.25,17.25,17.25,17.25
ALCO,1995-10-12,18.25,18.25,18.25,18.25
ALCO,1995-10-13,17.25,18.5,17.25,18.5
ALCO,1995-10-16,18.5,18.5,17.5,18.25
ALCO,1995-10-17,17.5,18.0,17.5,18.0
ALCO,1995-10-18,17.5,18.25,17.5,18.0
ALCO,1995-10-19,17.5,18.0,17.5,17.62
ALCO,1995-10-20,17.5,17.5,17.5,17.5
ALCO,1995-10-23,17.5,17.5,17.5,17.5
ALCO,1995-10-24,17.5,17.5,17.5,17.5
ALCO,1995-10-25,17.88,17.88,17.88,17.88
ALCO,1995-10-26,17.69,17.88,17.5,17.75
ALCO,1995-10-27,17.5,17.75,17.5,17.75
ALCO,1995-10-30,17.5,17.88,17.5,17.88
ALCO,1995-10-31,17.5,17.88,17.5,17.5
ALCO,1995-11-01,17.5,17.88,17.5,17.5
ALCO,1995-11-02,17.5,17.69,17.5,17.69
ALCO,1995-11-03,17.88,17.88,17.88,17.88
ALCO,1995-11-06,17.88,17.88,17.5,17.5
ALCO,1995-11-07,17.5,17.88,17.5,17.75
ALCO,1995-11-08,17.5,17.5,17.5,17.5
ALCO,1995-11-09,17.88,17.88,17.5,17.62
ALCO,1995-11-10,17.75,17.75,17.62,17.75
ALCO,1995-11-13,17.75,17.75,17.5,17.5
ALCO,1995-11-14,17.5,17.75,17.5,17.5
ALCO,1995-11-15,17.5,17.5,17.5,17.5
ALCO,1995-11-16,17.75,17.75,17.5,17.5
ALCO,1995-11-17,17.5,17.75,17.5,17.62
ALCO,1995-11-20,17.62,17.75,17.56,17.75
ALCO,1995-11-21,17.75,17.75,17.5,17.62
ALCO,1995-11-22,17.5,17.75,17.5,17.75
ALCO,1995-11-24,17.5,18.12,17.5,18.12
ALCO,1995-11-27,18.5,19.5,17.88,19.25
ALCO,1995-11-28,19.25,20.75,19.25,20.75
ALCO,1995-11-29,21.25,21.25,20.12,21.0
ALCO,1995-11-30,21.5,22.25,20.75,21.88
ALCO,1995-12-01,22.25,24.5,21.75,24.5
ALCO,1995-12-04,25.25,26.0,24.5,25.0
ALCO,1995-12-05,25.5,26.0,24.25,24.5
ALCO,1995-12-06,25.5,25.5,24.25,25.5
ALCO,1995-12-07,25.5,25.5,24.25,25.5
ALCO,1995-12-08,25.5,25.5,24.0,24.0
ALCO,1995-12-11,25.0,25.5,24.0,25.5
ALCO,1995-12-12,25.5,25.5,24.25,24.25
ALCO,1995-12-13,24.25,25.25,24.0,24.75
ALCO,1995-12-14,24.75,25.0,24.0,25.0
ALCO,1995-12-15,25.5,25.75,24.5,25.25
ALCO,1995-12-18,25.5,26.5,25.25,25.25
ALCO,1995-12-19,26.0,26.0,25.0,25.56
ALCO,1995-12-20,26.0,26.0,25.0,25.25
ALCO,1995-12-21,25.25,26.25,25.25,26.25
ALCO,1995-12-22,25.25,26.5,25.25,26.25
ALCO,1995-12-26,26.0,26.25,25.25,25.75
ALCO,1995-12-27,26.25,26.25,25.88,26.25
ALCO,1995-12-28,26.25,26.25,25.25,26.25
ALCO,1995-12-29,25.25,26.25,25.25,26.25
ALCO,1996-01-02,26.25,26.25,25.0,26.25
ALCO,1996-01-03,26.25,26.25,25.0,25.62
ALCO,1996-01-04,25.38,26.25,25.0,25.12
ALCO,1996-01-05,24.75,26.0,24.75,25.75
ALCO,1996-01-08,25.75,25.75,24.75,24.75
ALCO,1996-01-09,24.75,25.5,24.75,25.5
ALCO,1996-01-10,25.5,25.5,24.0,24.38
ALCO,1996-01-11,25.0,25.0,24.25,24.5
ALCO,1996-01-12,24.25,25.0,24.0,24.0
ALCO,1996-01-15,24.0,25.0,23.75,25.0
ALCO,1996-01-16,25.0,25.0,23.5,24.0
ALCO,1996-01-17,23.75,24.5,23.5,23.5
ALCO,1996-01-18,24.5,24.5,23.5,24.5
ALCO,1996-01-19,24.5,24.5,23.5,24.5
ALCO,1996-01-22,23.5,24.25,23.5,24.25
ALCO,1996-01-23,23.5,24.0,23.5,23.5
ALCO,1996-01-24,23.5,24.0,23.5,23.75
ALCO,1996-01-25,24.0,24.0,23.5,23.62
ALCO,1996-01-26,23.5,24.0,22.5,23.0
ALCO,1996-01-29,23.5,23.5,22.0,22.0
ALCO,1996-01-30,22.75,22.75,21.75,22.75
ALCO,1996-01-31,22.25,22.75,22.0,22.75
ALCO,1996-02-01,22.75,23.0,22.5,22.94
ALCO,1996-02-02,22.5,24.0,22.5,23.75
ALCO,1996-02-05,23.0,23.75,22.5,22.5
ALCO,1996-02-06,22.5,23.25,22.5,22.5
ALCO,1996-02-07,22.25,23.25,22.25,22.25
ALCO,1996-02-08,23.25,23.25,22.25,23.25
ALCO,1996-02-09,22.25,23.25,22.25,23.0
ALCO,1996-02-12,22.25,23.25,22.25,23.0
ALCO,1996-02-13,22.25,23.0,22.0,22.25
ALCO,1996-02-14,22.0,23.0,22.0,22.62
ALCO,1996-02-15,23.0,23.0,22.0,22.0
ALCO,1996-02-16,22.0,23.0,22.0,22.62
ALCO,1996-02-20,22.25,23.5,22.25,23.0
ALCO,1996-02-21,23.5,23.5,22.25,22.75
ALCO,1996-02-22,23.25,23.25,22.5,22.5
ALCO,1996-02-23,23.25,23.25,22.62,23.25
ALCO,1996-02-26,23.25,23.25,22.5,23.12
ALCO,1996-02-27,23.25,23.25,23.0,23.0
ALCO,1996-02-28,23.25,23.25,22.75,23.25
ALCO,1996-02-29,23.38,24.75,23.0,24.5
ALCO,1996-03-01,24.75,24.75,23.25,24.0
ALCO,1996-03-04,24.5,25.0,24.0,24.81
ALCO,1996-03-05,25.5,25.5,24.0,25.5
ALCO,1996-03-06,25.5,25.5,24.0,25.0
ALCO,1996-03-07,25.5,25.5,24.75,24.75
ALCO,1996-03-08,24.0,25.5,24.0,24.0
ALCO,1996-03-11,23.75,25.0,23.75,23.75
ALCO,1996-03-12,24.5,24.5,23.75,23.75
ALCO,1996-03-13,24.12,24.5,23.75,23.75
ALCO,1996-03-14,24.5,24.5,23.75,23.75
ALCO,1996-03-15,23.5,24.0,23.5,23.5
ALCO,1996-03-18,23.75,23.75,22.75,23.5
ALCO,1996-03-19,22.5,23.0,22.5,22.5
ALCO,1996-03-20,22.5,23.5,22.5,23.5
ALCO,1996-03-21,23.5,23.5,23.0,23.5
ALCO,1996-03-22,22.5,23.5,22.5,23.5
ALCO,1996-03-25,22.5,24.0,22.5,23.5
ALCO,1996-03-26,24.0,24.0,22.75,23.5
ALCO,1996-03-27,23.5,23.5,22.5,23.25
ALCO,1996-03-28,22.5,23.0,22.5,23.0
ALCO,1996-03-29,23.0,23.0,22.5,22.5
ALCO,1996-04-01,22.5,23.25,22.5,22.5
ALCO,1996-04-02,22.25,23.25,21.94,22.75
ALCO,1996-04-03,23.5,23.5,23.5,23.5
ALCO,1996-04-04,23.5,23.5,23.5,23.5
ALCO,1996-04-08,22.25,23.5,22.25,23.5
ALCO,1996-04-09,23.5,23.5,23.25,23.5
ALCO,1996-04-10,23.5,23.5,22.75,23.0
ALCO,1996-04-11,22.75,23.5,22.75,22.75
ALCO,1996-04-12,23.0,23.0,22.8,22.8
ALCO,1996-04-15,23.5,23.5,22.5,23.0
ALCO,1996-04-16,22.5,23.5,22.5,23.5
ALCO,1996-04-17,23.0,23.5,22.75,23.25
ALCO,1996-04-18,22.5,23.25,22.5,22.5
ALCO,1996-04-19,23.25,23.25,22.5,22.88
ALCO,1996-04-22,22.5,24.25,22.5,23.75
ALCO,1996-04-23,24.25,24.25,22.5,22.5
ALCO,1996-04-24,22.5,24.0,22.5,22.5
ALCO,1996-04-25,23.5,23.5,22.5,22.5
ALCO,1996-04-26,23.0,23.0,22.5,22.5
ALCO,1996-04-29,22.5,22.75,22.25,22.38
ALCO,1996-04-30,22.75,22.75,22.25,22.5
ALCO,1996-05-01,22.25,22.75,22.25,22.62
ALCO,1996-05-02,22.25,22.25,22.25,22.25
ALCO,1996-05-03,23.0,23.0,23.0,23.0
ALCO,1996-05-06,23.0,23.0,22.25,22.25
ALCO,1996-05-07,22.25,22.75,22.25,22.25
ALCO,1996-05-08,22.25,22.75,22.0,22.25
ALCO,1996-05-09,22.0,22.75,22.0,22.5
ALCO,1996-05-10,22.25,22.75,22.0,22.0
ALCO,1996-05-13,22.75,22.75,22.0,22.75
ALCO,1996-05-14,22.75,22.75,22.0,22.38
ALCO,1996-05-15,22.0,22.5,21.25,22.25
ALCO,1996-05-16,21.5,22.25,20.69,21.25
ALCO,1996-05-17,21.0,22.25,21.0,21.5
ALCO,1996-05-20,21.25,22.25,21.25,22.0
ALCO,1996-05-21,21.5,22.75,21.5,22.0
ALCO,1996-05-22,22.75,22.75,21.75,22.75
ALCO,1996-05-23,21.5,22.75,21.5,22.75
ALCO,1996-05-24,22.25,22.75,21.75,22.25
ALCO,1996-05-28,22.5,22.75,21.5,22.75
ALCO,1996-05-29,22.75,22.75,21.5,22.25
ALCO,1996-05-30,21.75,22.75,21.75,22.0
ALCO,1996-05-31,22.25,22.75,22.25,22.5
ALCO,1996-06-03,22.75,22.75,21.75,22.25
ALCO,1996-06-04,21.75,22.75,21.75,22.25
ALCO,1996-06-05,21.5,22.75,21.5,22.75
ALCO,1996-06-06,22.75,22.75,21.5,21.75
ALCO,1996-06-07,21.75,21.75,21.75,21.75
ALCO,1996-06-10,21.5,22.75,21.5,22.25
ALCO,1996-06-11,22.25,22.75,22.12,22.5
ALCO,1996-06-12,21.5,22.75,21.5,22.62
ALCO,1996-06-13,22.75,22.75,21.5,22.25
ALCO,1996-06-14,21.5,22.75,21.5,22.75
ALCO,1996-06-17,22.75,22.75,22.75,22.75
ALCO,1996-06-18,22.12,22.75,21.5,21.5
ALCO,1996-06-19,22.12,22.75,21.0,22.25
ALCO,1996-06-20,21.0,22.0,20.75,21.12
ALCO,1996-06-21,21.5,21.75,20.75,21.75
ALCO,1996-06-24,21.0,21.5,21.0,21.0
ALCO,1996-06-25,21.75,21.75,19.5,19.5
ALCO,1996-06-26,19.5,20.5,19.5,20.0
ALCO,1996-06-27,19.5,20.0,17.25,18.5
ALCO,1996-06-28,19.0,19.88,18.0,19.5
ALCO,1996-07-01,19.5,20.5,19.5,20.5
ALCO,1996-07-02,21.0,21.0,19.81,21.0
ALCO,1996-07-03,19.75,21.0,19.75,21.0
ALCO,1996-07-05,20.5,20.5,20.5,20.5
ALCO,1996-07-08,19.75,20.75,19.75,19.75
ALCO,1996-07-09,19.75,20.25,19.75,19.75
ALCO,1996-07-10,19.75,19.75,19.75,19.75
ALCO,1996-07-11,20.0,20.0,19.25,19.75
ALCO,1996-07-12,19.25,20.0,19.25,20.0
ALCO,1996-07-15,19.5,19.62,19.5,19.62
ALCO,1996-07-16,19.5,19.69,19.5,19.56
ALCO,1996-07-17,19.5,20.0,19.5,20.0
ALCO,1996-07-18,19.75,19.75,19.75,19.75
ALCO,1996-07-19,20.25,20.25,19.75,20.12
ALCO,1996-07-22,19.75,20.0,19.75,19.75
ALCO,1996-07-23,20.0,20.25,19.75,20.0
ALCO,1996-07-24,19.88,20.0,19.75,20.0
ALCO,1996-07-25,20.25,20.25,20.25,20.25
ALCO,1996-07-26,19.62,19.62,19.5,19.5
ALCO,1996-07-29,19.5,19.5,19.5,19.5
ALCO,1996-07-30,19.25,20.0,19.25,19.5
ALCO,1996-07-31,20.0,20.0,19.25,19.25
ALCO,1996-08-01,19.0,19.0,19.0,19.0
ALCO,1996-08-02,20.0,20.0,19.0,19.0
ALCO,1996-08-05,18.75,19.12,18.75,18.75
ALCO,1996-08-06,18.75,19.75,18.75,19.25
ALCO,1996-08-07,19.75,19.75,19.25,19.25
ALCO,1996-08-08,19.75,20.0,18.75,18.75
ALCO,1996-08-09,18.75,20.0,18.75,20.0
ALCO,1996-08-12,20.0,20.0,20.0,20.0
ALCO,1996-08-13,20.0,20.0,20.0,20.0
ALCO,1996-08-14,19.0,20.25,19.0,20.25
ALCO,1996-08-15,19.25,20.5,19.25,19.25
ALCO,1996-08-16,19.25,20.5,19.25,20.0
ALCO,1996-08-19,19.5,20.0,19.25,19.25
ALCO,1996-08-20,19.25,21.0,19.25,20.0
ALCO,1996-08-21,19.75,20.0,19.75,19.75
ALCO,1996-08-22,19.75,20.0,19.75,19.75
ALCO,1996-08-23,21.0,21.0,19.75,19.75
ALCO,1996-08-26,21.0,21.0,19.75,20.25
ALCO,1996-08-27,19.5,20.23,19.5,20.23
ALCO,1996-08-28,20.0,20.5,19.5,20.0
ALCO,1996-08-29,20.75,20.75,20.25,20.25
ALCO,1996-08-30,20.75,20.75,20.75,20.75
ALCO,1996-09-03,20.5,20.75,19.5,20.75
ALCO,1996-09-04,20.25,20.25,19.5,19.75
ALCO,1996-09-05,20.12,21.0,20.0,21.0
ALCO,1996-09-06,21.0,21.0,20.0,20.0
ALCO,1996-09-09,21.25,21.25,21.0,21.0
ALCO,1996-09-10,20.0,21.5,20.0,21.0
ALCO,1996-09-11,20.25,21.5,20.25,21.5
ALCO,1996-09-12,20.5,21.5,20.5,21.5
ALCO,1996-09-13,21.38,21.5,21.38,21.5
ALCO,1996-09-16,20.75,21.0,20.75,21.0
ALCO,1996-09-17,20.75,22.0,20.75,22.0
ALCO,1996-09-18,20.75,22.25,20.75,21.25
ALCO,1996-09-19,21.5,21.5,21.5,21.5
ALCO,1996-09-20,20.75,22.0,20.75,21.0
ALCO,1996-09-23,21.0,22.0,21.0,21.0
ALCO,1996-09-24,22.0,22.0,20.75,20.75
ALCO,1996-09-25,20.5,21.5,20.5,20.5
ALCO,1996-09-26,20.5,20.5,20.25,20.25
ALCO,1996-09-27,20.25,21.0,20.25,21.0
ALCO,1996-09-30,20.25,20.25,20.25,20.25
ALCO,1996-10-01,20.25,20.88,20.25,20.75
ALCO,1996-10-02,21.5,21.5,20.5,21.0
ALCO,1996-10-03,21.5,21.5,20.62,20.75
ALCO,1996-10-04,21.5,21.5,20.75,20.75
ALCO,1996-10-07,20.5,21.5,20.5,20.5
ALCO,1996-10-08,20.5,20.5,20.5,20.5
ALCO,1996-10-09,21.5,21.5,20.5,20.5
ALCO,1996-10-10,20.5,21.5,20.5,20.88
ALCO,1996-10-11,21.25,21.5,20.5,20.88
ALCO,1996-10-14,22.0,22.0,20.5,20.5
ALCO,1996-10-15,21.75,21.75,20.5,20.5
ALCO,1996-10-16,20.5,22.0,20.5,21.5
ALCO,1996-10-17,22.0,22.0,20.5,21.0
ALCO,1996-10-18,21.12,21.75,21.12,21.5
ALCO,1996-10-21,21.75,22.0,20.75,21.38
ALCO,1996-10-22,22.0,22.0,21.0,21.0
ALCO,1996-10-23,21.0,21.0,21.0,21.0
ALCO,1996-10-24,21.0,21.25,21.0,21.0
ALCO,1996-10-25,21.0,21.0,21.0,21.0
ALCO,1996-10-28,21.0,21.25,21.0,21.0
ALCO,1996-10-29,21.25,21.25,20.5,21.0
ALCO,1996-10-30,21.0,21.0,20.5,20.75
ALCO,1996-10-31,20.5,21.25,20.5,20.88
ALCO,1996-11-01,20.5,21.0,20.5,21.0
ALCO,1996-11-04,20.5,20.5,20.5,20.5
ALCO,1996-11-05,20.5,20.5,20.5,20.5
ALCO,1996-11-06,20.5,20.62,20.5,20.62
ALCO,1996-11-07,20.5,20.75,20.5,20.5
ALCO,1996-11-08,20.5,20.75,20.5,20.75
ALCO,1996-11-11,21.0,21.0,20.5,20.75
ALCO,1996-11-12,20.5,20.62,20.5,20.5
ALCO,1996-11-13,20.5,20.75,20.5,20.5
ALCO,1996-11-14,20.25,20.38,20.0,20.0
ALCO,1996-11-15,20.0,20.5,20.0,20.5
ALCO,1996-11-18,20.5,20.5,19.75,19.75
ALCO,1996-11-19,19.75,20.25,19.75,20.25
ALCO,1996-11-20,20.75,20.75,19.75,19.75
ALCO,1996-11-21,19.25,20.5,19.25,20.5
ALCO,1996-11-22,19.25,20.5,19.25,19.5
ALCO,1996-11-25,20.5,20.5,19.25,19.25
ALCO,1996-11-26,19.25,20.5,19.25,20.5
ALCO,1996-11-27,19.5,20.75,19.5,20.0
ALCO,1996-11-29,20.75,21.0,20.5,20.5
ALCO,1996-12-02,21.25,21.25,19.75,19.75
ALCO,1996-12-03,19.62,20.25,19.5,19.62
ALCO,1996-12-04,19.62,20.25,19.5,19.88
ALCO,1996-12-05,19.88,19.88,19.88,19.88
ALCO,1996-12-06,18.5,20.0,18.5,19.38
ALCO,1996-12-09,18.75,20.0,18.75,19.0
ALCO,1996-12-10,18.75,18.75,18.75,18.75
ALCO,1996-12-11,18.75,19.25,18.75,18.75
ALCO,1996-12-12,19.38,19.75,18.5,18.75
ALCO,1996-12-13,18.25,19.75,18.0,18.5
ALCO,1996-12-16,18.38,19.0,18.0,18.5
ALCO,1996-12-17,19.5,19.5,18.25,18.25
ALCO,1996-12-18,18.25,19.5,18.25,19.5
ALCO,1996-12-19,19.0,19.5,18.75,18.75
ALCO,1996-12-20,19.5,19.75,19.0,19.5
ALCO,1996-12-23,19.0,19.25,18.75,18.75
ALCO,1996-12-24,18.75,18.75,18.75,18.75
ALCO,1996-12-26,19.25,19.5,19.0,19.0
ALCO,1996-12-27,18.75,19.25,18.75,18.88
ALCO,1996-12-30,18.75,19.25,18.75,19.0
ALCO,1996-12-31,18.75,19.25,18.75,18.75
ALCO,1997-01-02,19.12,19.25,18.75,19.12
ALCO,1997-01-03,19.12,19.12,19.12,19.12
ALCO,1997-01-06,18.75,19.25,18.75,18.75
ALCO,1997-01-07,18.75,19.25,18.75,18.75
ALCO,1997-01-08,18.75,19.25,18.75,19.25
ALCO,1997-01-09,19.25,19.25,18.75,18.75
ALCO,1997-01-10,19.25,19.25,18.5,19.25
ALCO,1997-01-13,18.5,19.25,18.5,19.0
ALCO,1997-01-14,19.25,19.25,18.75,18.75
ALCO,1997-01-15,19.0,19.25,18.5,18.5
ALCO,1997-01-16,19.25,19.25,18.75,19.0
ALCO,1997-01-17,20.0,20.0,19.25,19.75
ALCO,1997-01-20,20.0,20.0,19.0,19.88
ALCO,1997-01-21,20.25,20.25,20.25,20.25
ALCO,1997-01-22,19.0,19.0,19.0,19.0
ALCO,1997-01-23,19.0,19.75,19.0,19.75
ALCO,1997-01-24,19.0,19.62,19.0,19.62
ALCO,1997-01-27,19.0,19.38,19.0,19.38
ALCO,1997-01-28,19.25,19.38,19.25,19.25
ALCO,1997-01-29,19.75,20.75,19.75,20.38
ALCO,1997-01-30,20.0,21.0,19.5,21.0
ALCO,1997-01-31,19.5,19.5,19.5,19.5
ALCO,1997-02-03,19.5,20.75,19.5,19.5
ALCO,1997-02-04,19.62,19.62,19.62,19.62
ALCO,1997-02-05,20.25,20.25,19.5,19.62
ALCO,1997-02-06,19.5,19.5,19.5,19.5
ALCO,1997-02-07,20.5,20.5,19.5,19.5
ALCO,1997-02-10,19.88,19.88,19.5,19.62
ALCO,1997-02-11,19.75,20.0,19.75,19.75
ALCO,1997-02-12,19.75,20.75,19.75,20.25
ALCO,1997-02-13,19.75,19.88,19.75,19.88
ALCO,1997-02-14,19.75,19.75,19.75,19.75
ALCO,1997-02-18,19.75,19.75,19.75,19.75
ALCO,1997-02-19,20.5,20.5,19.5,19.5
ALCO,1997-02-20,19.25,20.25,19.0,19.0
ALCO,1997-02-21,18.75,19.75,18.75,19.75
ALCO,1997-02-24,19.75,19.75,19.75,19.75
ALCO,1997-02-25,18.5,19.5,18.5,19.0
ALCO,1997-02-26,20.0,20.0,18.75,18.75
ALCO,1997-02-27,18.75,18.75,18.75,18.75
ALCO,1997-02-28,18.75,20.0,18.75,18.75
ALCO,1997-03-03,18.75,19.0,18.75,19.0
ALCO,1997-03-04,18.75,19.5,18.75,18.88
ALCO,1997-03-05,18.75,18.75,18.75,18.75
ALCO,1997-03-06,19.5,19.5,19.5,19.5
ALCO,1997-03-07,18.75,18.75,18.75,18.75
ALCO,1997-03-10,18.75,19.75,18.75,19.25
ALCO,1997-03-11,19.0,19.75,19.0,19.38
ALCO,1997-03-12,20.0,20.25,19.75,20.0
ALCO,1997-03-13,20.12,20.5,19.75,19.75
ALCO,1997-03-14,19.75,20.12,19.75,19.75
ALCO,1997-03-17,19.62,20.25,19.62,20.0
ALCO,1997-03-18,19.5,20.0,19.5,20.0
ALCO,1997-03-19,20.5,20.5,19.75,19.75
ALCO,1997-03-20,20.0,20.12,19.75,20.12
ALCO,1997-03-21,19.75,20.5,19.75,19.75
ALCO,1997-03-24,19.75,19.75,19.75,19.75
ALCO,1997-03-25,19.75,19.75,19.62,19.75
ALCO,1997-03-26,19.75,19.75,19.75,19.75
ALCO,1997-03-27,19.75,19.75,19.75,19.75
ALCO,1997-03-31,19.75,19.75,19.75,19.75
ALCO,1997-04-01,19.75,19.75,19.75,19.75
ALCO,1997-04-02,19.75,19.75,19.75,19.75
ALCO,1997-04-03,19.75,19.75,19.75,19.75
ALCO,1997-04-04,19.75,19.75,19.75,19.75
ALCO,1997-04-07,19.75,20.12,19.38,19.38
ALCO,1997-04-08,19.38,19.38,18.25,18.31
ALCO,1997-04-09,19.0,19.25,18.25,18.25
ALCO,1997-04-10,18.25,18.62,18.25,18.38
ALCO,1997-04-11,18.25,18.75,18.25,18.75
ALCO,1997-04-14,18.75,18.75,18.75,18.75
ALCO,1997-04-15,18.25,18.5,18.25,18.25
ALCO,1997-04-16,19.0,19.0,18.25,18.38
ALCO,1997-04-17,18.5,18.5,18.5,18.5
ALCO,1997-04-18,19.5,19.5,18.25,18.5
ALCO,1997-04-21,18.25,18.38,18.25,18.38
ALCO,1997-04-22,19.25,19.25,18.25,18.75
ALCO,1997-04-23,18.31,18.31,18.25,18.25
ALCO,1997-04-24,19.0,19.0,18.25,18.25
ALCO,1997-04-25,18.25,18.75,18.25,18.25
ALCO,1997-04-28,18.75,18.75,18.25,18.5
ALCO,1997-04-29,18.75,18.75,18.25,18.25
ALCO,1997-04-30,18.25,18.5,18.25,18.25
ALCO,1997-05-01,18.0,18.62,18.0,18.0
ALCO,1997-05-02,18.0,18.38,18.0,18.38
ALCO,1997-05-05,18.12,18.38,17.62,17.94
ALCO,1997-05-06,18.38,18.75,17.75,18.75
ALCO,1997-05-07,18.75,19.0,18.0,18.5
ALCO,1997-05-08,18.0,19.5,18.0,18.5
ALCO,1997-05-09,18.5,19.25,18.5,19.12
ALCO,1997-05-12,19.5,19.5,18.75,19.38
ALCO,1997-05-13,19.38,19.38,19.38,19.38
ALCO,1997-05-14,19.38,19.75,19.0,19.0
ALCO,1997-05-15,18.75,19.0,18.75,19.0
ALCO,1997-05-16,19.0,19.38,19.0,19.0
ALCO,1997-05-19,19.75,19.75,19.75,19.75
ALCO,1997-05-20,19.75,19.75,19.75,19.75
ALCO,1997-05-21,18.75,19.75,18.75,19.75
ALCO,1997-05-22,18.75,18.75,18.75,18.75
ALCO,1997-05-23,19.25,19.25,19.0,19.0
ALCO,1997-05-27,18.75,19.25,18.75,19.25
ALCO,1997-05-28,18.75,19.75,18.75,19.75
ALCO,1997-05-29,19.75,19.75,19.75,19.75
ALCO,1997-05-30,19.75,19.75,19.75,19.75
ALCO,1997-06-02,19.75,19.75,18.75,18.75
ALCO,1997-06-03,19.38,19.38,18.5,19.25
ALCO,1997-06-04,18.88,18.88,18.75,18.75
ALCO,1997-06-05,18.88,19.12,18.88,19.12
ALCO,1997-06-06,19.0,19.12,19.0,19.0
ALCO,1997-06-09,19.0,19.0,19.0,19.0
ALCO,1997-06-10,19.0,19.88,19.0,19.75
ALCO,1997-06-11,19.0,19.0,19.0,19.0
ALCO,1997-06-12,19.0,19.75,19.0,19.75
ALCO,1997-06-13,19.5,19.5,19.12,19.12
ALCO,1997-06-16,19.12,20.0,19.12,19.62
ALCO,1997-06-17,19.75,20.0,19.12,20.0
ALCO,1997-06-18,19.38,19.38,19.38,19.38
ALCO,1997-06-19,20.0,20.0,19.38,20.0
ALCO,1997-06-20,19.38,20.0,19.38,20.0
ALCO,1997-06-23,19.38,20.0,19.38,19.75
ALCO,1997-06-24,20.0,20.0,19.38,19.38
ALCO,1997-06-25,19.38,19.75,19.38,19.5
ALCO,1997-06-26,19.38,20.0,19.38,20.0
ALCO,1997-06-27,20.0,20.0,19.5,19.5
ALCO,1997-06-30,19.5,20.25,19.5,19.62
ALCO,1997-07-01,19.75,19.75,19.5,19.5
ALCO,1997-07-02,19.5,20.5,19.5,19.75
ALCO,1997-07-03,19.62,19.75,19.62,19.75
ALCO,1997-07-07,19.62,20.5,19.62,20.0
ALCO,1997-07-08,19.62,19.88,19.62,19.62
ALCO,1997-07-09,19.62,20.75,19.62,20.75
ALCO,1997-07-10,20.38,20.5,20.0,20.5
ALCO,1997-07-11,20.5,20.75,20.12,20.12
ALCO,1997-07-14,20.12,20.88,20.12,20.12
ALCO,1997-07-15,20.88,20.88,20.0,20.75
ALCO,1997-07-16,20.0,20.5,20.0,20.25
ALCO,1997-07-17,19.75,20.75,19.75,20.75
ALCO,1997-07-18,19.88,20.75,19.88,20.75
ALCO,1997-07-21,19.88,20.0,19.88,19.88
ALCO,1997-07-22,19.88,20.12,19.88,20.12
ALCO,1997-07-23,20.12,20.12,20.12,20.12
ALCO,1997-07-24,20.12,20.12,20.12,20.12
ALCO,1997-07-25,19.88,20.25,19.88,19.88
ALCO,1997-07-28,21.25,21.25,20.0,20.0
ALCO,1997-07-29,20.62,20.62,20.0,20.0
ALCO,1997-07-30,20.0,21.25,20.0,21.25
ALCO,1997-07-31,20.75,20.75,20.5,20.5
ALCO,1997-08-01,21.12,21.12,20.25,20.88
ALCO,1997-08-04,20.88,21.0,20.25,20.25
ALCO,1997-08-05,21.0,21.0,20.25,20.5
ALCO,1997-08-06,21.25,21.25,20.25,20.5
ALCO,1997-08-07,20.38,21.25,20.38,21.25
ALCO,1997-08-08,21.12,21.25,20.38,21.25
ALCO,1997-08-11,21.0,21.25,20.25,20.25
ALCO,1997-08-12,21.12,21.25,20.25,21.25
ALCO,1997-08-13,20.5,21.25,20.5,20.81
ALCO,1997-08-14,20.5,21.25,20.5,21.0
ALCO,1997-08-15,20.38,21.0,20.38,20.5
ALCO,1997-08-18,21.0,21.0,20.38,20.62
ALCO,1997-08-19,21.25,21.25,20.38,21.25
ALCO,1997-08-20,20.5,23.0,20.5,22.75
ALCO,1997-08-21,22.38,24.25,22.38,24.25
ALCO,1997-08-22,23.5,24.5,23.5,24.25
ALCO,1997-08-25,24.5,24.5,23.5,23.5
ALCO,1997-08-26,24.5,25.25,23.5,24.0
ALCO,1997-08-27,25.25,25.25,24.25,24.5
ALCO,1997-08-28,25.0,25.0,24.0,24.5
ALCO,1997-08-29,24.0,24.5,24.0,24.0
ALCO,1997-09-02,24.0,25.0,24.0,25.0
ALCO,1997-09-03,24.0,25.0,24.0,24.0
ALCO,1997-09-04,24.0,25.0,24.0,24.0
ALCO,1997-09-05,24.25,25.0,24.0,24.5
ALCO,1997-09-08,25.0,25.5,24.25,25.0
ALCO,1997-09-09,24.75,24.75,24.38,24.75
ALCO,1997-09-10,24.75,25.0,24.5,24.88
ALCO,1997-09-11,25.0,25.0,24.62,25.0
ALCO,1997-09-12,25.38,25.38,24.75,25.25
ALCO,1997-09-15,25.38,25.38,24.75,24.75
ALCO,1997-09-16,25.38,25.5,24.88,25.5
ALCO,1997-09-17,25.25,25.5,25.0,25.5
ALCO,1997-09-18,25.5,25.5,24.75,25.38
ALCO,1997-09-19,24.75,25.38,24.75,25.38
ALCO,1997-09-22,25.5,25.5,24.75,25.25
ALCO,1997-09-23,25.25,25.25,25.0,25.0
ALCO,1997-09-24,25.25,25.25,24.88,24.88
ALCO,1997-09-25,25.25,25.25,24.88,24.88
ALCO,1997-09-26,25.25,25.25,24.75,25.0
ALCO,1997-09-29,24.75,25.0,24.75,24.88
ALCO,1997-09-30,24.88,24.88,24.75,24.75
ALCO,1997-10-01,25.0,25.0,24.75,24.88
ALCO,1997-10-02,25.0,25.0,24.75,24.75
ALCO,1997-10-03,25.0,25.12,24.88,25.0
ALCO,1997-10-06,25.0,25.25,24.88,24.88
ALCO,1997-10-07,24.88,25.38,24.88,25.12
ALCO,1997-10-08,25.12,25.12,25.0,25.0
ALCO,1997-10-09,24.75,24.88,24.75,24.88
ALCO,1997-10-10,24.88,25.0,24.88,25.0
ALCO,1997-10-13,25.0,25.0,24.75,24.75
ALCO,1997-10-14,24.94,24.94,24.75,24.75
ALCO,1997-10-15,24.75,25.0,24.75,24.88
ALCO,1997-10-16,24.88,24.88,24.75,24.75
ALCO,1997-10-17,24.88,24.88,24.38,24.38
ALCO,1997-10-20,24.25,24.25,24.25,24.25
ALCO,1997-10-21,24.38,24.5,24.25,24.5
ALCO,1997-10-22,25.0,25.0,24.38,24.69
ALCO,1997-10-23,24.25,24.75,24.25,24.75
ALCO,1997-10-24,24.38,24.69,24.38,24.69
ALCO,1997-10-27,24.38,24.5,24.38,24.38
ALCO,1997-10-28,24.0,24.75,23.88,24.75
ALCO,1997-10-29,24.12,24.38,24.12,24.12
ALCO,1997-10-30,24.25,24.25,24.25,24.25
ALCO,1997-10-31,24.12,24.62,24.12,24.25
ALCO,1997-11-03,24.25,24.25,24.25,24.25
ALCO,1997-11-04,24.25,24.25,24.25,24.25
ALCO,1997-11-05,24.25,24.5,24.25,24.38
ALCO,1997-11-06,24.25,24.5,24.25,24.44
ALCO,1997-11-07,24.38,24.38,23.88,23.88
ALCO,1997-11-10,24.75,24.75,23.88,23.88
ALCO,1997-11-11,24.12,24.12,24.12,24.12
ALCO,1997-11-12,23.88,24.25,23.88,24.0
ALCO,1997-11-13,23.88,24.06,23.88,24.06
ALCO,1997-11-14,24.06,24.06,24.06,24.06
ALCO,1997-11-17,24.0,24.62,24.0,24.62
ALCO,1997-11-18,24.25,24.62,24.25,24.38
ALCO,1997-11-19,24.75,24.75,24.75,24.75
ALCO,1997-11-20,24.38,24.56,24.38,24.38
ALCO,1997-11-21,24.38,24.88,24.38,24.62
ALCO,1997-11-24,24.38,24.38,24.38,24.38
ALCO,1997-11-25,24.25,24.44,24.25,24.25
ALCO,1997-11-26,24.31,24.31,24.31,24.31
ALCO,1997-11-28,24.31,24.31,24.31,24.31
ALCO,1997-12-01,24.31,24.31,24.31,24.31
ALCO,1997-12-02,24.31,24.5,24.19,24.19
ALCO,1997-12-03,24.19,24.19,24.19,24.19
ALCO,1997-12-04,24.19,24.38,24.19,24.38
ALCO,1997-12-05,24.25,24.25,24.12,24.12
ALCO,1997-12-08,24.38,24.38,24.12,24.25
ALCO,1997-12-09,24.12,24.19,24.12,24.19
ALCO,1997-12-10,24.12,24.12,24.12,24.12
ALCO,1997-12-11,24.12,24.12,24.0,24.0
ALCO,1997-12-12,24.0,24.12,24.0,24.0
ALCO,1997-12-15,24.0,24.0,24.0,24.0
ALCO,1997-12-16,23.88,24.0,23.88,23.88
ALCO,1997-12-17,24.0,24.0,23.88,24.0
ALCO,1997-12-18,23.94,24.06,23.94,23.94
ALCO,1997-12-19,23.75,23.81,23.75,23.81
ALCO,1997-12-22,23.75,24.0,23.75,24.0
ALCO,1997-12-23,23.75,24.0,23.75,24.0
ALCO,1997-12-24,23.75,23.75,23.75,23.75
ALCO,1997-12-26,23.5,23.5,23.5,23.5
ALCO,1997-12-29,23.5,23.75,23.5,23.5
ALCO,1997-12-30,23.62,23.62,23.5,23.5
ALCO,1997-12-31,23.5,23.5,23.25,23.25
ALCO,1998-01-02,23.25,23.25,23.25,23.25
ALCO,1998-01-05,23.25,23.5,23.0,23.0
ALCO,1998-01-06,23.0,23.0,23.0,23.0
ALCO,1998-01-07,22.25,22.25,21.5,21.5
ALCO,1998-01-08,21.0,21.0,21.0,21.0
ALCO,1998-01-09,20.88,21.0,20.0,20.25
ALCO,1998-01-12,20.0,20.25,19.5,20.25
ALCO,1998-01-13,19.62,20.25,19.62,20.0
ALCO,1998-01-14,20.0,20.0,20.0,20.0
ALCO,1998-01-15,20.75,21.25,20.38,21.25
ALCO,1998-01-16,20.88,21.5,20.88,21.44
ALCO,1998-01-20,22.25,22.25,21.5,21.88
ALCO,1998-01-21,21.88,22.5,21.75,22.5
ALCO,1998-01-22,21.88,22.5,21.88,22.5
ALCO,1998-01-23,22.0,22.0,22.0,22.0
ALCO,1998-01-26,22.5,22.5,21.75,21.75
ALCO,1998-01-27,21.75,22.75,21.5,22.75
ALCO,1998-01-28,21.88,21.88,21.88,21.88
ALCO,1998-01-29,22.5,22.5,22.25,22.25
ALCO,1998-01-30,22.0,22.25,22.0,22.0
ALCO,1998-02-02,22.0,22.25,22.0,22.25
ALCO,1998-02-03,21.75,21.75,21.75,21.75
ALCO,1998-02-04,22.0,22.0,21.75,21.75
ALCO,1998-02-05,21.5,21.75,21.5,21.75
ALCO,1998-02-06,21.75,21.75,21.75,21.75
ALCO,1998-02-09,21.5,21.5,21.25,21.38
ALCO,1998-02-10,21.38,21.38,21.0,21.0
ALCO,1998-02-11,21.12,21.12,21.12,21.12
ALCO,1998-02-12,21.88,21.88,21.25,21.25
ALCO,1998-02-13,21.25,21.62,21.25,21.62
ALCO,1998-02-17,21.75,22.0,21.75,22.0
ALCO,1998-02-18,21.25,21.25,21.25,21.25
ALCO,1998-02-19,21.5,21.5,21.25,21.25
ALCO,1998-02-20,22.0,22.0,21.62,21.69
ALCO,1998-02-23,21.5,21.5,21.5,21.5
ALCO,1998-02-24,21.5,21.5,21.5,21.5
ALCO,1998-02-25,22.25,22.25,21.5,21.75
ALCO,1998-02-26,21.75,21.75,21.5,21.5
ALCO,1998-02-27,21.75,21.75,21.25,21.25
ALCO,1998-03-02,21.25,21.25,20.75,21.0
ALCO,1998-03-03,20.75,20.75,20.5,20.5
ALCO,1998-03-04,20.5,20.5,20.38,20.38
ALCO,1998-03-05,21.12,21.12,20.25,20.25
ALCO,1998-03-06,20.62,21.12,20.25,21.12
ALCO,1998-03-09,20.38,20.38,20.25,20.25
ALCO,1998-03-10,20.12,20.75,20.12,20.25
ALCO,1998-03-11,20.12,20.75,20.12,20.75
ALCO,1998-03-12,20.5,20.75,20.38,20.75
ALCO,1998-03-13,20.12,20.88,20.12,20.88
ALCO,1998-03-16,20.38,20.38,20.25,20.25
ALCO,1998-03-17,20.88,21.12,20.31,20.59
ALCO,1998-03-18,20.5,21.5,20.5,21.5
ALCO,1998-03-19,20.75,21.0,20.75,21.0
ALCO,1998-03-20,20.88,20.88,20.88,20.88
ALCO,1998-03-23,21.12,22.5,20.88,22.5
ALCO,1998-03-24,21.75,23.0,21.75,23.0
ALCO,1998-03-25,22.0,22.88,22.0,22.0
ALCO,1998-03-26,22.75,22.75,22.75,22.75
ALCO,1998-03-27,22.25,22.25,22.0,22.25
ALCO,1998-03-30,22.0,22.0,21.62,21.62
ALCO,1998-03-31,21.62,21.62,21.62,21.62
ALCO,1998-04-01,21.75,21.75,21.75,21.75
ALCO,1998-04-02,21.62,21.62,21.62,21.62
ALCO,1998-04-03,21.75,21.75,20.75,21.5
ALCO,1998-04-06,21.5,21.5,20.5,20.62
ALCO,1998-04-07,20.5,21.06,20.5,21.06
ALCO,1998-04-08,20.62,20.62,20.62,20.62
ALCO,1998-04-09,20.62,21.75,20.62,21.25
ALCO,1998-04-13,20.75,21.75,20.75,21.25
ALCO,1998-04-14,21.25,21.25,20.38,20.38
ALCO,1998-04-15,21.0,21.5,20.25,20.38
ALCO,1998-04-16,21.0,21.0,20.25,20.25
ALCO,1998-04-17,19.75,21.25,19.75,20.38
ALCO,1998-04-20,20.75,21.5,20.44,20.44
ALCO,1998-04-21,20.25,20.5,20.25,20.5
ALCO,1998-04-22,20.25,20.88,20.25,20.38
ALCO,1998-04-23,20.5,20.5,20.31,20.31
ALCO,1998-04-24,21.0,21.62,21.0,21.5
ALCO,1998-04-27,21.12,21.44,21.12,21.44
ALCO,1998-04-28,21.75,21.75,21.19,21.75
ALCO,1998-04-29,21.12,21.12,21.12,21.12
ALCO,1998-04-30,21.0,21.06,21.0,21.06
ALCO,1998-05-01,21.5,21.75,21.5,21.75
ALCO,1998-05-04,21.12,21.44,21.12,21.44
ALCO,1998-05-05,21.25,21.25,21.25,21.25
ALCO,1998-05-06,21.25,21.25,21.25,21.25
ALCO,1998-05-07,21.5,21.88,21.25,21.88
ALCO,1998-05-08,21.88,21.88,21.5,21.5
ALCO,1998-05-11,21.5,21.88,21.25,21.5
ALCO,1998-05-12,21.25,21.25,21.25,21.25
ALCO,1998-05-13,21.38,21.38,21.38,21.38
ALCO,1998-05-14,21.38,22.12,21.25,22.12
ALCO,1998-05-15,21.25,21.25,21.12,21.12
ALCO,1998-05-18,21.12,21.25,21.12,21.25
ALCO,1998-05-19,20.88,20.88,20.88,20.88
ALCO,1998-05-20,21.0,21.25,21.0,21.0
ALCO,1998-05-21,21.0,21.0,21.0,21.0
ALCO,1998-05-22,21.25,21.25,20.88,20.88
ALCO,1998-05-26,20.62,20.75,20.62,20.75
ALCO,1998-05-27,20.62,20.62,20.5,20.5
ALCO,1998-05-28,20.38,20.38,20.38,20.38
ALCO,1998-05-29,20.88,20.88,20.75,20.75
ALCO,1998-06-01,20.62,20.62,20.62,20.62
ALCO,1998-06-02,20.5,20.75,20.5,20.75
ALCO,1998-06-03,20.5,20.62,20.5,20.62
ALCO,1998-06-04,20.38,20.75,20.38,20.75
ALCO,1998-06-05,20.38,20.38,20.38,20.38
ALCO,1998-06-08,20.38,20.75,20.38,20.75
ALCO,1998-06-09,20.38,20.75,20.38,20.75
ALCO,1998-06-10,20.38,20.56,20.38,20.5
ALCO,1998-06-11,20.38,20.38,20.38,20.38
ALCO,1998-06-12,20.38,20.38,20.0,20.0
ALCO,1998-06-15,19.75,20.0,19.75,20.0
ALCO,1998-06-16,20.0,20.0,19.88,19.88
ALCO,1998-06-17,20.38,20.5,20.38,20.5
ALCO,1998-06-18,20.25,20.38,20.0,20.0
ALCO,1998-06-19,20.0,20.0,20.0,20.0
ALCO,1998-06-22,19.75,20.0,19.75,19.75
ALCO,1998-06-23,20.38,20.38,20.12,20.38
ALCO,1998-06-24,20.5,20.5,20.5,20.5
ALCO,1998-06-25,19.75,20.38,19.75,20.38
ALCO,1998-06-26,20.0,20.0,19.75,19.75
ALCO,1998-06-29,19.75,19.75,19.75,19.75
ALCO,1998-06-30,20.5,20.5,20.38,20.5
ALCO,1998-07-01,19.88,20.75,19.88,20.75
ALCO,1998-07-02,20.75,20.75,20.75,20.75
ALCO,1998-07-06,20.0,20.25,19.75,20.25
ALCO,1998-07-07,19.75,20.5,19.5,20.5
ALCO,1998-07-08,19.75,20.5,19.62,19.62
ALCO,1998-07-09,19.62,20.0,19.5,19.56
ALCO,1998-07-10,19.56,19.88,19.56,19.88
ALCO,1998-07-13,19.62,19.88,19.5,19.88
ALCO,1998-07-14,19.5,20.5,19.5,20.0
ALCO,1998-07-15,20.0,20.0,19.88,19.88
ALCO,1998-07-16,19.75,20.12,19.5,19.5
ALCO,1998-07-17,19.69,20.0,19.38,19.38
ALCO,1998-07-20,19.38,20.38,19.38,19.62
ALCO,1998-07-21,19.5,19.5,19.5,19.5
ALCO,1998-07-22,19.75,20.25,19.75,20.0
ALCO,1998-07-23,19.5,19.5,19.25,19.25
ALCO,1998-07-24,19.75,19.75,19.5,19.5
ALCO,1998-07-27,20.0,20.0,20.0,20.0
ALCO,1998-07-28,19.75,19.75,19.75,19.75
ALCO,1998-07-29,19.25,19.25,19.25,19.25
ALCO,1998-07-30,19.38,19.38,19.38,19.38
ALCO,1998-07-31,19.38,19.75,19.25,19.75
ALCO,1998-08-03,19.0,19.0,19.0,19.0
ALCO,1998-08-04,19.0,19.25,18.56,19.25
ALCO,1998-08-05,18.38,19.38,18.38,19.38
ALCO,1998-08-06,19.0,19.0,19.0,19.0
ALCO,1998-08-07,19.0,19.5,18.62,18.75
ALCO,1998-08-10,18.75,18.75,18.75,18.75
ALCO,1998-08-11,18.5,18.5,18.12,18.12
ALCO,1998-08-12,18.25,18.25,18.25,18.25
ALCO,1998-08-13,18.5,19.0,18.5,19.0
ALCO,1998-08-14,18.25,18.25,18.25,18.25
ALCO,1998-08-17,18.25,18.5,18.19,18.19
ALCO,1998-08-18,18.88,18.88,18.38,18.38
ALCO,1998-08-19,18.31,18.31,18.19,18.19
ALCO,1998-08-20,18.31,18.75,18.25,18.25
ALCO,1998-08-21,18.19,18.19,18.19,18.19
ALCO,1998-08-24,18.19,18.38,18.19,18.19
ALCO,1998-08-25,18.19,18.38,18.19,18.38
ALCO,1998-08-26,18.19,18.19,18.12,18.12
ALCO,1998-08-27,18.12,18.12,17.75,17.88
ALCO,1998-08-28,17.75,17.75,17.75,17.75
ALCO,1998-08-31,17.75,18.38,17.62,17.62
ALCO,1998-09-01,17.62,17.75,17.25,17.75
ALCO,1998-09-02,17.75,17.75,16.75,17.38
ALCO,1998-09-03,16.75,16.75,16.12,16.12
ALCO,1998-09-04,16.0,16.75,16.0,16.75
ALCO,1998-09-08,16.0,17.0,16.0,16.25
ALCO,1998-09-09,16.5,16.75,16.25,16.25
ALCO,1998-09-10,16.12,16.25,16.12,16.25
ALCO,1998-09-11,16.12,16.88,16.12,16.25
ALCO,1998-09-14,16.75,16.75,16.25,16.75
ALCO,1998-09-15,16.25,16.25,16.25,16.25
ALCO,1998-09-16,16.75,16.75,16.75,16.75
ALCO,1998-09-17,16.38,16.38,16.25,16.38
ALCO,1998-09-18,16.75,17.0,16.5,16.5
ALCO,1998-09-21,16.25,16.31,16.25,16.31
ALCO,1998-09-22,17.12,17.12,17.12,17.12
ALCO,1998-09-23,16.38,16.38,16.38,16.38
ALCO,1998-09-24,16.75,16.75,16.75,16.75
ALCO,1998-09-25,16.88,16.88,16.88,16.88
ALCO,1998-09-28,16.88,16.88,16.88,16.88
ALCO,1998-09-29,16.75,17.0,16.75,17.0
ALCO,1998-09-30,16.88,16.88,16.75,16.88
ALCO,1998-10-01,16.38,16.75,16.38,16.75
ALCO,1998-10-02,17.0,17.0,16.5,16.78
ALCO,1998-10-05,16.75,16.75,16.75,16.75
ALCO,1998-10-06,16.62,16.62,16.62,16.62
ALCO,1998-10-07,16.38,16.38,16.19,16.19
ALCO,1998-10-08,16.12,16.62,16.12,16.62
ALCO,1998-10-09,16.38,16.62,16.38,16.38
ALCO,1998-10-12,16.38,16.38,16.25,16.25
ALCO,1998-10-13,16.88,16.88,16.25,16.25
ALCO,1998-10-14,16.25,16.81,16.25,16.5
ALCO,1998-10-15,16.88,16.88,16.88,16.88
ALCO,1998-10-16,16.5,16.88,16.5,16.75
ALCO,1998-10-19,16.62,16.75,16.62,16.75
ALCO,1998-10-20,16.69,16.88,16.5,16.88
ALCO,1998-10-21,16.5,16.75,16.0,16.62
ALCO,1998-10-22,16.5,16.5,16.5,16.5
ALCO,1998-10-23,16.5,16.5,16.5,16.5
ALCO,1998-10-26,17.0,17.25,16.75,17.0
ALCO,1998-10-27,17.12,17.12,17.0,17.12
ALCO,1998-10-28,16.88,17.12,16.88,17.12
ALCO,1998-10-29,16.88,16.88,16.88,16.88
ALCO,1998-10-30,17.12,17.12,17.0,17.12
ALCO,1998-11-02,17.0,17.5,17.0,17.25
ALCO,1998-11-03,17.25,17.25,17.0,17.0
ALCO,1998-11-04,17.0,17.12,17.0,17.0
ALCO,1998-11-05,17.0,17.0,16.75,17.0
ALCO,1998-11-06,16.75,17.12,16.5,17.12
ALCO,1998-11-09,17.5,17.5,17.0,17.0
ALCO,1998-11-10,17.0,17.5,17.0,17.5
ALCO,1998-11-11,17.25,17.25,17.25,17.25
ALCO,1998-11-12,17.25,17.25,17.0,17.25
ALCO,1998-11-13,17.25,17.25,16.62,16.88
ALCO,1998-11-16,16.62,17.5,16.62,17.5
ALCO,1998-11-17,17.0,17.38,16.75,17.0
ALCO,1998-11-18,16.5,17.5,16.5,17.5
ALCO,1998-11-19,17.06,17.75,17.06,17.25
ALCO,1998-11-20,17.25,17.25,17.25,17.25
ALCO,1998-11-23,17.38,17.5,17.06,17.06
ALCO,1998-11-24,17.06,17.5,17.06,17.12
ALCO,1998-11-25,17.06,17.38,17.06,17.12
ALCO,1998-11-27,17.0,17.38,17.0,17.38
ALCO,1998-11-30,17.12,17.12,17.0,17.0
ALCO,1998-12-01,17.12,17.5,17.0,17.25
ALCO,1998-12-02,17.25,17.38,17.12,17.38
ALCO,1998-12-03,17.38,17.88,17.12,17.88
ALCO,1998-12-04,17.88,17.88,17.25,17.38
ALCO,1998-12-07,17.38,17.88,17.38,17.5
ALCO,1998-12-08,18.0,18.0,17.38,17.62
ALCO,1998-12-09,17.25,18.12,17.25,17.25
ALCO,1998-12-10,17.25,17.5,17.25,17.25
ALCO,1998-12-11,17.25,17.5,17.25,17.38
ALCO,1998-12-14,17.38,17.75,17.38,17.5
ALCO,1998-12-15,17.5,17.5,17.5,17.5
ALCO,1998-12-16,17.25,18.0,17.25,17.88
ALCO,1998-12-17,17.75,18.12,17.75,18.12
ALCO,1998-12-18,18.5,18.5,18.25,18.44
ALCO,1998-12-21,18.0,18.75,18.0,18.75
ALCO,1998-12-22,18.5,19.5,18.5,19.5
ALCO,1998-12-23,19.0,19.25,18.75,18.75
ALCO,1998-12-24,18.5,18.5,18.0,18.0
ALCO,1998-12-28,17.75,18.5,17.75,18.12
ALCO,1998-12-29,18.0,18.25,18.0,18.25
ALCO,1998-12-30,18.0,18.0,18.0,18.0
ALCO,1998-12-31,18.12,18.25,17.88,18.0
ALCO,1999-01-04,17.75,17.75,17.75,17.75
ALCO,1999-01-05,18.25,18.25,17.75,17.75
ALCO,1999-01-06,18.62,18.62,17.5,17.5
ALCO,1999-01-07,17.5,17.75,17.0,17.25
ALCO,1999-01-08,17.31,18.25,17.31,17.94
ALCO,1999-01-11,17.75,18.5,17.75,17.88
ALCO,1999-01-12,18.38,18.38,18.12,18.31
ALCO,1999-01-13,17.62,17.75,17.62,17.75
ALCO,1999-01-14,17.75,18.0,17.75,18.0
ALCO,1999-01-15,18.5,19.0,17.75,18.0
ALCO,1999-01-19,17.75,17.75,17.75,17.75
ALCO,1999-01-20,17.62,17.62,17.38,17.38
ALCO,1999-01-21,17.5,19.0,17.5,17.5
ALCO,1999-01-22,17.75,17.75,17.75,17.75
ALCO,1999-01-25,17.75,17.75,17.75,17.75
ALCO,1999-01-26,17.5,18.0,17.5,18.0
ALCO,1999-01-27,17.5,18.25,17.5,18.12
ALCO,1999-01-28,18.0,18.25,18.0,18.12
ALCO,1999-01-29,18.38,18.38,18.38,18.38
ALCO,1999-02-01,17.5,18.0,17.5,18.0
ALCO,1999-02-02,18.0,18.0,17.75,17.75
ALCO,1999-02-03,17.62,17.69,17.62,17.69
ALCO,1999-02-04,17.62,17.62,17.62,17.62
ALCO,1999-02-05,17.0,17.5,17.0,17.0
ALCO,1999-02-08,17.0,17.0,16.06,16.19
ALCO,1999-02-09,15.88,16.62,15.88,15.94
ALCO,1999-02-10,16.0,16.12,15.88,16.12
ALCO,1999-02-11,16.0,16.25,16.0,16.25
ALCO,1999-02-12,16.25,16.25,16.25,16.25
ALCO,1999-02-16,16.5,16.5,15.88,15.88
ALCO,1999-02-17,15.88,15.88,15.88,15.88
ALCO,1999-02-18,16.5,16.5,16.25,16.25
ALCO,1999-02-19,16.25,16.5,16.0,16.5
ALCO,1999-02-22,16.0,16.0,16.0,16.0
ALCO,1999-02-23,16.12,16.12,16.0,16.0
ALCO,1999-02-24,16.25,16.56,16.12,16.12
ALCO,1999-02-25,16.0,16.5,16.0,16.5
ALCO,1999-02-26,16.5,16.5,16.5,16.5
ALCO,1999-03-01,15.88,16.0,15.88,16.0
ALCO,1999-03-02,16.25,16.25,15.75,15.75
ALCO,1999-03-03,15.75,16.06,15.75,16.06
ALCO,1999-03-04,16.06,16.06,16.06,16.06
ALCO,1999-03-05,15.88,15.88,15.81,15.81
ALCO,1999-03-08,16.06,16.06,16.0,16.0
ALCO,1999-03-09,15.88,16.0,15.88,16.0
ALCO,1999-03-10,16.0,16.0,16.0,16.0
ALCO,1999-03-11,16.12,16.25,16.06,16.06
ALCO,1999-03-12,16.0,16.12,16.0,16.0
ALCO,1999-03-15,15.88,15.88,15.88,15.88
ALCO,1999-03-16,15.88,15.88,15.88,15.88
ALCO,1999-03-17,16.38,16.38,16.38,16.38
ALCO,1999-03-18,16.25,16.25,15.88,15.88
ALCO,1999-03-19,15.88,15.88,15.75,15.75
ALCO,1999-03-22,15.75,15.88,15.69,15.69
ALCO,1999-03-23,15.62,15.62,15.25,15.62
ALCO,1999-03-24,16.12,16.12,15.5,15.62
ALCO,1999-03-25,15.5,15.5,15.25,15.44
ALCO,1999-03-26,15.38,15.38,15.38,15.38
ALCO,1999-03-29,15.56,15.56,15.38,15.38
ALCO,1999-03-30,15.5,15.5,15.5,15.5
ALCO,1999-03-31,15.56,15.56,15.25,15.25
ALCO,1999-04-01,15.38,15.38,15.12,15.12
ALCO,1999-04-05,15.0,15.12,13.88,14.0
ALCO,1999-04-06,14.38,14.62,13.75,14.62
ALCO,1999-04-07,14.62,14.62,14.25,14.25
ALCO,1999-04-08,14.5,14.5,14.38,14.38
ALCO,1999-04-09,14.88,15.12,14.38,14.38
ALCO,1999-04-12,14.75,14.75,14.25,14.25
ALCO,1999-04-13,14.62,14.62,14.38,14.5
ALCO,1999-04-14,14.38,14.75,14.25,14.75
ALCO,1999-04-15,14.5,14.5,14.25,14.25
ALCO,1999-04-16,14.75,14.75,14.25,14.38
ALCO,1999-04-19,15.0,15.25,14.5,14.94
ALCO,1999-04-20,15.12,15.12,14.75,14.88
ALCO,1999-04-21,14.5,15.0,14.12,14.5
ALCO,1999-04-22,15.0,15.12,14.5,14.5
ALCO,1999-04-23,15.0,15.0,14.75,14.88
ALCO,1999-04-26,15.25,15.25,15.0,15.0
ALCO,1999-04-27,15.25,15.25,15.25,15.25
ALCO,1999-04-28,15.12,15.75,15.0,15.5
ALCO,1999-04-29,15.88,15.88,15.5,15.75
ALCO,1999-04-30,16.0,16.25,15.75,16.25
ALCO,1999-05-03,15.62,16.5,15.5,16.5
ALCO,1999-05-04,16.38,16.38,15.75,15.75
ALCO,1999-05-05,15.25,15.25,15.25,15.25
ALCO,1999-05-06,15.5,15.5,15.5,15.5
ALCO,1999-05-07,15.5,15.5,15.5,15.5
ALCO,1999-05-10,15.75,15.75,15.75,15.75
ALCO,1999-05-11,16.25,16.25,15.5,16.0
ALCO,1999-05-12,15.5,15.5,15.5,15.5
ALCO,1999-05-13,15.62,15.62,15.62,15.62
ALCO,1999-05-14,15.62,15.75,15.38,15.38
ALCO,1999-05-17,15.38,15.88,15.38,15.81
ALCO,1999-05-18,15.5,15.5,15.5,15.5
ALCO,1999-05-19,15.5,15.5,15.5,15.5
ALCO,1999-05-20,16.0,16.0,15.5,15.5
ALCO,1999-05-21,16.0,16.0,15.56,15.56
ALCO,1999-05-24,15.88,15.88,15.5,15.5
ALCO,1999-05-25,16.0,16.0,15.5,15.5
ALCO,1999-05-26,15.75,16.38,15.25,16.0
ALCO,1999-05-27,15.88,15.88,15.88,15.88
ALCO,1999-05-28,15.88,15.88,15.88,15.88
ALCO,1999-06-01,15.88,15.88,15.75,15.75
ALCO,1999-06-02,15.75,15.75,15.5,15.5
ALCO,1999-06-03,15.5,16.38,15.5,16.0
ALCO,1999-06-04,16.0,16.0,16.0,16.0
ALCO,1999-06-07,15.5,15.5,15.5,15.5
ALCO,1999-06-08,15.25,15.25,15.25,15.25
ALCO,1999-06-09,15.88,15.88,15.88,15.88
ALCO,1999-06-10,15.75,15.75,15.75,15.75
ALCO,1999-06-11,15.75,15.75,15.75,15.75
ALCO,1999-06-14,15.25,15.38,15.12,15.12
ALCO,1999-06-15,15.12,15.5,15.12,15.5
ALCO,1999-06-16,15.5,15.5,15.5,15.5
ALCO,1999-06-17,15.25,15.75,15.25,15.75
ALCO,1999-06-18,15.25,15.75,15.25,15.44
ALCO,1999-06-21,15.75,15.75,15.38,15.5
ALCO,1999-06-22,15.56,15.69,15.44,15.44
ALCO,1999-06-23,15.44,15.44,15.44,15.44
ALCO,1999-06-24,15.25,15.25,15.25,15.25
ALCO,1999-06-25,15.25,15.62,15.25,15.62
ALCO,1999-06-28,15.31,15.31,15.31,15.31
ALCO,1999-06-29,15.25,15.5,15.12,15.5
ALCO,1999-06-30,15.44,15.5,15.38,15.5
ALCO,1999-07-01,15.38,15.75,15.38,15.5
ALCO,1999-07-02,15.38,15.62,15.12,15.38
ALCO,1999-07-06,15.56,15.56,15.44,15.44
ALCO,1999-07-07,15.44,15.5,15.25,15.5
ALCO,1999-07-08,15.62,15.62,15.12,15.25
ALCO,1999-07-09,15.62,15.62,15.62,15.62
ALCO,1999-07-12,15.62,15.62,15.25,15.31
ALCO,1999-07-13,15.31,15.5,15.31,15.5
ALCO,1999-07-14,15.31,15.5,15.31,15.31
ALCO,1999-07-15,15.31,15.31,15.31,15.31
ALCO,1999-07-16,15.31,15.5,15.31,15.5
ALCO,1999-07-19,15.75,15.75,15.44,15.44
ALCO,1999-07-20,15.25,15.44,15.25,15.44
ALCO,1999-07-21,15.44,15.44,15.44,15.44
ALCO,1999-07-22,15.56,15.56,15.38,15.38
ALCO,1999-07-23,15.19,15.62,15.19,15.62
ALCO,1999-07-26,15.19,15.5,15.19,15.31
ALCO,1999-07-27,15.5,15.5,15.5,15.5
ALCO,1999-07-28,15.38,15.75,15.38,15.75
ALCO,1999-07-29,15.75,16.12,15.75,16.12
ALCO,1999-07-30,16.25,16.5,16.25,16.5
ALCO,1999-08-02,16.75,17.5,16.75,17.0
ALCO,1999-08-03,17.12,17.12,17.12,17.12
ALCO,1999-08-04,17.12,17.12,17.12,17.12
ALCO,1999-08-05,17.25,17.5,17.25,17.5
ALCO,1999-08-06,17.75,17.75,17.5,17.5
ALCO,1999-08-09,17.0,17.0,17.0,17.0
ALCO,1999-08-10,17.0,17.0,17.0,17.0
ALCO,1999-08-11,17.0,17.0,17.0,17.0
ALCO,1999-08-12,17.62,17.62,17.62,17.62
ALCO,1999-08-13,17.0,17.0,17.0,17.0
ALCO,1999-08-16,17.38,17.38,17.38,17.38
ALCO,1999-08-17,17.38,17.38,17.38,17.38
ALCO,1999-08-18,17.38,17.38,16.88,17.0
ALCO,1999-08-19,16.62,17.0,16.62,17.0
ALCO,1999-08-20,16.62,16.62,16.62,16.62
ALCO,1999-08-23,16.62,16.62,16.5,16.5
ALCO,1999-08-24,16.5,16.5,16.5,16.5
ALCO,1999-08-25,16.5,16.5,16.5,16.5
ALCO,1999-08-26,16.5,16.88,16.5,16.88
ALCO,1999-08-27,16.5,16.5,16.5,16.5
ALCO,1999-08-30,16.5,16.5,16.25,16.25
ALCO,1999-08-31,16.12,16.25,16.12,16.25
ALCO,1999-09-01,16.12,16.12,15.81,16.0
ALCO,1999-09-02,15.88,15.88,15.88,15.88
ALCO,1999-09-03,16.0,16.12,15.94,15.94
ALCO,1999-09-07,16.12,16.12,15.94,15.94
ALCO,1999-09-08,15.88,15.88,15.81,15.81
ALCO,1999-09-09,15.81,15.81,15.81,15.81
ALCO,1999-09-10,15.88,16.31,15.88,16.31
ALCO,1999-09-13,15.75,15.88,15.0,15.0
ALCO,1999-09-14,14.88,15.38,14.75,14.75
ALCO,1999-09-15,14.88,14.88,14.62,14.88
ALCO,1999-09-16,14.88,14.88,14.88,14.88
ALCO,1999-09-17,14.88,15.12,14.88,15.12
ALCO,1999-09-20,15.38,15.38,15.0,15.0
ALCO,1999-09-21,14.62,14.94,14.62,14.94
ALCO,1999-09-22,14.94,14.94,14.94,14.94
ALCO,1999-09-23,14.75,14.75,14.75,14.75
ALCO,1999-09-24,14.75,14.88,14.75,14.88
ALCO,1999-09-27,14.5,14.5,14.5,14.5
ALCO,1999-09-28,14.62,15.0,14.62,14.75
ALCO,1999-09-29,15.0,15.0,14.75,14.75
ALCO,1999-09-30,14.75,14.75,14.75,14.75
ALCO,1999-10-01,14.75,14.88,14.75,14.75
ALCO,1999-10-04,14.88,15.12,14.88,15.06
ALCO,1999-10-05,15.06,15.06,15.06,15.06
ALCO,1999-10-06,15.12,15.12,15.12,15.12
ALCO,1999-10-07,15.25,15.25,14.88,15.0
ALCO,1999-10-08,14.88,15.12,14.88,15.12
ALCO,1999-10-11,14.94,15.25,14.94,15.25
ALCO,1999-10-12,15.25,15.25,15.25,15.25
ALCO,1999-10-13,14.88,15.0,14.62,15.0
ALCO,1999-10-14,14.69,14.69,14.69,14.69
ALCO,1999-10-15,14.69,14.69,14.69,14.69
ALCO,1999-10-18,14.62,15.12,14.62,15.12
ALCO,1999-10-19,14.88,15.62,14.88,15.38
ALCO,1999-10-20,15.0,15.0,15.0,15.0
ALCO,1999-10-21,15.0,15.0,15.0,15.0
ALCO,1999-10-22,15.0,15.5,15.0,15.0
ALCO,1999-10-25,15.06,15.06,15.06,15.06
ALCO,1999-10-26,15.06,15.25,15.06,15.25
ALCO,1999-10-27,15.38,15.5,15.12,15.5
ALCO,1999-10-28,15.5,15.5,15.5,15.5
ALCO,1999-10-29,15.25,15.38,15.12,15.38
ALCO,1999-11-01,15.38,15.5,15.25,15.25
ALCO,1999-11-02,15.5,15.5,15.12,15.12
ALCO,1999-11-03,15.12,15.12,15.0,15.0
ALCO,1999-11-04,15.0,15.06,15.0,15.06
ALCO,1999-11-05,15.25,15.25,14.62,14.62
ALCO,1999-11-08,14.88,14.88,14.62,14.62
ALCO,1999-11-09,14.75,14.75,14.62,14.62
ALCO,1999-11-10,14.62,14.62,14.62,14.62
ALCO,1999-11-11,14.75,14.75,14.62,14.75
ALCO,1999-11-12,14.62,14.75,14.62,14.75
ALCO,1999-11-15,14.75,15.0,14.75,15.0
ALCO,1999-11-16,15.06,15.62,15.06,15.62
ALCO,1999-11-17,15.62,15.62,15.62,15.62
ALCO,1999-11-18,15.5,15.75,15.5,15.53
ALCO,1999-11-19,15.75,16.0,15.75,16.0
ALCO,1999-11-22,16.0,16.0,15.75,15.75
ALCO,1999-11-23,16.0,16.25,16.0,16.25
ALCO,1999-11-24,15.88,15.94,15.38,15.94
ALCO,1999-11-26,15.38,16.0,15.38,16.0
ALCO,1999-11-29,15.38,16.0,15.38,15.88
ALCO,1999-11-30,15.88,16.12,15.88,16.12
ALCO,1999-12-01,15.88,15.88,15.75,15.75
ALCO,1999-12-02,15.75,15.75,15.75,15.75
ALCO,1999-12-03,15.75,16.0,15.62,15.62
ALCO,1999-12-06,15.62,16.0,15.62,16.0
ALCO,1999-12-07,15.88,16.12,15.88,16.0
ALCO,1999-12-08,16.0,16.25,16.0,16.25
ALCO,1999-12-09,16.12,16.25,15.62,15.88
ALCO,1999-12-10,15.62,16.12,15.38,16.12
ALCO,1999-12-13,15.44,16.0,15.44,15.75
ALCO,1999-12-14,15.5,16.38,15.5,16.0
ALCO,1999-12-15,16.62,16.75,16.0,16.75
ALCO,1999-12-16,16.62,16.62,16.25,16.62
ALCO,1999-12-17,16.62,16.88,16.44,16.75
ALCO,1999-12-20,16.75,17.12,16.31,17.12
ALCO,1999-12-21,17.12,17.56,17.12,17.38
ALCO,1999-12-22,17.38,17.5,17.12,17.12
ALCO,1999-12-23,17.31,17.44,17.12,17.25
ALCO,1999-12-27,17.56,18.12,17.25,17.25
ALCO,1999-12-28,17.12,17.5,17.12,17.38
ALCO,1999-12-29,17.38,17.5,16.88,16.88
ALCO,1999-12-30,17.25,17.5,17.12,17.38
ALCO,1999-12-31,16.75,16.75,16.75,16.75
ALCO,2000-01-03,16.88,16.88,16.38,16.38
ALCO,2000-01-04,15.88,15.88,15.88,15.88
ALCO,2000-01-05,15.88,15.88,15.44,15.44
ALCO,2000-01-06,16.25,16.25,16.25,16.25
ALCO,2000-01-07,16.5,16.5,16.5,16.5
ALCO,2000-01-10,16.0,16.75,15.62,15.62
ALCO,2000-01-11,16.12,16.12,16.12,16.12
ALCO,2000-01-12,16.12,16.31,15.75,16.31
ALCO,2000-01-13,16.62,16.62,16.5,16.62
ALCO,2000-01-14,17.0,17.0,16.0,16.0
ALCO,2000-01-18,16.44,16.62,15.62,15.81
ALCO,2000-01-19,16.88,16.88,16.25,16.25
ALCO,2000-01-20,16.25,16.25,16.12,16.12
ALCO,2000-01-21,16.12,16.5,16.12,16.38
ALCO,2000-01-24,16.56,16.62,16.0,16.0
ALCO,2000-01-25,15.75,15.75,15.25,15.5
ALCO,2000-01-26,15.5,15.5,15.5,15.5
ALCO,2000-01-27,15.5,15.62,15.25,15.62
ALCO,2000-01-28,15.25,15.56,15.25,15.5
ALCO,2000-01-31,15.62,15.62,15.62,15.62
ALCO,2000-02-01,15.62,15.62,15.62,15.62
ALCO,2000-02-02,15.88,15.88,15.75,15.75
ALCO,2000-02-03,15.75,16.38,15.75,16.38
ALCO,2000-02-04,16.5,17.0,16.38,16.38
ALCO,2000-02-07,16.5,16.5,16.5,16.5
ALCO,2000-02-08,17.0,17.44,17.0,17.25
ALCO,2000-02-09,16.38,17.34,16.38,17.19
ALCO,2000-02-10,17.38,18.0,16.5,17.62
ALCO,2000-02-11,16.94,16.94,16.94,16.94
ALCO,2000-02-14,16.62,16.62,16.62,16.62
ALCO,2000-02-15,17.0,17.5,16.62,16.62
ALCO,2000-02-16,16.75,17.25,16.75,17.25
ALCO,2000-02-17,17.25,17.25,17.25,17.25
ALCO,2000-02-18,16.88,17.25,16.81,17.25
ALCO,2000-02-22,16.88,16.88,16.88,16.88
ALCO,2000-02-23,17.0,17.0,16.75,16.75
ALCO,2000-02-24,17.62,17.62,16.75,16.75
ALCO,2000-02-25,17.0,17.0,17.0,17.0
ALCO,2000-02-28,16.75,17.12,16.75,17.12
ALCO,2000-02-29,16.75,17.06,16.38,16.5
ALCO,2000-03-01,16.5,16.88,16.5,16.5
ALCO,2000-03-02,16.5,17.0,16.5,16.75
ALCO,2000-03-03,16.75,17.12,16.75,16.75
ALCO,2000-03-06,16.75,16.75,16.5,16.5
ALCO,2000-03-07,16.5,16.5,16.5,16.5
ALCO,2000-03-08,16.38,16.38,16.38,16.38
ALCO,2000-03-09,16.38,16.62,16.38,16.38
ALCO,2000-03-10,16.25,16.25,16.25,16.25
ALCO,2000-03-13,16.12,16.12,16.12,16.12
ALCO,2000-03-14,16.12,16.12,16.12,16.12
ALCO,2000-03-15,16.25,16.25,15.88,16.0
ALCO,2000-03-16,16.25,16.38,16.0,16.38
ALCO,2000-03-17,16.0,16.0,16.0,16.0
ALCO,2000-03-20,16.0,16.0,16.0,16.0
ALCO,2000-03-21,16.0,16.25,16.0,16.0
ALCO,2000-03-22,16.0,16.25,16.0,16.25
ALCO,2000-03-23,16.0,16.0,16.0,16.0
ALCO,2000-03-24,16.0,16.0,16.0,16.0
ALCO,2000-03-27,15.88,16.25,15.88,16.0
ALCO,2000-03-28,16.12,16.12,16.0,16.12
ALCO,2000-03-29,16.12,16.12,16.12,16.12
ALCO,2000-03-30,16.0,16.0,15.88,15.88
ALCO,2000-03-31,15.88,16.25,15.88,16.25
ALCO,2000-04-03,16.12,16.12,15.38,15.5
ALCO,2000-04-04,15.25,15.72,15.25,15.72
ALCO,2000-04-05,15.25,16.38,15.25,16.38
ALCO,2000-04-06,15.88,15.88,15.88,15.88
ALCO,2000-04-07,15.5,16.48,15.5,16.44
ALCO,2000-04-10,15.5,15.5,15.5,15.5
ALCO,2000-04-11,16.0,16.0,16.0,16.0
ALCO,2000-04-12,16.5,16.5,15.75,16.5
ALCO,2000-04-13,15.62,15.88,15.62,15.62
ALCO,2000-04-14,15.75,15.75,15.62,15.75
ALCO,2000-04-17,16.0,16.0,16.0,16.0
ALCO,2000-04-18,16.0,16.0,16.0,16.0
ALCO,2000-04-19,16.31,17.25,16.31,17.25
ALCO,2000-04-20,16.75,17.25,16.75,17.25
ALCO,2000-04-24,16.56,16.56,15.88,16.5
ALCO,2000-04-25,16.25,16.94,16.25,16.94
ALCO,2000-04-26,16.94,16.94,16.94,16.94
ALCO,2000-04-27,16.5,16.5,16.5,16.5
ALCO,2000-04-28,16.5,16.5,16.5,16.5
ALCO,2000-05-01,17.0,17.19,17.0,17.19
ALCO,2000-05-02,17.0,17.23,16.5,17.23
ALCO,2000-05-03,17.23,17.23,17.23,17.23
ALCO,2000-05-04,16.5,16.5,16.5,16.5
ALCO,2000-05-05,16.5,16.5,16.5,16.5
ALCO,2000-05-08,16.5,16.5,16.5,16.5
ALCO,2000-05-09,16.5,16.5,16.5,16.5
ALCO,2000-05-10,16.5,16.62,16.5,16.62
ALCO,2000-05-11,16.25,16.38,15.88,15.88
ALCO,2000-05-12,15.88,16.0,15.75,16.0
ALCO,2000-05-15,16.0,16.0,16.0,16.0
ALCO,2000-05-16,15.75,16.0,15.75,15.88
ALCO,2000-05-17,15.88,15.88,15.88,15.88
ALCO,2000-05-18,16.25,16.25,15.75,15.75
ALCO,2000-05-19,15.75,15.75,15.75,15.75
ALCO,2000-05-22,16.0,16.0,15.75,15.81
ALCO,2000-05-23,15.56,15.56,15.56,15.56
ALCO,2000-05-24,15.62,15.94,15.62,15.94
ALCO,2000-05-25,16.0,16.0,15.62,15.62
ALCO,2000-05-26,15.88,16.25,15.88,16.25
ALCO,2000-05-30,16.12,16.12,15.06,15.06
ALCO,2000-05-31,15.06,15.62,15.06,15.38
ALCO,2000-06-01,15.5,15.5,14.83,15.25
ALCO,2000-06-02,15.38,15.38,15.38,15.38
ALCO,2000-06-05,15.38,15.38,15.38,15.38
ALCO,2000-06-06,15.38,15.38,15.38,15.38
ALCO,2000-06-07,15.0,16.19,15.0,16.12
ALCO,2000-06-08,15.75,16.0,15.75,16.0
ALCO,2000-06-09,16.0,16.0,16.0,16.0
ALCO,2000-06-12,15.88,16.25,15.88,16.0
ALCO,2000-06-13,16.0,16.0,16.0,16.0
ALCO,2000-06-14,16.0,16.0,16.0,16.0
ALCO,2000-06-15,15.94,16.0,15.94,15.94
ALCO,2000-06-16,15.94,16.0,15.94,15.94
ALCO,2000-06-19,16.25,16.75,16.25,16.75
ALCO,2000-06-20,16.69,18.0,16.0,16.0
ALCO,2000-06-21,16.12,16.12,16.12,16.12
ALCO,2000-06-22,16.0,16.25,15.94,16.25
ALCO,2000-06-23,16.25,16.25,15.94,16.0
ALCO,2000-06-26,16.0,16.0,16.0,16.0
ALCO,2000-06-27,16.0,16.0,16.0,16.0
ALCO,2000-06-28,16.0,16.0,16.0,16.0
ALCO,2000-06-29,16.0,16.0,16.0,16.0
ALCO,2000-06-30,15.88,15.88,15.88,15.88
ALCO,2000-07-03,15.88,15.88,15.88,15.88
ALCO,2000-07-05,15.88,16.0,15.88,15.88
ALCO,2000-07-06,15.88,15.88,15.88,15.88
ALCO,2000-07-07,15.88,15.88,15.62,15.62
ALCO,2000-07-10,15.88,15.88,15.62,15.88
ALCO,2000-07-11,15.62,16.0,15.62,16.0
ALCO,2000-07-12,15.81,15.81,15.81,15.81
ALCO,2000-07-13,15.88,15.88,15.75,15.75
ALCO,2000-07-14,15.5,15.75,15.5,15.75
ALCO,2000-07-17,15.88,15.88,15.75,15.88
ALCO,2000-07-18,15.88,15.88,15.88,15.88
ALCO,2000-07-19,15.88,15.88,15.88,15.88
ALCO,2000-07-20,15.88,16.5,15.88,16.5
ALCO,2000-07-21,16.06,16.06,16.06,16.06
ALCO,2000-07-24,16.0,16.0,16.0,16.0
ALCO,2000-07-25,16.0,16.0,16.0,16.0
ALCO,2000-07-26,16.0,16.0,16.0,16.0
ALCO,2000-07-27,16.0,16.12,16.0,16.12
ALCO,2000-07-28,16.0,16.0,16.0,16.0
ALCO,2000-07-31,16.75,16.75,16.0,16.75
ALCO,2000-08-01,16.0,16.5,16.0,16.5
ALCO,2000-08-02,16.12,16.5,16.12,16.5
ALCO,2000-08-03,16.12,16.12,16.12,16.12
ALCO,2000-08-04,16.12,16.12,16.12,16.12
ALCO,2000-08-07,16.38,16.38,16.19,16.19
ALCO,2000-08-08,16.06,16.25,16.06,16.12
ALCO,2000-08-09,16.12,16.12,16.12,16.12
ALCO,2000-08-10,16.12,16.12,16.12,16.12
ALCO,2000-08-11,16.0,16.12,16.0,16.12
ALCO,2000-08-14,16.12,16.12,16.12,16.12
ALCO,2000-08-15,16.0,16.0,16.0,16.0
ALCO,2000-08-16,16.0,16.06,16.0,16.06
ALCO,2000-08-17,16.06,16.06,16.0,16.0
ALCO,2000-08-18,16.0,16.0,15.94,15.94
ALCO,2000-08-21,15.94,16.38,15.94,16.38
ALCO,2000-08-22,16.19,16.19,16.0,16.0
ALCO,2000-08-23,16.12,16.12,16.12,16.12
ALCO,2000-08-24,16.25,16.25,16.12,16.25
ALCO,2000-08-25,16.12,16.12,16.12,16.12
ALCO,2000-08-28,16.12,16.12,16.12,16.12
ALCO,2000-08-29,16.12,16.12,16.12,16.12
ALCO,2000-08-30,16.12,16.12,16.12,16.12
ALCO,2000-08-31,16.12,16.12,16.12,16.12
ALCO,2000-09-01,16.12,16.12,16.12,16.12
ALCO,2000-09-05,16.31,16.31,16.12,16.12
ALCO,2000-09-06,16.12,16.12,16.12,16.12
ALCO,2000-09-07,16.25,16.25,16.25,16.25
ALCO,2000-09-08,16.25,16.25,16.25,16.25
ALCO,2000-09-11,16.25,16.25,16.25,16.25
ALCO,2000-09-12,16.31,16.38,16.31,16.31
ALCO,2000-09-13,16.38,16.38,16.38,16.38
ALCO,2000-09-14,16.38,16.38,16.38,16.38
ALCO,2000-09-15,16.38,16.38,16.31,16.38
ALCO,2000-09-18,16.31,16.31,16.25,16.25
ALCO,2000-09-19,16.25,16.38,16.25,16.38
ALCO,2000-09-20,16.25,16.25,16.25,16.25
ALCO,2000-09-21,16.25,16.25,16.25,16.25
ALCO,2000-09-22,16.38,16.38,16.38,16.38
ALCO,2000-09-25,16.25,16.38,16.25,16.25
ALCO,2000-09-26,16.25,16.25,16.25,16.25
ALCO,2000-09-27,16.25,16.25,16.25,16.25
ALCO,2000-09-28,16.25,16.25,16.25,16.25
ALCO,2000-09-29,16.38,16.38,16.38,16.38
ALCO,2000-10-02,16.25,16.31,16.25,16.31
ALCO,2000-10-03,16.25,16.28,16.25,16.28
ALCO,2000-10-04,16.31,16.44,16.31,16.38
ALCO,2000-10-05,16.44,16.56,16.38,16.5
ALCO,2000-10-06,16.75,16.75,16.62,16.75
ALCO,2000-10-09,16.88,16.88,16.75,16.81
ALCO,2000-10-10,16.81,16.81,16.81,16.81
ALCO,2000-10-11,16.0,16.0,15.81,15.81
ALCO,2000-10-12,16.0,16.0,16.0,16.0
ALCO,2000-10-13,16.0,16.0,16.0,16.0
ALCO,2000-10-16,15.69,15.69,15.38,15.38
ALCO,2000-10-17,15.5,15.5,15.5,15.5
ALCO,2000-10-18,15.31,15.5,15.31,15.5
ALCO,2000-10-19,15.31,15.31,15.31,15.31
ALCO,2000-10-20,15.31,15.5,15.31,15.31
ALCO,2000-10-23,15.31,15.31,15.31,15.31
ALCO,2000-10-24,15.5,15.62,15.38,15.62
ALCO,2000-10-25,15.62,15.62,15.62,15.62
ALCO,2000-10-26,15.62,15.62,15.5,15.5
ALCO,2000-10-27,15.38,15.38,15.38,15.38
ALCO,2000-10-30,15.5,15.94,15.5,15.62
ALCO,2000-10-31,15.5,15.88,15.5,15.88
ALCO,2000-11-01,15.62,15.88,15.62,15.88
ALCO,2000-11-02,15.94,15.94,15.62,15.75
ALCO,2000-11-03,15.62,15.75,15.62,15.75
ALCO,2000-11-06,15.88,15.88,15.75,15.88
ALCO,2000-11-07,16.0,16.0,16.0,16.0
ALCO,2000-11-08,15.75,16.0,15.75,16.0
ALCO,2000-11-09,16.0,16.0,16.0,16.0
ALCO,2000-11-10,15.88,16.0,15.88,16.0
ALCO,2000-11-13,16.19,16.19,16.19,16.19
ALCO,2000-11-14,15.88,15.88,15.88,15.88
ALCO,2000-11-15,15.88,15.88,15.88,15.88
ALCO,2000-11-16,15.88,15.88,15.88,15.88
ALCO,2000-11-17,15.88,16.0,15.81,16.0
ALCO,2000-11-20,16.0,16.0,16.0,16.0
ALCO,2000-11-21,15.75,15.75,15.75,15.75
ALCO,2000-11-22,15.88,15.94,15.75,15.94
ALCO,2000-11-24,15.94,15.94,15.94,15.94
ALCO,2000-11-27,16.0,16.19,16.0,16.19
ALCO,2000-11-28,16.25,16.25,16.0,16.0
ALCO,2000-11-29,16.0,16.0,16.0,16.0
ALCO,2000-11-30,16.5,16.75,16.38,16.75
ALCO,2000-12-01,17.0,17.75,17.0,17.75
ALCO,2000-12-04,17.38,17.75,17.38,17.75
ALCO,2000-12-05,17.5,17.5,17.5,17.5
ALCO,2000-12-06,17.5,17.5,17.0,17.12
ALCO,2000-12-07,17.0,17.0,17.0,17.0
ALCO,2000-12-08,17.0,17.0,17.0,17.0
ALCO,2000-12-11,16.75,17.25,16.75,17.0
ALCO,2000-12-12,17.0,17.0,16.25,17.0
ALCO,2000-12-13,16.75,16.75,16.75,16.75
ALCO,2000-12-14,17.0,17.0,16.75,16.75
ALCO,2000-12-15,17.0,17.0,16.75,16.75
ALCO,2000-12-18,16.31,16.88,16.25,16.88
ALCO,2000-12-19,16.88,16.88,16.25,16.56
ALCO,2000-12-20,15.5,16.0,15.38,15.62
ALCO,2000-12-21,15.62,15.62,15.62,15.62
ALCO,2000-12-22,15.75,16.44,15.69,16.44
ALCO,2000-12-26,16.88,16.88,16.44,16.88
ALCO,2000-12-27,16.38,16.5,16.38,16.38
ALCO,2000-12-28,16.5,16.5,16.12,16.38
ALCO,2000-12-29,16.38,17.0,16.38,16.5
ALCO,2001-01-02,16.75,16.88,16.75,16.88
ALCO,2001-01-03,16.5,16.5,16.38,16.44
ALCO,2001-01-04,16.44,16.75,16.44,16.75
ALCO,2001-01-05,16.44,16.44,16.06,16.06
ALCO,2001-01-08,16.06,16.06,16.06,16.06
ALCO,2001-01-09,16.06,16.06,16.06,16.06
ALCO,2001-01-10,16.0,16.0,16.0,16.0
ALCO,2001-01-11,16.25,16.81,16.25,16.75
ALCO,2001-01-12,16.75,16.75,16.75,16.75
ALCO,2001-01-16,16.62,16.88,16.5,16.88
ALCO,2001-01-17,16.88,16.88,16.88,16.88
ALCO,2001-01-18,16.88,16.88,16.88,16.88
ALCO,2001-01-19,16.88,16.88,16.88,16.88
ALCO,2001-01-22,16.62,17.0,16.62,16.81
ALCO,2001-01-23,16.91,17.56,16.91,17.56
ALCO,2001-01-24,17.5,17.5,17.5,17.5
ALCO,2001-01-25,17.38,17.38,17.12,17.12
ALCO,2001-01-26,17.12,17.12,17.12,17.12
ALCO,2001-01-29,17.12,17.12,17.12,17.12
ALCO,2001-01-30,17.5,17.5,17.25,17.25
ALCO,2001-01-31,17.25,17.25,17.25,17.25
ALCO,2001-02-01,17.25,17.5,17.25,17.25
ALCO,2001-02-02,17.5,17.5,17.38,17.38
ALCO,2001-02-05,17.38,17.38,17.38,17.38
ALCO,2001-02-06,17.38,17.38,17.38,17.38
ALCO,2001-02-07,17.12,17.5,17.12,17.25
ALCO,2001-02-08,17.25,17.25,16.88,17.25
ALCO,2001-02-09,17.25,17.25,17.25,17.25
ALCO,2001-02-12,16.88,17.0,16.88,16.88
ALCO,2001-02-13,16.81,16.81,16.81,16.81
ALCO,2001-02-14,16.62,16.69,16.62,16.69
ALCO,2001-02-15,16.62,16.62,16.56,16.56
ALCO,2001-02-16,16.56,16.56,16.06,16.06
ALCO,2001-02-20,16.12,16.5,16.06,16.19
ALCO,2001-02-21,16.38,16.62,16.38,16.62
ALCO,2001-02-22,16.62,16.62,16.62,16.62
ALCO,2001-02-23,16.06,16.38,16.06,16.38
ALCO,2001-02-26,16.38,16.81,16.38,16.81
ALCO,2001-02-27,16.81,16.81,16.81,16.81
ALCO,2001-02-28,16.81,16.81,16.81,16.81
ALCO,2001-03-01,17.0,17.0,16.19,16.19
ALCO,2001-03-02,16.75,16.75,16.75,16.75
ALCO,2001-03-05,16.75,16.75,16.75,16.75
ALCO,2001-03-06,16.75,16.75,16.75,16.75
ALCO,2001-03-07,16.5,16.5,16.5,16.5
ALCO,2001-03-08,16.88,17.0,16.88,17.0
ALCO,2001-03-09,15.81,16.25,15.81,16.25
ALCO,2001-03-12,16.25,16.25,16.0,16.0
ALCO,2001-03-13,16.75,16.75,16.75,16.75
ALCO,2001-03-14,16.12,16.12,15.88,15.88
ALCO,2001-03-15,16.12,16.25,15.69,15.75
ALCO,2001-03-16,15.94,15.94,15.75,15.94
ALCO,2001-03-19,16.19,16.61,16.19,16.61
ALCO,2001-03-20,16.0,16.0,16.0,16.0
ALCO,2001-03-21,16.0,16.0,16.0,16.0
ALCO,2001-03-22,16.0,16.0,16.0,16.0
ALCO,2001-03-23,16.25,16.25,16.25,16.25
ALCO,2001-03-26,16.25,16.73,16.25,16.73
ALCO,2001-03-27,16.06,17.5,16.06,17.5
ALCO,2001-03-28,16.88,16.88,16.5,16.5
ALCO,2001-03-29,17.0,17.0,17.0,17.0
ALCO,2001-03-30,17.0,17.0,17.0,17.0
ALCO,2001-04-02,16.5,16.5,16.5,16.5
ALCO,2001-04-03,16.38,16.38,16.38,16.38
ALCO,2001-04-04,16.38,16.38,16.38,16.38
ALCO,2001-04-05,16.56,16.56,16.56,16.56
ALCO,2001-04-06,16.38,16.38,16.38,16.38
ALCO,2001-04-09,16.75,16.75,16.25,16.25
ALCO,2001-04-10,16.5,16.5,16.25,16.25
ALCO,2001-04-11,16.3,16.44,16.3,16.44
ALCO,2001-04-12,16.44,17.51,16.44,17.51
ALCO,2001-04-16,17.35,17.35,16.82,16.82
ALCO,2001-04-17,16.88,17.37,16.84,17.15
ALCO,2001-04-18,17.4,17.4,16.82,16.82
ALCO,2001-04-19,17.48,17.48,16.82,16.82
ALCO,2001-04-20,16.82,16.82,16.82,16.82
ALCO,2001-04-23,16.82,17.04,16.82,17.04
ALCO,2001-04-24,16.82,16.82,16.82,16.82
ALCO,2001-04-25,17.1,17.1,17.1,17.1
ALCO,2001-04-26,17.1,17.1,17.1,17.1
ALCO,2001-04-27,17.0,17.03,16.9,17.03
ALCO,2001-04-30,16.9,17.11,16.9,17.11
ALCO,2001-05-01,17.1,17.1,17.1,17.1
ALCO,2001-05-02,17.02,18.0,17.02,18.0
ALCO,2001-05-03,17.95,18.77,17.95,18.67
ALCO,2001-05-04,18.6,18.77,18.6,18.77
ALCO,2001-05-07,18.75,18.8,18.68,18.8
ALCO,2001-05-08,18.71,19.35,18.71,19.35
ALCO,2001-05-09,19.35,19.35,19.05,19.05
ALCO,2001-05-10,19.05,19.05,18.84,18.84
ALCO,2001-05-11,19.0,19.0,18.55,18.55
ALCO,2001-05-14,25.99,26.28,22.63,22.8
ALCO,2001-05-15,23.05,23.35,22.15,22.25
ALCO,2001-05-16,22.63,24.96,22.35,24.51
ALCO,2001-05-17,24.74,25.87,23.5,25.0
ALCO,2001-05-18,25.5,29.22,25.49,28.64
ALCO,2001-05-21,28.48,28.7,27.0,27.8
ALCO,2001-05-22,27.99,28.15,26.9,27.99
ALCO,2001-05-23,27.63,27.94,24.5,27.64
ALCO,2001-05-24,27.51,27.6,27.1,27.13
ALCO,2001-05-25,27.15,27.9,27.15,27.9
ALCO,2001-05-29,27.5,27.85,25.35,25.64
ALCO,2001-05-30,24.55,27.65,24.55,27.25
ALCO,2001-05-31,27.25,27.9,26.87,27.72
ALCO,2001-06-01,27.75,28.0,27.48,28.0
ALCO,2001-06-04,28.01,28.33,27.7,28.03
ALCO,2001-06-05,28.0,28.44,28.0,28.11
ALCO,2001-06-06,28.05,28.05,27.06,27.25
ALCO,2001-06-07,27.25,27.8,26.75,26.9
ALCO,2001-06-08,27.0,27.0,26.63,26.63
ALCO,2001-06-11,27.5,30.0,27.5,28.01
ALCO,2001-06-12,28.75,28.8,26.86,28.12
ALCO,2001-06-13,28.28,29.25,28.03,28.43
ALCO,2001-06-14,28.91,28.91,28.05,28.08
ALCO,2001-06-15,28.65,28.75,28.09,28.18
ALCO,2001-06-18,28.75,29.1,28.15,29.0
ALCO,2001-06-19,29.0,29.5,28.4,28.4
ALCO,2001-06-20,28.4,29.25,28.4,29.25
ALCO,2001-06-21,28.51,29.45,28.51,29.11
ALCO,2001-06-22,29.4,31.85,28.4,31.22
ALCO,2001-06-25,31.6,32.0,31.01,31.46
ALCO,2001-06-26,31.12,31.35,30.87,31.27
ALCO,2001-06-27,31.2,31.78,30.92,31.32
ALCO,2001-06-28,31.35,32.4,30.58,31.76
ALCO,2001-06-29,31.74,33.34,29.02,32.06
ALCO,2001-07-02,31.75,32.02,28.0,28.4
ALCO,2001-07-03,28.5,28.86,28.3,28.42
ALCO,2001-07-05,28.9,29.38,28.76,28.76
ALCO,2001-07-06,29.4,29.4,28.72,28.76
ALCO,2001-07-09,28.72,29.4,28.4,29.35
ALCO,2001-07-10,29.0,29.29,29.0,29.0
ALCO,2001-07-11,29.0,29.23,28.75,29.14
ALCO,2001-07-12,29.0,29.13,28.1,28.35
ALCO,2001-07-13,28.37,28.86,28.36,28.8
ALCO,2001-07-16,28.8,30.6,28.5,30.26
ALCO,2001-07-17,30.25,30.25,29.6,30.08
ALCO,2001-07-18,30.08,30.1,28.53,28.53
ALCO,2001-07-19,29.5,30.1,27.8,28.63
ALCO,2001-07-20,28.58,28.98,28.4,28.46
ALCO,2001-07-23,28.55,28.99,28.45,28.91
ALCO,2001-07-24,28.45,28.5,28.45,28.48
ALCO,2001-07-25,28.45,29.2,28.4,29.2
ALCO,2001-07-26,29.66,29.7,28.51,29.0
ALCO,2001-07-27,29.2,29.2,28.4,28.71
ALCO,2001-07-30,28.9,28.95,28.56,28.56
ALCO,2001-07-31,28.92,29.05,28.54,28.85
ALCO,2001-08-01,29.05,29.05,28.5,28.99
ALCO,2001-08-02,28.4,28.99,28.4,28.99
ALCO,2001-08-03,28.51,28.99,28.4,28.99
ALCO,2001-08-06,28.4,28.8,28.4,28.4
ALCO,2001-08-07,28.45,28.97,28.45,28.76
ALCO,2001-08-08,29.0,29.0,28.56,28.57
ALCO,2001-08-09,28.6,28.9,28.4,28.9
ALCO,2001-08-10,28.63,28.99,28.63,28.95
ALCO,2001-08-13,28.9,29.09,28.4,29.0
ALCO,2001-08-14,29.35,29.67,28.72,29.33
ALCO,2001-08-15,29.5,29.68,29.0,29.4
ALCO,2001-08-16,29.3,29.3,28.75,29.12
ALCO,2001-08-17,29.0,29.0,28.45,28.45
ALCO,2001-08-20,28.5,28.65,28.45,28.5
ALCO,2001-08-21,28.65,28.85,28.65,28.78
ALCO,2001-08-22,28.75,29.0,28.38,29.0
ALCO,2001-08-23,28.4,28.85,28.4,28.5
ALCO,2001-08-24,28.4,28.75,28.4,28.75
ALCO,2001-08-27,28.41,28.95,28.41,28.95
ALCO,2001-08-28,28.95,28.95,28.4,28.69
ALCO,2001-08-29,28.7,28.7,28.3,28.57
ALCO,2001-08-30,28.43,28.75,28.4,28.5
ALCO,2001-08-31,28.53,28.53,28.4,28.5
ALCO,2001-09-04,28.4,28.51,28.4,28.5
ALCO,2001-09-05,28.4,28.7,28.4,28.41
ALCO,2001-09-06,28.5,29.8,28.15,29.37
ALCO,2001-09-07,29.3,29.3,28.27,28.29
ALCO,2001-09-10,28.1,28.48,28.1,28.48
ALCO,2001-09-17,28.1,28.1,24.01,26.0
ALCO,2001-09-18,25.3,26.35,25.0,25.4
ALCO,2001-09-19,25.7,27.2,25.01,25.3
ALCO,2001-09-20,25.08,25.64,24.7,25.5
ALCO,2001-09-21,25.27,25.27,24.63,25.24
ALCO,2001-09-24,24.8,25.7,24.8,25.0
ALCO,2001-09-25,25.05,25.3,25.05,25.15
ALCO,2001-09-26,25.2,25.3,25.0,25.0
ALCO,2001-09-27,25.3,25.3,25.3,25.3
ALCO,2001-09-28,25.32,25.35,25.05,25.35
ALCO,2001-10-01,25.35,25.55,24.93,24.93
ALCO,2001-10-02,24.9,25.35,24.9,25.14
ALCO,2001-10-03,25.25,25.45,25.16,25.16
ALCO,2001-10-04,26.0,27.8,25.95,27.33
ALCO,2001-10-05,27.0,27.49,26.65,26.85
ALCO,2001-10-08,27.5,27.9,26.5,26.8
ALCO,2001-10-09,27.5,27.5,26.0,26.0
ALCO,2001-10-10,24.9,25.99,24.9,25.1
ALCO,2001-10-11,24.91,25.6,24.9,25.46
ALCO,2001-10-12,24.9,25.5,24.9,25.5
ALCO,2001-10-15,25.05,25.5,24.91,25.5
ALCO,2001-10-16,25.1,25.6,25.0,25.54
ALCO,2001-10-17,25.0,25.5,24.9,25.48
ALCO,2001-10-18,24.91,25.5,24.91,25.04
ALCO,2001-10-19,25.0,25.05,25.0,25.05
ALCO,2001-10-22,24.9,25.31,24.9,25.26
ALCO,2001-10-23,25.5,25.5,25.0,25.24
ALCO,2001-10-24,25.1,25.1,25.1,25.1
ALCO,2001-10-25,25.01,25.2,24.8,25.2
ALCO,2001-10-26,25.2,25.2,24.85,24.99
ALCO,2001-10-29,24.99,25.01,24.85,24.9
ALCO,2001-10-30,24.85,26.25,24.85,26.25
ALCO,2001-10-31,26.0,26.46,26.0,26.46
ALCO,2001-11-01,25.03,26.68,25.03,26.1
ALCO,2001-11-02,25.5,26.45,25.5,26.45
ALCO,2001-11-05,25.55,25.66,25.55,25.66
ALCO,2001-11-06,26.5,26.79,26.1,26.56
ALCO,2001-11-07,26.7,26.7,26.0,26.0
ALCO,2001-11-08,26.0,26.5,26.0,26.07
ALCO,2001-11-09,26.07,26.07,26.07,26.07
ALCO,2001-11-12,26.07,26.07,26.07,26.07
ALCO,2001-11-13,26.07,26.07,26.07,26.07
ALCO,2001-11-14,26.49,26.62,26.47,26.62
ALCO,2001-11-15,26.25,26.65,26.25,26.31
ALCO,2001-11-16,26.0,26.31,26.0,26.31
ALCO,2001-11-19,25.81,26.45,25.6,26.35
ALCO,2001-11-20,26.0,26.9,26.0,26.9
ALCO,2001-11-21,27.2,27.74,26.99,27.4
ALCO,2001-11-23,27.1,27.77,27.1,27.7
ALCO,2001-11-26,27.7,27.7,27.67,27.67
ALCO,2001-11-27,27.5,27.66,27.11,27.3
ALCO,2001-11-28,27.3,28.75,27.3,28.3
ALCO,2001-11-29,28.65,29.85,28.52,29.8
ALCO,2001-11-30,29.85,31.55,29.5,30.21
ALCO,2001-12-03,30.62,30.92,30.12,30.35
ALCO,2001-12-04,30.2,30.6,30.01,30.01
ALCO,2001-12-05,30.35,30.5,30.0,30.5
ALCO,2001-12-06,30.5,30.5,30.02,30.02
ALCO,2001-12-07,30.01,30.3,30.0,30.0
ALCO,2001-12-10,30.0,30.15,29.9,29.9
ALCO,2001-12-11,30.24,30.6,30.24,30.24
ALCO,2001-12-12,30.15,30.15,29.9,30.15
ALCO,2001-12-13,29.91,30.49,29.91,30.46
ALCO,2001-12-14,29.9,30.68,29.83,30.5
ALCO,2001-12-17,30.0,30.9,30.0,30.9
ALCO,2001-12-18,30.9,31.2,30.25,30.4
ALCO,2001-12-19,29.99,30.0,29.1,29.94
ALCO,2001-12-20,29.75,30.0,28.75,29.47
ALCO,2001-12-21,29.26,30.3,29.0,30.28
ALCO,2001-12-24,30.28,30.5,29.29,29.99
ALCO,2001-12-26,30.0,30.7,29.91,30.7
ALCO,2001-12-27,30.2,30.79,30.2,30.64
ALCO,2001-12-28,30.8,31.79,30.8,31.78
ALCO,2001-12-31,31.52,32.0,31.22,31.35
ALCO,2002-01-02,31.5,32.0,31.3,31.3
ALCO,2002-01-03,31.4,32.17,31.02,32.17
ALCO,2002-01-04,31.92,32.0,31.92,31.93
ALCO,2002-01-07,31.93,32.15,31.93,32.1
ALCO,2002-01-08,31.31,31.5,31.31,31.47
ALCO,2002-01-09,31.79,31.79,31.5,31.5
ALCO,2002-01-10,31.5,31.59,31.31,31.59
ALCO,2002-01-11,31.31,31.49,31.3,31.49
ALCO,2002-01-14,31.3,31.46,31.3,31.45
ALCO,2002-01-15,31.3,31.3,31.18,31.19
ALCO,2002-01-16,31.44,31.44,31.03,31.24
ALCO,2002-01-17,30.97,30.97,30.13,30.13
ALCO,2002-01-18,30.13,30.42,30.13,30.4
ALCO,2002-01-22,30.21,30.4,29.4,29.4
ALCO,2002-01-23,29.74,29.75,29.45,29.75
ALCO,2002-01-24,29.76,30.23,29.68,30.2
ALCO,2002-01-25,30.12,31.25,29.85,31.25
ALCO,2002-01-28,31.46,31.59,30.85,31.05
ALCO,2002-01-29,31.0,31.0,30.75,30.75
ALCO,2002-01-30,30.75,31.4,30.72,31.23
ALCO,2002-01-31,31.23,31.44,30.73,31.44
ALCO,2002-02-01,31.2,31.2,30.9,30.92
ALCO,2002-02-04,31.35,31.35,30.37,30.37
ALCO,2002-02-05,30.18,30.5,30.04,30.04
ALCO,2002-02-06,30.04,30.04,29.0,29.29
ALCO,2002-02-07,29.1,29.78,29.1,29.78
ALCO,2002-02-08,29.6,29.75,29.6,29.72
ALCO,2002-02-11,29.42,29.77,29.42,29.72
ALCO,2002-02-12,29.5,29.55,29.5,29.55
ALCO,2002-02-13,29.5,29.5,29.1,29.45
ALCO,2002-02-14,29.25,29.25,28.53,28.57
ALCO,2002-02-15,28.56,28.56,28.56,28.56
ALCO,2002-02-19,28.88,30.25,28.5,29.72
ALCO,2002-02-20,29.5,29.5,29.0,29.3
ALCO,2002-02-21,29.25,29.25,28.5,28.5
ALCO,2002-02-22,28.5,28.6,28.3,28.58
ALCO,2002-02-25,28.3,28.5,28.3,28.5
ALCO,2002-02-26,28.45,28.75,28.45,28.66
ALCO,2002-02-27,28.7,28.73,28.55,28.7
ALCO,2002-02-28,28.7,28.9,28.7,28.88
ALCO,2002-03-01,28.89,29.0,28.8,28.8
ALCO,2002-03-04,28.51,28.87,28.45,28.5
ALCO,2002-03-05,28.89,28.9,28.45,28.45
ALCO,2002-03-06,28.41,28.95,28.4,28.5
ALCO,2002-03-07,28.41,28.78,28.4,28.6
ALCO,2002-03-08,28.65,28.69,28.4,28.43
ALCO,2002-03-11,28.85,29.0,28.79,28.99
ALCO,2002-03-12,29.0,29.0,28.65,28.9
ALCO,2002-03-13,28.97,28.97,28.65,28.89
ALCO,2002-03-14,28.96,28.96,28.4,28.87
ALCO,2002-03-15,28.5,28.8,28.4,28.5
ALCO,2002-03-18,28.41,28.79,28.41,28.5
ALCO,2002-03-19,28.56,28.7,28.56,28.7
ALCO,2002-03-20,28.71,29.0,28.71,28.9
ALCO,2002-03-21,28.9,28.99,28.75,28.95
ALCO,2002-03-22,28.75,28.95,28.75,28.8
ALCO,2002-03-25,28.8,28.86,28.5,28.85
ALCO,2002-03-26,28.75,28.88,28.5,28.5
ALCO,2002-03-27,28.69,28.7,28.69,28.7
ALCO,2002-03-28,28.7,29.38,28.7,29.12
ALCO,2002-04-01,28.85,30.2,28.85,29.7
ALCO,2002-04-02,29.7,29.7,28.85,29.2
ALCO,2002-04-03,29.28,29.69,29.19,29.35
ALCO,2002-04-04,29.35,29.54,29.25,29.46
ALCO,2002-04-05,29.47,29.5,29.05,29.05
ALCO,2002-04-08,29.05,29.39,28.75,29.09
ALCO,2002-04-09,29.0,29.09,28.7,29.02
ALCO,2002-04-10,29.0,29.0,28.72,28.89
ALCO,2002-04-11,28.9,29.1,28.9,29.06
ALCO,2002-04-12,28.82,29.45,28.82,29.44
ALCO,2002-04-15,29.45,29.5,29.26,29.5
ALCO,2002-04-16,29.46,29.6,29.15,29.3
ALCO,2002-04-17,29.41,29.41,29.15,29.15
ALCO,2002-04-18,29.14,29.41,29.14,29.41
ALCO,2002-04-19,29.12,29.14,29.0,29.0
ALCO,2002-04-22,28.75,28.75,28.51,28.55
ALCO,2002-04-23,28.62,28.7,28.52,28.69
ALCO,2002-04-24,28.7,28.92,28.45,28.69
ALCO,2002-04-25,28.73,28.9,28.73,28.9
ALCO,2002-04-26,28.57,28.91,28.45,28.45
ALCO,2002-04-29,28.9,28.91,28.6,28.6
ALCO,2002-04-30,28.98,29.0,28.5,29.0
ALCO,2002-05-01,29.0,29.0,28.9,29.0
ALCO,2002-05-02,28.99,29.17,28.5,29.0
ALCO,2002-05-03,29.0,29.02,28.97,29.02
ALCO,2002-05-06,29.0,29.0,28.76,28.76
ALCO,2002-05-07,28.88,29.0,28.7,28.7
ALCO,2002-05-08,29.0,29.01,28.91,28.99
ALCO,2002-05-09,29.0,29.0,28.88,28.88
ALCO,2002-05-10,28.75,28.91,28.75,28.82
ALCO,2002-05-13,28.88,29.0,28.75,28.94
ALCO,2002-05-14,29.0,29.04,28.94,28.99
ALCO,2002-05-15,29.0,29.05,28.83,29.05
ALCO,2002-05-16,29.0,29.0,28.9,28.9
ALCO,2002-05-17,28.99,28.99,28.68,28.85
ALCO,2002-05-20,28.55,29.05,28.55,29.0
ALCO,2002-05-21,29.02,29.02,28.8,28.8
ALCO,2002-05-22,28.7,28.94,28.7,28.85
ALCO,2002-05-23,28.7,28.99,28.7,28.7
ALCO,2002-05-24,28.8,28.8,28.57,28.57
ALCO,2002-05-28,28.46,28.53,28.43,28.5
ALCO,2002-05-29,28.5,28.5,28.18,28.4
ALCO,2002-05-30,28.31,28.47,28.3,28.47
ALCO,2002-05-31,28.47,28.77,28.24,28.26
ALCO,2002-06-03,28.22,28.34,28.21,28.34
ALCO,2002-06-04,28.8,28.8,28.34,28.5
ALCO,2002-06-05,28.4,28.4,28.35,28.35
ALCO,2002-06-06,28.22,28.4,28.22,28.4
ALCO,2002-06-07,28.4,28.53,28.1,28.35
ALCO,2002-06-10,28.35,28.73,28.35,28.45
ALCO,2002-06-11,28.68,28.9,28.0,28.9
ALCO,2002-06-12,28.85,28.85,28.4,28.45
ALCO,2002-06-13,28.45,28.67,28.45,28.46
ALCO,2002-06-14,28.85,28.85,28.6,28.82
ALCO,2002-06-17,28.25,28.26,28.25,28.25
ALCO,2002-06-18,28.35,28.5,28.25,28.5
ALCO,2002-06-19,28.35,28.55,28.03,28.42
ALCO,2002-06-20,29.0,29.0,28.44,28.44
ALCO,2002-06-21,28.75,28.89,28.4,28.83
ALCO,2002-06-24,28.9,29.0,28.5,29.0
ALCO,2002-06-25,29.25,29.25,28.49,28.49
ALCO,2002-06-26,28.49,29.2,28.48,28.65
ALCO,2002-06-27,28.65,28.98,28.45,28.95
ALCO,2002-06-28,29.0,29.5,27.85,29.39
ALCO,2002-07-01,29.5,29.65,29.03,29.54
ALCO,2002-07-02,29.0,29.64,28.45,29.4
ALCO,2002-07-03,29.4,29.4,28.5,28.9
ALCO,2002-07-05,28.9,28.9,28.9,28.9
ALCO,2002-07-08,29.35,29.35,28.92,28.99
ALCO,2002-07-09,29.16,29.19,28.99,29.19
ALCO,2002-07-10,29.0,29.45,29.0,29.31
ALCO,2002-07-11,29.6,29.6,28.93,29.25
ALCO,2002-07-12,29.35,29.35,28.84,29.2
ALCO,2002-07-15,28.45,29.0,28.45,28.8
ALCO,2002-07-16,28.75,28.75,28.45,28.65
ALCO,2002-07-17,28.45,28.7,28.45,28.7
ALCO,2002-07-18,28.62,28.79,28.44,28.45
ALCO,2002-07-19,28.67,28.67,28.38,28.45
ALCO,2002-07-22,28.45,29.0,28.45,28.67
ALCO,2002-07-23,28.46,28.6,28.45,28.55
ALCO,2002-07-24,28.45,28.45,27.99,28.45
ALCO,2002-07-25,28.4,28.69,28.3,28.65
ALCO,2002-07-26,28.46,29.0,28.46,28.9
ALCO,2002-07-29,28.7,29.45,28.45,28.45
ALCO,2002-07-30,28.46,28.6,28.45,28.57
ALCO,2002-07-31,28.5,28.5,28.45,28.45
ALCO,2002-08-01,28.45,28.5,28.45,28.45
ALCO,2002-08-02,28.45,28.49,28.45,28.45
ALCO,2002-08-05,28.45,28.45,28.45,28.45
ALCO,2002-08-06,28.49,28.5,28.45,28.5
ALCO,2002-08-07,28.45,28.48,28.45,28.45
ALCO,2002-08-08,28.45,28.5,28.45,28.46
ALCO,2002-08-09,28.46,28.46,28.45,28.45
ALCO,2002-08-12,28.45,28.5,28.2,28.36
ALCO,2002-08-13,28.45,28.45,28.15,28.25
ALCO,2002-08-14,28.26,28.5,28.1,28.5
ALCO,2002-08-15,28.1,28.5,28.1,28.5
ALCO,2002-08-16,28.18,28.5,28.18,28.26
ALCO,2002-08-19,28.49,28.5,28.32,28.5
ALCO,2002-08-20,28.32,28.5,28.18,28.5
ALCO,2002-08-21,28.5,28.5,28.31,28.5
ALCO,2002-08-22,28.49,28.49,28.22,28.41
ALCO,2002-08-23,28.24,28.41,28.1,28.1
ALCO,2002-08-26,28.1,28.5,28.1,28.35
ALCO,2002-08-27,28.03,28.03,28.0,28.01
ALCO,2002-08-28,28.0,28.03,28.0,28.0
ALCO,2002-08-29,28.01,28.25,28.0,28.25
ALCO,2002-08-30,28.0,28.51,28.0,28.51
ALCO,2002-09-03,28.49,28.49,28.0,28.0
ALCO,2002-09-04,28.0,28.11,27.9,28.05
ALCO,2002-09-05,27.9,28.4,27.9,28.0
ALCO,2002-09-06,28.05,28.2,28.0,28.2
ALCO,2002-09-09,28.0,28.19,27.65,28.19
ALCO,2002-09-10,28.0,28.15,28.0,28.15
ALCO,2002-09-11,28.0,28.0,28.0,28.0
ALCO,2002-09-12,28.0,28.0,28.0,28.0
ALCO,2002-09-13,28.0,28.0,28.0,28.0
ALCO,2002-09-16,28.05,28.2,28.05,28.2
ALCO,2002-09-17,28.0,28.29,28.0,28.29
ALCO,2002-09-18,28.1,28.29,28.1,28.29
ALCO,2002-09-19,28.15,28.18,28.0,28.0
ALCO,2002-09-20,27.8,28.4,27.79,28.0
ALCO,2002-09-23,27.69,28.06,27.65,27.75
ALCO,2002-09-24,27.75,28.5,27.75,28.33
ALCO,2002-09-25,28.5,28.75,28.0,28.72
ALCO,2002-09-26,28.72,28.72,28.05,28.7
ALCO,2002-09-27,28.75,28.87,28.35,28.45
ALCO,2002-09-30,28.45,28.85,28.45,28.45
ALCO,2002-10-01,28.45,28.8,27.75,28.49
ALCO,2002-10-02,28.95,28.95,27.99,28.45
ALCO,2002-10-03,28.75,28.75,28.45,28.45
ALCO,2002-10-04,28.75,28.75,27.95,28.75
ALCO,2002-10-07,28.45,28.89,28.45,28.45
ALCO,2002-10-08,28.45,28.72,28.45,28.72
ALCO,2002-10-09,28.8,28.9,28.2,28.45
ALCO,2002-10-10,28.45,28.45,28.2,28.25
ALCO,2002-10-11,28.25,28.64,28.25,28.64
ALCO,2002-10-14,28.35,28.88,28.35,28.45
ALCO,2002-10-15,28.9,28.9,28.0,28.0
ALCO,2002-10-16,27.63,28.51,27.63,28.1
ALCO,2002-10-17,28.7,28.7,28.18,28.45
ALCO,2002-10-18,28.45,28.45,28.15,28.15
ALCO,2002-10-21,28.1,28.2,27.66,28.2
ALCO,2002-10-22,28.0,28.0,27.22,27.5
ALCO,2002-10-23,27.46,28.37,27.45,28.08
ALCO,2002-10-24,28.2,28.42,28.2,28.42
ALCO,2002-10-25,28.31,28.69,28.28,28.69
ALCO,2002-10-28,28.29,28.7,28.29,28.5
ALCO,2002-10-29,28.5,28.5,28.23,28.33
ALCO,2002-10-30,28.41,28.41,28.34,28.41
ALCO,2002-10-31,28.29,28.3,28.02,28.3
ALCO,2002-11-01,28.33,28.7,28.33,28.69
ALCO,2002-11-04,28.7,28.75,28.63,28.75
ALCO,2002-11-05,28.61,28.61,27.41,27.54
ALCO,2002-11-06,27.61,27.84,27.61,27.84
ALCO,2002-11-07,28.08,28.16,27.9,27.97
ALCO,2002-11-08,27.66,27.91,27.58,27.79
ALCO,2002-11-11,27.4,27.4,27.25,27.25
ALCO,2002-11-12,27.38,27.38,27.19,27.3
ALCO,2002-11-13,27.36,27.36,26.88,26.88
ALCO,2002-11-14,26.99,27.1,26.74,26.74
ALCO,2002-11-15,26.7,26.75,26.15,26.15
ALCO,2002-11-18,26.1,26.1,25.56,25.56
ALCO,2002-11-19,25.79,25.79,25.3,25.3
ALCO,2002-11-20,25.25,25.25,25.0,25.04
ALCO,2002-11-21,25.1,25.1,25.0,25.08
ALCO,2002-11-22,25.02,25.12,24.93,25.11
ALCO,2002-11-25,25.11,25.11,24.92,24.92
ALCO,2002-11-26,24.88,24.88,22.26,23.17
ALCO,2002-11-27,23.1,23.97,22.95,23.42
ALCO,2002-11-29,23.4,24.85,23.4,24.33
ALCO,2002-12-02,24.69,24.72,24.51,24.6
ALCO,2002-12-03,24.69,24.94,24.69,24.9
ALCO,2002-12-04,24.9,25.24,23.81,24.59
ALCO,2002-12-05,24.55,24.76,24.49,24.76
ALCO,2002-12-06,24.51,24.52,24.5,24.51
ALCO,2002-12-09,24.52,25.2,24.49,24.5
ALCO,2002-12-10,24.63,24.65,24.51,24.65
ALCO,2002-12-11,24.64,24.75,24.5,24.75
ALCO,2002-12-12,24.7,25.49,24.7,25.49
ALCO,2002-12-13,25.5,25.5,25.27,25.5
ALCO,2002-12-16,25.62,25.75,24.81,25.1
ALCO,2002-12-17,24.8,25.2,24.8,25.04
ALCO,2002-12-18,24.78,25.19,24.78,24.87
ALCO,2002-12-19,24.86,24.98,24.86,24.98
ALCO,2002-12-20,25.62,26.32,25.1,25.99
ALCO,2002-12-23,24.92,27.4,24.92,27.4
ALCO,2002-12-24,27.5,28.18,27.5,28.18
ALCO,2002-12-26,28.02,28.07,27.88,28.06
ALCO,2002-12-27,27.72,27.97,26.65,26.97
ALCO,2002-12-30,26.7,26.85,24.8,25.4
ALCO,2002-12-31,25.7,26.67,25.7,26.6
ALCO,2003-01-02,26.64,26.64,26.2,26.39
ALCO,2003-01-03,26.49,27.0,26.27,26.94
ALCO,2003-01-06,26.93,27.25,26.48,27.09
ALCO,2003-01-07,26.94,27.15,26.69,26.97
ALCO,2003-01-08,26.95,26.95,25.75,25.88
ALCO,2003-01-09,25.91,26.01,25.34,25.59
ALCO,2003-01-10,25.81,25.81,25.29,25.3
ALCO,2003-01-13,25.24,25.5,25.19,25.37
ALCO,2003-01-14,25.22,26.21,24.97,25.28
ALCO,2003-01-15,25.25,25.25,25.05,25.1
ALCO,2003-01-16,25.26,25.93,25.24,25.54
ALCO,2003-01-17,25.47,25.75,25.47,25.62
ALCO,2003-01-21,25.56,25.56,25.0,25.12
ALCO,2003-01-22,25.02,25.18,25.02,25.02
ALCO,2003-01-23,25.02,25.02,25.02,25.02
ALCO,2003-01-24,25.05,25.05,24.5,24.5
ALCO,2003-01-27,24.05,24.76,24.05,24.46
ALCO,2003-01-28,24.34,24.62,24.34,24.62
ALCO,2003-01-29,24.52,24.89,24.52,24.53
ALCO,2003-01-30,24.7,25.72,24.51,24.51
ALCO,2003-01-31,24.7,24.8,24.51,24.71
ALCO,2003-02-03,24.74,24.74,24.4,24.5
ALCO,2003-02-04,24.5,24.6,24.49,24.49
ALCO,2003-02-05,24.61,24.61,24.04,24.05
ALCO,2003-02-06,24.37,24.37,23.9,24.07
ALCO,2003-02-07,23.84,23.84,23.34,23.47
ALCO,2003-02-10,23.48,23.48,23.47,23.47
ALCO,2003-02-11,23.37,23.72,23.26,23.72
ALCO,2003-02-12,23.91,23.91,23.45,23.45
ALCO,2003-02-13,23.4,23.4,23.28,23.28
ALCO,2003-02-14,23.35,23.49,23.28,23.49
ALCO,2003-02-18,23.34,23.34,23.34,23.34
ALCO,2003-02-19,23.28,23.62,23.27,23.41
ALCO,2003-02-20,23.36,23.36,23.28,23.29
ALCO,2003-02-21,23.29,23.36,22.95,22.95
ALCO,2003-02-24,22.75,22.76,22.08,22.08
ALCO,2003-02-25,22.0,22.26,21.22,22.26
ALCO,2003-02-26,22.38,22.38,21.99,22.19
ALCO,2003-02-27,22.23,22.23,21.83,22.22
ALCO,2003-02-28,22.06,22.06,21.89,21.89
ALCO,2003-03-03,21.51,21.75,21.51,21.6
ALCO,2003-03-04,21.75,21.79,21.75,21.78
ALCO,2003-03-05,21.72,22.14,21.71,21.99
ALCO,2003-03-06,21.94,21.94,21.18,21.71
ALCO,2003-03-07,21.87,23.47,21.87,22.81
ALCO,2003-03-10,22.69,23.42,22.63,23.39
ALCO,2003-03-11,23.39,24.11,23.38,23.49
ALCO,2003-03-12,23.49,24.15,23.49,24.08
ALCO,2003-03-13,24.17,24.43,24.17,24.24
ALCO,2003-03-14,24.2,24.6,23.49,23.89
ALCO,2003-03-17,24.39,25.49,24.39,25.49
ALCO,2003-03-18,25.74,26.23,25.33,26.23
ALCO,2003-03-19,26.2,26.96,26.2,26.86
ALCO,2003-03-20,26.72,26.92,26.5,26.92
ALCO,2003-03-21,26.5,27.25,26.49,26.97
ALCO,2003-03-24,26.91,27.0,25.8,25.8
ALCO,2003-03-25,25.8,26.6,25.14,26.5
ALCO,2003-03-26,26.0,26.41,25.68,25.87
ALCO,2003-03-27,25.6,25.64,25.21,25.4
ALCO,2003-03-28,25.52,25.84,25.25,25.25
ALCO,2003-03-31,25.05,25.23,24.23,24.23
ALCO,2003-04-01,24.2,24.48,23.8,24.48
ALCO,2003-04-02,24.51,25.21,24.47,24.63
ALCO,2003-04-03,24.71,25.44,24.29,24.58
ALCO,2003-04-04,24.63,25.23,24.51,24.6
ALCO,2003-04-07,24.42,24.42,23.89,24.3
ALCO,2003-04-08,24.16,24.67,24.03,24.4
ALCO,2003-04-09,24.23,24.55,23.93,23.96
ALCO,2003-04-10,24.29,24.81,23.24,24.0
ALCO,2003-04-11,23.57,24.78,23.57,24.18
ALCO,2003-04-14,24.21,25.04,24.21,24.87
ALCO,2003-04-15,23.5,24.68,23.5,24.44
ALCO,2003-04-16,24.4,24.4,24.22,24.29
ALCO,2003-04-17,25.03,25.32,24.6,25.14
ALCO,2003-04-21,24.99,25.06,24.36,25.06
ALCO,2003-04-22,24.5,24.74,24.0,24.52
ALCO,2003-04-23,24.29,24.51,24.2,24.32
ALCO,2003-04-24,24.48,24.48,24.0,24.01
ALCO,2003-04-25,24.01,24.06,24.0,24.0
ALCO,2003-04-28,24.07,24.07,23.72,23.86
ALCO,2003-04-29,24.01,24.2,23.95,23.95
ALCO,2003-04-30,24.22,24.35,24.09,24.33
ALCO,2003-05-01,24.07,24.32,24.01,24.01
ALCO,2003-05-02,24.17,24.18,23.96,23.96
ALCO,2003-05-05,23.86,23.9,23.35,23.87
ALCO,2003-05-06,23.7,23.8,23.67,23.78
ALCO,2003-05-07,23.78,23.78,23.4,23.45
ALCO,2003-05-08,23.45,23.5,23.25,23.25
ALCO,2003-05-09,23.48,24.58,23.48,23.51
ALCO,2003-05-12,23.69,23.7,23.45,23.45
ALCO,2003-05-13,23.55,23.57,23.36,23.56
ALCO,2003-05-14,23.49,23.53,23.33,23.33
ALCO,2003-05-15,23.53,23.53,23.39,23.47
ALCO,2003-05-16,23.5,23.7,23.26,23.26
ALCO,2003-05-19,23.5,23.72,22.85,23.0
ALCO,2003-05-20,23.03,23.04,22.8,22.87
ALCO,2003-05-21,22.4,22.4,21.86,22.0
ALCO,2003-05-22,22.0,22.0,21.63,21.7
ALCO,2003-05-23,21.7,23.04,21.61,21.83
ALCO,2003-05-27,21.8,23.3,21.8,22.84
ALCO,2003-05-28,22.89,23.46,22.8,22.9
ALCO,2003-05-29,22.9,23.3,22.9,23.25
ALCO,2003-05-30,23.3,23.63,23.3,23.54
ALCO,2003-06-02,23.5,23.89,23.36,23.42
ALCO,2003-06-03,23.95,23.95,23.34,23.5
ALCO,2003-06-04,23.31,24.0,23.09,24.0
ALCO,2003-06-05,23.12,24.02,22.83,23.79
ALCO,2003-06-06,23.83,25.95,23.83,24.27
ALCO,2003-06-09,24.74,24.82,23.75,24.07
ALCO,2003-06-10,24.2,24.45,24.2,24.25
ALCO,2003-06-11,24.11,25.18,23.83,25.18
ALCO,2003-06-12,25.07,25.3,24.75,25.29
ALCO,2003-06-13,25.1,25.48,25.1,25.23
ALCO,2003-06-16,25.44,25.75,24.58,24.58
ALCO,2003-06-17,24.5,25.0,23.35,23.35
ALCO,2003-06-18,23.9,24.58,23.35,24.16
ALCO,2003-06-19,24.48,24.73,23.38,23.67
ALCO,2003-06-20,23.67,24.0,23.41,23.8
ALCO,2003-06-23,23.55,23.9,22.85,22.97
ALCO,2003-06-24,22.96,23.46,22.85,23.06
ALCO,2003-06-25,23.31,23.55,23.22,23.55
ALCO,2003-06-26,23.79,24.0,23.79,23.9
ALCO,2003-06-27,24.02,25.88,24.02,25.05
ALCO,2003-06-30,24.7,25.0,24.24,24.69
ALCO,2003-07-01,24.81,24.81,24.28,24.49
ALCO,2003-07-02,24.56,24.87,24.33,24.87
ALCO,2003-07-03,24.75,24.75,24.17,24.58
ALCO,2003-07-07,24.59,25.65,24.59,25.5
ALCO,2003-07-08,25.84,26.0,25.61,26.0
ALCO,2003-07-09,25.91,25.91,25.25,25.25
ALCO,2003-07-10,25.53,25.61,25.16,25.18
ALCO,2003-07-11,25.39,25.78,24.97,25.16
ALCO,2003-07-14,25.75,26.42,25.19,25.98
ALCO,2003-07-15,26.02,26.02,25.75,25.94
ALCO,2003-07-16,25.81,26.3,25.66,26.29
ALCO,2003-07-17,26.02,26.03,25.83,25.99
ALCO,2003-07-18,25.57,25.75,25.36,25.72
ALCO,2003-07-21,25.68,25.98,25.45,25.45
ALCO,2003-07-22,25.49,25.72,25.4,25.72
ALCO,2003-07-23,25.79,25.9,25.61,25.9
ALCO,2003-07-24,25.99,26.78,25.98,26.43
ALCO,2003-07-25,26.43,26.75,26.43,26.55
ALCO,2003-07-28,26.51,27.0,26.26,27.0
ALCO,2003-07-29,27.14,27.14,26.52,26.9
ALCO,2003-07-30,26.99,27.09,26.84,26.89
ALCO,2003-07-31,27.15,27.75,27.11,27.59
ALCO,2003-08-01,27.67,27.79,27.46,27.46
ALCO,2003-08-04,27.37,27.37,25.74,25.96
ALCO,2003-08-05,26.0,26.22,26.0,26.0
ALCO,2003-08-06,26.01,26.23,26.0,26.0
ALCO,2003-08-07,26.01,26.06,25.56,25.56
ALCO,2003-08-08,25.56,25.56,25.56,25.56
ALCO,2003-08-11,25.74,26.26,25.71,26.26
ALCO,2003-08-12,26.05,26.5,25.93,26.5
ALCO,2003-08-13,26.64,26.88,26.15,26.61
ALCO,2003-08-14,26.57,26.57,26.57,26.57
ALCO,2003-08-15,26.9,27.0,26.9,27.0
ALCO,2003-08-18,26.82,27.44,26.82,27.4
ALCO,2003-08-19,27.3,27.51,27.07,27.43
ALCO,2003-08-20,27.7,28.09,27.65,28.05
ALCO,2003-08-21,28.05,28.69,28.0,28.46
ALCO,2003-08-22,28.7,28.73,27.93,28.42
ALCO,2003-08-25,27.93,28.43,27.75,28.08
ALCO,2003-08-26,27.96,27.96,26.84,27.93
ALCO,2003-08-27,27.87,28.68,27.87,28.68
ALCO,2003-08-28,28.48,28.48,28.02,28.04
ALCO,2003-08-29,27.94,28.3,27.94,28.3
ALCO,2003-09-02,27.9,30.3,27.64,30.24
ALCO,2003-09-03,29.87,30.63,29.42,29.81
ALCO,2003-09-04,29.49,30.02,28.1,28.41
ALCO,2003-09-05,28.09,28.73,26.55,27.07
ALCO,2003-09-08,26.92,27.49,26.18,26.85
ALCO,2003-09-09,26.99,27.45,26.99,27.25
ALCO,2003-09-10,27.25,27.29,27.06,27.29
ALCO,2003-09-11,27.05,28.05,27.05,28.05
ALCO,2003-09-12,28.03,28.48,27.58,28.48
ALCO,2003-09-15,29.0,29.22,29.0,29.17
ALCO,2003-09-16,29.11,30.0,29.11,29.36
ALCO,2003-09-17,28.9,29.5,28.79,29.5
ALCO,2003-09-18,29.5,29.5,29.28,29.5
ALCO,2003-09-19,29.41,29.81,29.41,29.75
ALCO,2003-09-22,29.51,29.7,29.07,29.6
ALCO,2003-09-23,29.75,29.75,28.0,29.05
ALCO,2003-09-24,28.73,28.93,28.0,28.1
ALCO,2003-09-25,28.3,28.48,26.98,26.98
ALCO,2003-09-26,27.27,27.5,26.48,27.5
ALCO,2003-09-29,27.68,28.11,27.68,27.76
ALCO,2003-09-30,27.86,28.28,27.86,28.0
ALCO,2003-10-01,28.14,30.0,28.12,30.0
ALCO,2003-10-02,29.69,29.69,29.14,29.3
ALCO,2003-10-03,28.86,29.57,28.65,29.08
ALCO,2003-10-06,29.45,29.69,29.31,29.69
ALCO,2003-10-07,29.82,29.97,29.7,29.85
ALCO,2003-10-08,29.79,29.99,28.75,28.75
ALCO,2003-10-09,29.17,29.9,28.8,28.8
ALCO,2003-10-10,28.91,29.24,28.8,28.91
ALCO,2003-10-13,29.14,29.9,29.14,29.84
ALCO,2003-10-14,29.65,30.32,29.04,30.28
ALCO,2003-10-15,30.31,30.79,29.87,30.3
ALCO,2003-10-16,30.39,30.94,29.55,30.5
ALCO,2003-10-17,30.5,30.55,29.75,29.75
ALCO,2003-10-20,29.54,30.03,29.54,30.0
ALCO,2003-10-21,30.02,30.86,30.02,30.5
ALCO,2003-10-22,30.16,30.59,30.16,30.54
ALCO,2003-10-23,30.22,30.9,30.1,30.9
ALCO,2003-10-24,30.78,30.78,30.4,30.4
ALCO,2003-10-27,30.29,30.74,30.29,30.34
ALCO,2003-10-28,30.36,31.22,30.36,31.22
ALCO,2003-10-29,31.17,31.93,30.78,31.83
ALCO,2003-10-30,31.81,32.31,31.65,31.7
ALCO,2003-10-31,31.89,32.4,31.8,31.8
ALCO,2003-11-03,32.24,32.48,31.02,32.48
ALCO,2003-11-04,32.5,32.8,31.89,32.2
ALCO,2003-11-05,31.75,32.39,31.52,32.03
ALCO,2003-11-06,31.71,31.71,28.73,31.24
ALCO,2003-11-07,31.44,32.24,31.35,31.83
ALCO,2003-11-10,31.92,31.98,31.39,31.71
ALCO,2003-11-11,31.36,32.15,31.36,32.03
ALCO,2003-11-12,32.43,32.43,32.0,32.15
ALCO,2003-11-13,32.5,32.8,32.2,32.8
ALCO,2003-11-14,33.0,33.0,32.37,32.4
ALCO,2003-11-17,33.04,33.04,31.0,31.6
ALCO,2003-11-18,31.38,31.89,30.9,31.89
ALCO,2003-11-19,31.01,32.89,31.01,32.47
ALCO,2003-11-20,31.66,33.38,31.66,33.08
ALCO,2003-11-21,32.42,33.5,32.42,33.4
ALCO,2003-11-24,31.0,34.2,31.0,34.2
ALCO,2003-11-25,34.36,35.92,34.13,35.75
ALCO,2003-11-26,35.99,35.99,34.6,35.01
ALCO,2003-11-28,34.74,34.95,34.57,34.9
ALCO,2003-12-01,34.59,35.0,34.31,34.31
ALCO,2003-12-02,34.21,34.8,34.21,34.64
ALCO,2003-12-03,34.8,34.8,33.99,33.99
ALCO,2003-12-04,33.79,33.79,32.79,33.17
ALCO,2003-12-05,33.51,34.29,33.02,33.95
ALCO,2003-12-08,33.9,34.68,32.87,34.5
ALCO,2003-12-09,34.15,34.15,33.0,33.0
ALCO,2003-12-10,32.83,33.46,32.83,32.92
ALCO,2003-12-11,33.02,34.6,33.02,33.51
ALCO,2003-12-12,34.3,34.5,33.57,34.5
ALCO,2003-12-15,34.4,34.8,33.5,33.99
ALCO,2003-12-16,33.61,34.3,32.94,34.3
ALCO,2003-12-17,34.25,34.6,33.52,34.6
ALCO,2003-12-18,34.6,35.75,34.1,34.51
ALCO,2003-12-19,34.29,34.6,33.61,33.84
ALCO,2003-12-22,33.58,34.47,33.46,34.17
ALCO,2003-12-23,33.69,34.9,33.69,34.9
ALCO,2003-12-24,35.0,35.16,35.0,35.16
ALCO,2003-12-26,35.18,35.55,35.18,35.55
ALCO,2003-12-29,35.85,36.41,35.17,35.21
ALCO,2003-12-30,35.21,36.08,35.2,35.64
ALCO,2003-12-31,35.47,35.78,34.75,34.75
ALCO,2004-01-02,34.76,34.76,34.03,34.04
ALCO,2004-01-05,34.44,34.93,34.09,34.93
ALCO,2004-01-06,34.58,35.33,34.58,35.33
ALCO,2004-01-07,35.33,35.83,34.05,34.63
ALCO,2004-01-08,34.91,35.89,34.48,35.89
ALCO,2004-01-09,35.9,35.9,34.34,35.89
ALCO,2004-01-12,36.15,36.96,36.01,36.81
ALCO,2004-01-13,37.0,37.31,36.98,37.14
ALCO,2004-01-14,37.3,37.79,37.01,37.49
ALCO,2004-01-15,37.79,38.58,37.79,38.2
ALCO,2004-01-16,38.58,38.58,36.0,37.91
ALCO,2004-01-20,37.56,38.25,36.37,38.25
ALCO,2004-01-21,38.99,38.99,38.0,38.75
ALCO,2004-01-22,38.75,39.1,37.95,37.95
ALCO,2004-01-23,39.23,39.23,37.5,37.75
ALCO,2004-01-26,37.53,39.5,37.53,38.0
ALCO,2004-01-27,38.1,38.44,38.0,38.36
ALCO,2004-01-28,37.55,38.15,37.55,37.56
ALCO,2004-01-29,37.57,37.88,36.65,36.94
ALCO,2004-01-30,37.0,37.73,37.0,37.73
ALCO,2004-02-02,37.75,39.11,37.0,38.26
ALCO,2004-02-03,38.13,38.9,38.13,38.49
ALCO,2004-02-04,39.75,39.75,38.0,38.0
ALCO,2004-02-05,39.0,39.0,37.5,37.51
ALCO,2004-02-06,37.74,37.75,37.68,37.72
ALCO,2004-02-09,37.7,37.75,37.61,37.75
ALCO,2004-02-10,37.75,38.71,37.66,38.08
ALCO,2004-02-11,38.18,38.75,37.66,38.41
ALCO,2004-02-12,38.25,38.59,38.25,38.42
ALCO,2004-02-13,38.51,38.96,38.51,38.54
ALCO,2004-02-17,38.77,38.77,38.5,38.77
ALCO,2004-02-18,37.65,38.65,37.65,38.65
ALCO,2004-02-19,38.74,38.74,38.0,38.5
ALCO,2004-02-20,37.9,38.7,37.9,38.69
ALCO,2004-02-23,38.24,38.24,37.01,37.88
ALCO,2004-02-24,37.5,38.72,37.5,37.52
ALCO,2004-02-25,37.5,37.91,37.45,37.75
ALCO,2004-02-26,37.75,37.75,37.33,37.75
ALCO,2004-02-27,37.29,38.73,37.25,38.09
ALCO,2004-03-01,38.21,38.77,38.2,38.77
ALCO,2004-03-02,38.99,38.99,38.5,38.5
ALCO,2004-03-03,38.0,38.76,37.26,37.75
ALCO,2004-03-04,37.66,37.66,35.79,35.9
ALCO,2004-03-05,36.36,36.6,34.73,36.08
ALCO,2004-03-08,35.38,36.11,34.65,35.0
ALCO,2004-03-09,35.03,35.47,35.0,35.25
ALCO,2004-03-10,35.0,36.42,35.0,35.25
ALCO,2004-03-11,35.8,36.13,35.0,35.25
ALCO,2004-03-12,35.0,36.85,34.5,36.85
ALCO,2004-03-15,35.77,35.82,35.0,35.0
ALCO,2004-03-16,35.23,35.5,34.0,35.25
ALCO,2004-03-17,36.0,36.29,35.5,36.0
ALCO,2004-03-18,35.42,36.14,35.4,35.67
ALCO,2004-03-19,35.54,36.06,35.0,35.0
ALCO,2004-03-22,35.35,35.35,34.13,34.55
ALCO,2004-03-23,34.43,34.56,33.21,33.21
ALCO,2004-03-24,34.2,34.2,32.62,33.01
ALCO,2004-03-25,32.91,33.45,32.5,32.58
ALCO,2004-03-26,32.99,32.99,32.5,32.58
ALCO,2004-03-29,34.0,34.0,32.55,32.92
ALCO,2004-03-30,32.75,33.46,32.5,32.81
ALCO,2004-03-31,32.0,32.63,30.5,31.9
ALCO,2004-04-01,32.99,33.98,31.75,32.45
ALCO,2004-04-02,32.5,32.87,32.32,32.73
ALCO,2004-04-05,32.75,32.75,32.21,32.5
ALCO,2004-04-06,32.21,32.21,31.2,32.14
ALCO,2004-04-07,31.21,32.25,31.21,32.03
ALCO,2004-04-08,32.5,32.77,32.01,32.24
ALCO,2004-04-12,35.0,35.81,34.0,34.59
ALCO,2004-04-13,34.53,35.67,34.53,34.68
ALCO,2004-04-14,34.86,35.17,34.5,34.9
ALCO,2004-04-15,34.99,35.0,34.66,34.91
ALCO,2004-04-16,34.61,34.99,34.25,34.26
ALCO,2004-04-19,34.99,34.99,33.87,34.31
ALCO,2004-04-20,34.9,35.55,33.82,33.86
ALCO,2004-04-21,35.2,35.2,33.5,33.91
ALCO,2004-04-22,34.79,34.79,33.5,33.91
ALCO,2004-04-23,34.25,34.5,32.8,33.17
ALCO,2004-04-26,34.14,34.14,33.02,33.67
ALCO,2004-04-27,33.98,34.5,33.25,34.5
ALCO,2004-04-28,33.76,34.21,33.51,33.85
ALCO,2004-04-29,34.46,34.46,33.51,33.99
ALCO,2004-04-30,34.43,34.43,32.81,33.43
ALCO,2004-05-03,33.0,34.48,33.0,34.48
ALCO,2004-05-04,33.93,34.8,33.93,34.79
ALCO,2004-05-05,34.9,35.17,34.28,34.77
ALCO,2004-05-06,34.75,35.0,33.75,34.97
ALCO,2004-05-07,34.04,34.78,33.01,33.01
ALCO,2004-05-10,34.75,34.75,32.25,32.25
ALCO,2004-05-11,32.31,33.08,32.26,32.5
ALCO,2004-05-12,32.6,33.18,32.26,32.58
ALCO,2004-05-13,32.67,33.92,32.51,33.49
ALCO,2004-05-14,33.66,33.76,32.25,32.25
ALCO,2004-05-17,33.4,33.89,32.5,33.22
ALCO,2004-05-18,32.56,33.09,32.45,33.0
ALCO,2004-05-19,33.05,33.1,32.25,32.95
ALCO,2004-05-20,32.05,32.6,32.05,32.07
ALCO,2004-05-21,32.06,33.93,32.06,33.93
ALCO,2004-05-24,34.0,34.16,33.89,34.16
ALCO,2004-05-25,34.17,34.6,33.1,34.25
ALCO,2004-05-26,33.1,34.84,33.1,34.63
ALCO,2004-05-27,34.91,35.35,34.2,34.84
ALCO,2004-05-28,35.37,35.37,34.51,35.32
ALCO,2004-06-01,35.0,35.29,34.3,35.0
ALCO,2004-06-02,35.46,35.46,34.9,35.0
ALCO,2004-06-03,35.45,35.45,34.52,34.52
ALCO,2004-06-04,34.51,35.02,34.51,35.0
ALCO,2004-06-07,35.0,35.39,35.0,35.11
ALCO,2004-06-08,35.14,35.14,34.9,35.1
ALCO,2004-06-09,35.25,35.25,34.6,34.6
ALCO,2004-06-10,34.55,35.16,34.55,35.16
ALCO,2004-06-14,35.07,35.23,34.5,34.6
ALCO,2004-06-15,35.15,35.71,34.02,35.25
ALCO,2004-06-16,35.25,36.84,35.06,36.7
ALCO,2004-06-17,36.94,37.92,36.52,37.79
ALCO,2004-06-18,37.64,38.79,36.82,38.58
ALCO,2004-06-21,38.0,38.74,38.0,38.14
ALCO,2004-06-22,38.42,38.74,38.0,38.08
ALCO,2004-06-23,38.08,38.55,37.37,38.04
ALCO,2004-06-24,38.0,38.74,37.51,38.6
ALCO,2004-06-25,38.65,39.36,38.45,39.34
ALCO,2004-06-28,39.18,39.43,38.17,38.96
ALCO,2004-06-29,39.6,39.8,38.27,39.49
ALCO,2004-06-30,39.42,40.15,39.42,40.15
ALCO,2004-07-01,40.2,40.35,40.15,40.17
ALCO,2004-07-02,40.4,40.49,40.08,40.3
ALCO,2004-07-06,40.5,40.5,38.69,39.2
ALCO,2004-07-07,39.0,39.08,38.38,38.54
ALCO,2004-07-08,38.78,39.45,38.5,38.7
ALCO,2004-07-09,38.45,39.47,38.45,39.2
ALCO,2004-07-12,38.65,39.65,37.15,38.74
ALCO,2004-07-13,37.36,39.49,37.36,39.0
ALCO,2004-07-14,38.61,40.26,38.05,40.26
ALCO,2004-07-15,40.25,40.25,39.0,39.0
ALCO,2004-07-16,39.0,40.49,38.03,38.58
ALCO,2004-07-19,38.15,38.42,37.01,37.56
ALCO,2004-07-20,39.44,39.44,38.02,38.3
ALCO,2004-07-21,38.5,38.51,38.0,38.0
ALCO,2004-07-22,38.9,38.9,37.15,38.87
ALCO,2004-07-23,38.91,38.91,38.5,38.5
ALCO,2004-07-26,39.43,39.43,38.34,38.37
ALCO,2004-07-27,38.68,38.68,37.28,37.59
ALCO,2004-07-28,36.4,38.61,36.0,38.48
ALCO,2004-07-29,37.95,38.9,37.95,38.9
ALCO,2004-07-30,39.1,39.1,38.5,38.59
ALCO,2004-08-02,38.5,38.75,38.5,38.75
ALCO,2004-08-03,37.33,38.99,37.33,38.99
ALCO,2004-08-04,39.0,39.52,38.0,39.49
ALCO,2004-08-05,38.21,39.05,38.21,38.6
ALCO,2004-08-06,39.19,39.19,38.51,38.6
ALCO,2004-08-09,39.6,39.6,38.6,38.96
ALCO,2004-08-10,39.59,39.59,37.62,38.76
ALCO,2004-08-11,38.79,38.79,38.05,38.52
ALCO,2004-08-12,39.57,39.57,38.04,38.86
ALCO,2004-08-13,39.57,39.57,38.79,39.18
ALCO,2004-08-16,40.49,40.49,39.1,39.99
ALCO,2004-08-17,40.4,40.4,38.56,39.58
ALCO,2004-08-18,39.56,40.76,39.56,40.46
ALCO,2004-08-19,40.45,41.0,40.45,40.62
ALCO,2004-08-20,41.01,41.01,39.85,40.74
ALCO,2004-08-23,40.06,41.44,40.0,41.44
ALCO,2004-08-24,41.87,44.71,41.75,42.89
ALCO,2004-08-25,43.25,44.4,43.2,43.84
ALCO,2004-08-26,42.53,43.98,42.53,43.34
ALCO,2004-08-27,44.6,46.05,44.14,45.84
ALCO,2004-08-30,45.0,46.2,43.75,43.8
ALCO,2004-08-31,45.29,45.29,43.55,44.02
ALCO,2004-09-01,44.0,45.7,43.46,43.97
ALCO,2004-09-02,44.4,44.4,42.5,42.87
ALCO,2004-09-03,42.97,43.31,42.29,42.97
ALCO,2004-09-07,42.7,43.25,42.0,42.81
ALCO,2004-09-08,43.25,43.64,42.52,43.18
ALCO,2004-09-09,42.0,43.62,42.0,43.48
ALCO,2004-09-10,43.97,43.97,43.7,43.7
ALCO,2004-09-13,44.0,44.21,43.99,44.1
ALCO,2004-09-14,43.5,44.35,43.39,43.75
ALCO,2004-09-15,43.75,43.8,43.5,43.8
ALCO,2004-09-16,43.25,44.25,43.25,44.25
ALCO,2004-09-17,44.42,44.42,43.5,43.53
ALCO,2004-09-20,43.37,43.98,42.7,43.02
ALCO,2004-09-21,42.0,43.96,42.0,43.75
ALCO,2004-09-22,43.6,43.6,42.24,43.42
ALCO,2004-09-23,43.01,43.5,42.56,42.91
ALCO,2004-09-24,42.88,42.88,42.53,42.59
ALCO,2004-09-27,42.25,42.65,42.25,42.5
ALCO,2004-09-28,41.49,42.87,41.49,42.7
ALCO,2004-09-29,43.61,43.61,42.02,42.13
ALCO,2004-09-30,42.51,42.6,41.89,42.6
ALCO,2004-10-01,42.08,44.2,42.0,44.01
ALCO,2004-10-04,49.51,52.25,49.51,51.52
ALCO,2004-10-05,49.37,51.78,47.79,50.07
ALCO,2004-10-06,48.7,51.01,48.7,51.0
ALCO,2004-10-07,51.5,51.5,50.03,51.0
ALCO,2004-10-08,51.09,52.08,50.28,51.28
ALCO,2004-10-11,50.78,50.84,50.21,50.22
ALCO,2004-10-12,50.0,50.4,49.81,50.2
ALCO,2004-10-13,50.2,50.69,50.04,50.28
ALCO,2004-10-14,50.02,50.4,50.0,50.27
ALCO,2004-10-15,49.71,50.45,49.61,50.21
ALCO,2004-10-18,50.3,50.6,50.02,50.42
ALCO,2004-10-19,50.97,50.97,50.52,50.55
ALCO,2004-10-20,50.75,50.98,50.5,50.9
ALCO,2004-10-21,50.94,50.94,50.58,50.85
ALCO,2004-10-22,50.5,50.95,50.4,50.84
ALCO,2004-10-25,50.01,51.08,50.01,51.0
ALCO,2004-10-26,51.1,51.13,50.4,50.75
ALCO,2004-10-27,50.5,50.9,50.25,50.65
ALCO,2004-10-28,50.5,50.5,50.11,50.4
ALCO,2004-10-29,50.5,50.64,50.29,50.35
ALCO,2004-11-01,51.19,51.56,50.4,50.54
ALCO,2004-11-02,50.54,50.88,50.54,50.55
ALCO,2004-11-03,50.95,50.95,50.16,50.94
ALCO,2004-11-04,50.99,51.25,50.77,51.0
ALCO,2004-11-05,51.35,51.38,50.75,50.75
ALCO,2004-11-08,50.52,51.5,50.52,51.5
ALCO,2004-11-09,50.95,51.46,50.74,51.46
ALCO,2004-11-10,51.4,52.22,51.25,52.22
ALCO,2004-11-11,52.25,52.73,52.0,52.73
ALCO,2004-11-12,53.23,53.23,52.69,53.22
ALCO,2004-11-15,53.25,53.75,52.05,53.75
ALCO,2004-11-16,53.38,53.63,51.85,51.9
ALCO,2004-11-17,52.96,53.45,52.25,53.0
ALCO,2004-11-18,52.31,53.32,52.04,52.4
ALCO,2004-11-19,52.5,53.13,52.0,52.05
ALCO,2004-11-22,52.25,53.35,52.0,53.35
ALCO,2004-11-23,53.99,54.0,53.17,54.0
ALCO,2004-11-24,54.0,54.4,53.61,54.1
ALCO,2004-11-26,54.75,54.75,54.02,54.74
ALCO,2004-11-29,52.81,55.58,52.81,54.8
ALCO,2004-11-30,54.21,55.76,54.21,55.76
ALCO,2004-12-01,55.35,55.61,54.2,54.2
ALCO,2004-12-02,54.0,54.38,53.58,53.93
ALCO,2004-12-03,53.48,54.27,53.48,54.27
ALCO,2004-12-06,54.3,54.3,51.5,51.52
ALCO,2004-12-07,52.05,53.0,52.05,52.65
ALCO,2004-12-08,52.97,53.74,52.65,53.65
ALCO,2004-12-09,53.03,53.25,52.76,53.15
ALCO,2004-12-10,54.1,54.1,52.6,53.4
ALCO,2004-12-13,54.02,54.25,53.33,53.33
ALCO,2004-12-14,54.24,54.24,53.48,53.57
ALCO,2004-12-15,54.2,54.2,52.72,53.89
ALCO,2004-12-16,53.75,53.75,52.85,53.49
ALCO,2004-12-17,52.68,54.5,52.68,54.5
ALCO,2004-12-20,53.48,55.77,53.48,55.05
ALCO,2004-12-21,56.1,56.1,54.53,55.45
ALCO,2004-12-22,54.65,55.98,54.64,55.98
ALCO,2004-12-23,55.5,55.9,55.02,55.34
ALCO,2004-12-27,55.6,56.25,55.07,56.25
ALCO,2004-12-28,55.0,56.51,55.0,56.42
ALCO,2004-12-29,55.08,58.49,55.08,57.8
ALCO,2004-12-30,56.77,58.23,56.77,58.11
ALCO,2004-12-31,58.25,58.7,58.25,58.5
ALCO,2005-01-03,58.76,62.13,58.25,61.79
ALCO,2005-01-04,61.0,61.28,56.99,57.12
ALCO,2005-01-05,56.15,56.48,54.53,54.81
ALCO,2005-01-06,54.52,55.05,54.51,54.84
ALCO,2005-01-07,54.5,55.39,54.47,55.0
ALCO,2005-01-10,55.2,55.73,54.51,54.78
ALCO,2005-01-11,55.0,55.0,53.71,53.75
ALCO,2005-01-12,54.0,54.33,52.59,52.75
ALCO,2005-01-13,53.25,54.23,52.25,52.44
ALCO,2005-01-14,52.2,53.75,52.11,53.75
ALCO,2005-01-18,54.08,56.77,53.35,56.61
ALCO,2005-01-19,57.0,57.26,55.8,56.07
ALCO,2005-01-20,55.15,56.92,55.15,56.33
ALCO,2005-01-21,57.17,57.88,55.5,57.78
ALCO,2005-01-24,57.95,57.95,56.6,56.91
ALCO,2005-01-25,55.97,57.07,55.49,55.95
ALCO,2005-01-26,55.24,57.38,55.24,57.37
ALCO,2005-01-27,57.6,57.95,57.3,57.84
ALCO,2005-01-28,57.86,57.87,57.13,57.79
ALCO,2005-01-31,56.66,57.95,56.66,57.5
ALCO,2005-02-01,57.5,57.5,55.79,57.47
ALCO,2005-02-02,56.0,58.31,56.0,58.31
ALCO,2005-02-03,57.4,58.0,55.69,57.5
ALCO,2005-02-04,57.98,58.25,57.91,58.25
ALCO,2005-02-07,57.21,58.7,57.21,58.11
ALCO,2005-02-08,57.65,59.15,57.65,59.15
ALCO,2005-02-09,59.2,59.43,58.1,59.1
ALCO,2005-02-10,58.49,59.57,58.03,59.11
ALCO,2005-02-11,58.04,59.71,58.04,59.34
ALCO,2005-02-14,58.38,59.19,58.38,59.01
ALCO,2005-02-15,58.62,59.01,57.24,58.43
ALCO,2005-02-16,57.63,58.99,57.63,58.34
ALCO,2005-02-17,57.51,59.15,57.51,58.68
ALCO,2005-02-18,59.21,59.21,55.8,57.02
ALCO,2005-02-22,56.97,57.2,55.68,57.0
ALCO,2005-02-23,56.61,57.8,56.53,56.95
ALCO,2005-02-24,56.98,57.23,56.75,57.23
ALCO,2005-02-25,46.828,46.9397,45.2663,46.8902
ALCO,2005-02-28,46.0714,48.0877,46.0714,48.0877
ALCO,2005-03-01,46.8902,48.1459,46.8902,48.1459
ALCO,2005-03-02,47.7099,47.7099,45.4634,46.0122
ALCO,2005-03-03,46.0646,46.1899,45.4537,45.9063
ALCO,2005-03-04,46.0218,46.7532,45.6945,45.9141
ALCO,2005-03-07,45.6616,46.1316,45.5431,45.9141
ALCO,2005-03-08,45.6528,46.1744,45.6528,45.6528
ALCO,2005-03-09,45.6528,45.9063,44.8301,44.8301
ALCO,2005-03-10,45.3275,45.8548,44.8301,45.1497
ALCO,2005-03-11,44.9992,45.209,44.8826,45.0429
ALCO,2005-03-14,44.7379,44.7379,43.4044,43.4889
ALCO,2005-03-15,43.2451,43.7754,43.2451,43.5977
ALCO,2005-03-16,43.5131,43.5131,42.104,42.5672
ALCO,2005-03-17,42.0767,42.4205,41.9514,42.4205
ALCO,2005-03-18,42.3613,42.3613,41.7456,41.7456
ALCO,2005-03-21,41.9514,42.2001,41.6407,41.6407
ALCO,2005-03-22,41.829,42.2652,41.7281,41.7281
ALCO,2005-03-23,42.3477,42.5594,41.6853,41.8222
ALCO,2005-03-24,41.9514,42.3846,41.7533,41.7533
ALCO,2005-03-28,43.5131,44.0085,41.9446,42.0446
ALCO,2005-03-29,42.2991,42.5245,41.7941,42.0097
ALCO,2005-03-30,42.3613,42.7255,41.1279,42.7255
ALCO,2005-03-31,42.6848,43.4132,42.642,43.3529
ALCO,2005-04-01,43.1858,43.3043,42.7741,42.9353
ALCO,2005-04-04,42.8498,44.3096,42.8265,44.195
ALCO,2005-04-05,43.5802,44.7146,43.5802,44.0435
ALCO,2005-04-06,44.5874,44.9768,43.4889,43.5229
ALCO,2005-04-07,43.2451,43.9094,43.0179,43.2714
ALCO,2005-04-08,42.6585,42.8595,42.3545,42.5769
ALCO,2005-04-11,42.5672,42.8761,42.3545,42.7508
ALCO,2005-04-12,42.3613,43.5977,42.0515,43.0023
ALCO,2005-04-13,43.3179,43.3179,41.9514,41.9845
ALCO,2005-04-14,42.5245,43.3791,41.5581,42.8595
ALCO,2005-04-15,42.1477,42.8178,41.1463,41.1463
ALCO,2005-04-18,41.1279,41.1279,39.568,40.6325
ALCO,2005-04-19,40.9637,41.5484,40.5092,41.1279
ALCO,2005-04-20,41.1375,41.4027,39.1232,39.4437
ALCO,2005-04-21,40.1663,40.1663,39.4437,39.6953
ALCO,2005-04-22,40.2061,40.2061,39.0989,39.1659
ALCO,2005-04-25,39.2437,39.6768,38.3929,38.7473
ALCO,2005-04-26,38.9902,39.5778,38.691,38.8891
ALCO,2005-04-27,39.0766,39.6302,38.6638,38.8891
ALCO,2005-04-28,39.4767,39.602,38.8037,38.8211
ALCO,2005-04-29,38.8639,41.6941,38.6638,41.6232
ALCO,2005-05-02,41.2482,41.6678,40.4994,41.0725
ALCO,2005-05-03,40.9637,41.1055,40.3838,41.0394
ALCO,2005-05-04,40.7189,41.7281,40.5597,41.1803
ALCO,2005-05-05,40.8209,41.2482,39.9468,40.4013
ALCO,2005-05-06,40.584,41.089,40.2567,40.9209
ALCO,2005-05-09,40.9209,40.9209,39.804,40.4859
ALCO,2005-05-10,40.4859,40.6422,40.109,40.4761
ALCO,2005-05-11,40.2567,40.4683,40.0128,40.2489
ALCO,2005-05-12,40.4344,40.4683,39.8632,39.8632
ALCO,2005-05-13,39.1659,39.4855,39.1145,39.1416
ALCO,2005-05-16,39.4699,40.3081,39.4699,39.9468
ALCO,2005-05-17,40.5926,40.6014,39.3757,39.8303
ALCO,2005-05-18,40.0993,40.5266,39.5098,40.2324
ALCO,2005-05-19,40.7112,40.7189,39.6855,39.8973
ALCO,2005-05-20,40.651,40.7189,39.7729,40.5597
ALCO,2005-05-23,41.3706,41.3706,39.6622,40.1663
ALCO,2005-05-24,40.7286,40.9297,40.2644,40.4344
ALCO,2005-05-25,40.7286,40.9802,40.141,40.4683
ALCO,2005-05-26,40.7286,41.155,40.3256,41.0482
ALCO,2005-05-27,41.6766,41.7368,40.9462,41.0725
ALCO,2005-05-31,41.7125,42.6663,41.3328,42.3701
ALCO,2005-06-01,43.0266,43.0266,42.4545,42.8352
ALCO,2005-06-02,43.3966,43.4316,42.7352,42.8761
ALCO,2005-06-03,42.742,42.8265,42.4467,42.7255
ALCO,2005-06-06,43.0518,43.0518,42.3613,42.542
ALCO,2005-06-07,42.3613,43.1023,42.0029,42.6168
ALCO,2005-06-08,43.4646,43.4646,41.9087,42.1651
ALCO,2005-06-09,42.035,42.7682,41.8465,42.403
ALCO,2005-06-10,42.1651,42.1651,41.6678,41.8912
ALCO,2005-06-13,42.3477,43.0023,41.1871,41.7533
ALCO,2005-06-14,42.3234,42.3234,41.4638,41.7281
ALCO,2005-06-15,42.3701,42.3701,41.5581,41.9941
ALCO,2005-06-16,41.9514,42.0767,41.8222,42.0767
ALCO,2005-06-17,42.3846,42.3846,41.7456,41.9514
ALCO,2005-06-20,41.9514,42.104,41.7125,42.0767
ALCO,2005-06-21,42.5983,42.5983,41.9514,42.0689
ALCO,2005-06-22,41.8378,42.1651,41.7941,42.0767
ALCO,2005-06-23,42.642,42.642,41.1279,41.2706
ALCO,2005-06-24,41.1375,41.9175,40.7286,41.7456
ALCO,2005-06-27,41.4183,41.6766,41.155,41.5406
ALCO,2005-06-28,41.5727,42.8761,41.5727,42.642
ALCO,2005-06-29,42.3768,42.4614,41.9175,42.403
ALCO,2005-06-30,42.4614,44.0182,41.8621,43.1625
ALCO,2005-07-01,44.0182,44.0182,43.3529,43.6152
ALCO,2005-07-05,43.4316,43.4316,43.0179,43.3442
ALCO,2005-07-06,43.2199,43.3704,42.6848,42.9858
ALCO,2005-07-07,42.5594,43.2529,41.6678,43.2529
ALCO,2005-07-08,42.104,43.6627,42.104,43.6627
ALCO,2005-07-11,43.0703,44.4805,43.0703,44.2678
ALCO,2005-07-12,44.8564,44.8564,44.1532,44.5417
ALCO,2005-07-13,44.8564,45.6266,44.5485,45.074
ALCO,2005-07-14,45.7392,46.1481,44.9671,45.6013
ALCO,2005-07-15,44.9583,45.5363,44.9001,45.5188
ALCO,2005-07-18,45.3022,45.8237,44.1872,45.4867
ALCO,2005-07-19,45.0079,45.5188,44.8826,44.8826
ALCO,2005-07-20,44.0085,44.8903,44.0085,44.7311
ALCO,2005-07-21,44.6893,45.8985,44.0182,44.8467
ALCO,2005-07-22,45.2585,46.1568,44.0182,45.7635
ALCO,2005-07-25,45.2585,46.9145,45.2585,46.3706
ALCO,2005-07-26,46.1568,47.4175,46.1568,47.0456
ALCO,2005-07-27,46.9145,46.9145,45.6197,46.3929
ALCO,2005-07-28,46.5774,46.9795,45.9976,46.8182
ALCO,2005-07-29,46.1568,47.6361,46.1568,47.367
ALCO,2005-08-01,47.467,47.4923,46.5609,46.6279
ALCO,2005-08-02,46.6279,46.6279,45.7994,46.0569
ALCO,2005-08-03,45.8723,46.0122,45.0827,45.881
ALCO,2005-08-04,45.881,46.0316,45.1332,45.1332
ALCO,2005-08-05,44.9001,44.9506,43.7415,44.4708
ALCO,2005-08-08,43.9764,44.5971,43.5131,44.5971
ALCO,2005-08-09,43.9764,44.7864,43.9764,44.532
ALCO,2005-08-10,44.4708,44.9438,44.0688,44.428
ALCO,2005-08-11,43.823,44.3348,43.6802,44.0765
ALCO,2005-08-12,43.3043,44.0765,42.3846,42.7809
ALCO,2005-08-15,39.568,42.4545,39.568,41.3609
ALCO,2005-08-16,41.2123,41.7456,40.6937,41.5085
ALCO,2005-08-17,41.0035,41.6134,40.9637,41.121
ALCO,2005-08-18,40.8122,40.9462,40.2061,40.2906
ALCO,2005-08-19,39.7729,40.9141,39.7729,40.7374
ALCO,2005-08-22,40.7859,41.7533,40.7859,41.5581
ALCO,2005-08-23,40.6694,41.29,40.6694,41.0812
ALCO,2005-08-24,41.3784,41.8854,41.2803,41.5406
ALCO,2005-08-25,41.5484,41.8912,41.2396,41.3075
ALCO,2005-08-26,41.5484,42.0446,41.3852,41.3852
ALCO,2005-08-29,41.3784,41.4552,41.3328,41.4183
ALCO,2005-08-30,41.5406,41.5406,40.8122,41.29
ALCO,2005-08-31,41.5406,43.858,40.9715,43.6306
ALCO,2005-09-01,42.8411,43.2616,42.7002,42.8411
ALCO,2005-09-02,42.7993,42.7993,42.0689,42.0689
ALCO,2005-09-06,41.6056,42.7177,41.3513,42.542
ALCO,2005-09-07,42.1738,42.742,41.7601,42.1301
ALCO,2005-09-08,41.7941,42.1913,41.5727,42.1301
ALCO,2005-09-09,42.6848,42.8595,42.5167,42.7595
ALCO,2005-09-12,42.7809,42.9693,42.2147,42.3701
ALCO,2005-09-13,41.7698,42.1738,41.7698,41.9271
ALCO,2005-09-14,42.471,42.4895,41.7037,41.8126
ALCO,2005-09-15,41.7941,42.4293,41.394,41.6056
ALCO,2005-09-16,41.6056,42.3147,41.6056,42.3147
ALCO,2005-09-19,41.4998,41.8378,41.3513,41.4474
ALCO,2005-09-20,41.6494,41.899,40.7956,41.0978
ALCO,2005-09-21,40.7025,41.2803,40.6014,41.1279
ALCO,2005-09-22,41.1279,41.6494,40.5092,41.4911
ALCO,2005-09-23,41.3784,41.3784,40.9054,41.1055
ALCO,2005-09-26,41.1142,41.394,40.5354,40.8209
ALCO,2005-09-27,40.4927,41.7533,40.4927,41.7368
ALCO,2005-09-28,40.9141,41.2396,40.3518,41.2396
ALCO,2005-09-29,40.5354,41.7698,40.2741,41.7698
ALCO,2005-09-30,41.155,43.6306,40.9802,43.0518
ALCO,2005-10-03,42.7255,43.0023,40.6257,40.8967
ALCO,2005-10-04,41.0122,41.121,40.5772,40.6102
ALCO,2005-10-05,40.5772,40.8375,38.554,38.554
ALCO,2005-10-06,38.8299,39.0251,38.4365,38.6045
ALCO,2005-10-07,39.1145,39.1145,38.351,38.351
ALCO,2005-10-10,39.3271,39.3271,37.8266,38.184
ALCO,2005-10-11,38.9824,38.9824,38.0082,38.0947
ALCO,2005-10-12,37.8071,38.0772,36.0862,36.667
ALCO,2005-10-13,36.3387,36.3387,35.6831,36.3047
ALCO,2005-10-14,36.0522,38.4288,35.4169,38.4288
ALCO,2005-10-17,38.723,39.1057,38.2686,38.5453
ALCO,2005-10-18,38.6045,38.9328,38.3326,38.4531
ALCO,2005-10-19,38.0674,38.0859,37.0282,38.0422
ALCO,2005-10-20,38.0597,38.487,36.9952,36.9952
ALCO,2005-10-21,36.8068,37.5556,36.6573,36.9428
ALCO,2005-10-24,36.4931,38.5152,36.1435,38.5152
ALCO,2005-10-25,39.1232,39.1232,37.0691,37.7557
ALCO,2005-10-26,37.339,38.3326,37.339,38.1015
ALCO,2005-10-27,37.2186,37.4459,36.0862,36.2959
ALCO,2005-10-28,36.2639,36.7418,35.9861,36.2959
ALCO,2005-10-31,36.0862,37.2458,36.0862,36.9515
ALCO,2005-11-01,37.0923,37.0923,35.8774,36.3134
ALCO,2005-11-02,35.8938,37.3468,35.8938,37.2371
ALCO,2005-11-03,37.3468,37.3468,36.8428,36.9263
ALCO,2005-11-04,37.1507,37.2701,36.7738,37.1507
ALCO,2005-11-07,37.3303,37.9985,37.036,37.7295
ALCO,2005-11-08,37.1098,38.3851,37.1098,37.7625
ALCO,2005-11-09,37.7625,38.2762,37.7625,37.8791
ALCO,2005-11-10,37.1507,37.9334,37.1507,37.9334
ALCO,2005-11-11,37.7625,38.0947,37.4537,37.4537
ALCO,2005-11-14,37.3468,37.3468,36.0862,36.8515
ALCO,2005-11-15,36.8428,37.1846,36.5232,36.9603
ALCO,2005-11-16,36.8583,36.8583,36.0862,36.0862
ALCO,2005-11-17,35.9026,37.4634,35.8852,36.902
ALCO,2005-11-18,37.4857,37.5294,36.398,36.5494
ALCO,2005-11-21,36.0949,36.732,35.8686,36.7233
ALCO,2005-11-22,36.1269,36.5494,36.1269,36.4309
ALCO,2005-11-23,36.1687,38.5152,36.1687,37.9334
ALCO,2005-11-25,38.285,38.3103,38.1268,38.1268
ALCO,2005-11-28,38.3783,38.8454,37.8071,38.691
ALCO,2005-11-29,38.7706,39.132,38.723,39.132
ALCO,2005-11-30,38.8979,38.8979,37.7625,38.4453
ALCO,2005-12-01,38.1083,39.1145,38.1083,38.6045
ALCO,2005-12-02,38.0267,38.5725,38.0267,38.5725
ALCO,2005-12-05,37.7625,38.1607,37.5391,37.9587
ALCO,2005-12-06,37.8946,38.2452,37.2624,37.9422
ALCO,2005-12-07,38.0169,38.0597,37.6294,37.7887
ALCO,2005-12-08,37.3973,38.219,37.3973,38.184
ALCO,2005-12-09,37.7062,38.4783,37.6829,38.0169
ALCO,2005-12-12,38.6483,38.6638,37.4128,38.6638
ALCO,2005-12-13,38.2686,38.5289,38.2588,38.351
ALCO,2005-12-14,38.2686,38.9328,38.2511,38.8299
ALCO,2005-12-15,39.1145,39.1145,38.3249,38.6045
ALCO,2005-12-16,38.6045,39.1145,38.2511,38.2511
ALCO,2005-12-19,37.7887,38.285,37.7887,38.1432
ALCO,2005-12-20,38.1432,38.4968,38.1432,38.1685
ALCO,2005-12-21,38.1432,38.419,37.6829,37.8994
ALCO,2005-12-22,37.5478,38.0422,37.5478,38.0422
ALCO,2005-12-23,37.5974,38.4531,37.5974,38.0947
ALCO,2005-12-27,38.152,38.152,37.5032,37.9509
ALCO,2005-12-28,37.3555,37.7198,37.3555,37.6653
ALCO,2005-12-29,37.5197,37.5556,37.3555,37.3555
ALCO,2005-12-30,37.1749,37.9247,37.1749,37.9247
ALCO,2006-01-03,37.9334,37.9334,37.1749,37.7295
ALCO,2006-01-04,37.7295,37.7557,37.3886,37.3973
ALCO,2006-01-05,36.8583,37.1924,36.632,36.9359
ALCO,2006-01-06,36.9263,36.9263,36.3134,36.3222
ALCO,2006-01-09,36.3804,36.7155,36.3804,36.3804
ALCO,2006-01-10,37.2089,37.3555,36.6407,36.6824
ALCO,2006-01-11,37.0458,37.2186,36.7981,36.97
ALCO,2006-01-12,37.0545,37.2371,36.7825,36.8428
ALCO,2006-01-13,37.0107,37.2186,36.8932,36.9263
ALCO,2006-01-17,37.0923,37.1254,36.3465,36.3465
ALCO,2006-01-18,36.6902,37.1254,36.4076,36.4076
ALCO,2006-01-19,36.2881,37.0107,36.2881,36.4562
ALCO,2006-01-20,36.8583,36.8583,36.1269,36.2959
ALCO,2006-01-23,36.1046,36.5494,36.1046,36.3465
ALCO,2006-01-24,36.5883,37.0107,36.398,36.8156
ALCO,2006-01-25,37.4459,37.4459,36.565,36.7155
ALCO,2006-01-26,36.7155,37.6974,36.7155,37.4128
ALCO,2006-01-27,37.5974,37.6829,37.307,37.3468
ALCO,2006-01-30,37.3468,37.7479,37.2624,37.4712
ALCO,2006-01-31,36.9108,37.7383,36.9108,37.4303
ALCO,2006-02-01,37.4303,38.2686,37.4303,37.9985
ALCO,2006-02-02,37.8169,38.0082,37.6382,37.8509
ALCO,2006-02-03,37.2371,38.1685,37.2371,37.5478
ALCO,2006-02-06,37.983,38.1685,37.7295,37.9742
ALCO,2006-02-07,38.3249,38.3249,37.8071,37.8994
ALCO,2006-02-08,37.916,38.1015,37.3973,37.8071
ALCO,2006-02-09,37.9422,38.5803,37.9422,38.487
ALCO,2006-02-10,38.1015,39.4699,37.7625,39.3097
ALCO,2006-02-13,39.5515,39.9157,39.0251,39.1835
ALCO,2006-02-14,38.6551,39.4515,38.6298,38.7784
ALCO,2006-02-15,39.0251,39.4612,38.8115,39.2339
ALCO,2006-02-16,39.2339,39.2339,38.6298,39.0911
ALCO,2006-02-17,39.4369,39.4369,38.4016,38.6988
ALCO,2006-02-21,38.1268,38.351,37.7887,37.983
ALCO,2006-02-22,37.9509,38.5725,37.9509,37.9908
ALCO,2006-02-23,37.9509,38.0772,37.8693,37.8693
ALCO,2006-02-24,37.8693,38.3015,37.8693,38.2762
ALCO,2006-02-27,38.2686,38.2686,37.7887,37.8994
ALCO,2006-02-28,37.9422,38.2686,37.7198,37.9587
ALCO,2006-03-01,38.2938,38.5803,38.184,38.219
ALCO,2006-03-02,38.0267,38.2267,37.7198,37.9422
ALCO,2006-03-03,37.9742,38.3015,37.6158,37.6469
ALCO,2006-03-06,37.6071,37.8422,37.6071,37.6469
ALCO,2006-03-07,37.6158,37.8868,37.5809,37.6071
ALCO,2006-03-08,37.8334,37.9072,37.6469,37.7712
ALCO,2006-03-09,38.0674,38.0674,37.2186,37.2186
ALCO,2006-03-10,36.9108,37.2186,36.902,36.9263
ALCO,2006-03-13,37.339,37.339,36.4746,36.667
ALCO,2006-03-14,37.0545,37.0545,36.2726,36.2959
ALCO,2006-03-15,36.5398,36.5398,36.0687,36.2542
ALCO,2006-03-16,36.0774,36.2639,35.9366,36.0862
ALCO,2006-03-17,36.33,36.33,35.3888,35.3888
ALCO,2006-03-20,35.6267,36.2047,35.4899,36.0862
ALCO,2006-03-21,36.1687,36.6757,35.9211,35.9279
ALCO,2006-03-22,36.2639,36.6757,36.1872,36.4387
ALCO,2006-03-23,36.8252,36.8428,36.2959,36.531
ALCO,2006-03-24,36.5164,36.9263,36.5164,36.9195
ALCO,2006-03-27,37.0458,37.2536,36.5077,36.9428
ALCO,2006-03-28,36.6902,37.2624,36.6902,37.2273
ALCO,2006-03-29,37.0107,37.5556,37.0107,37.5556
ALCO,2006-03-30,37.3468,37.8509,37.3468,37.8509
ALCO,2006-03-31,37.8509,38.1354,37.479,38.1354
ALCO,2006-04-03,37.9334,37.9334,37.6829,37.8946
ALCO,2006-04-04,37.6829,37.8596,37.5109,37.7887
ALCO,2006-04-05,38.0169,38.0597,37.6829,37.8791
ALCO,2006-04-06,38.2938,38.2938,37.4303,37.7625
ALCO,2006-04-07,37.4857,37.8334,37.4128,37.8169
ALCO,2006-04-10,37.9665,37.9665,37.6829,37.7712
ALCO,2006-04-11,37.7625,37.9247,37.4226,37.6974
ALCO,2006-04-12,38.152,38.152,37.7383,37.9334
ALCO,2006-04-13,37.8071,38.0674,37.6557,37.8509
ALCO,2006-04-17,37.781,38.1083,37.7625,38.1083
ALCO,2006-04-18,38.0169,38.2267,37.916,38.0597
ALCO,2006-04-19,38.2267,38.5385,37.9985,38.4609
ALCO,2006-04-20,38.5628,38.5881,38.117,38.4288
ALCO,2006-04-21,38.723,38.9727,38.5229,38.9727
ALCO,2006-04-24,38.9824,40.3256,38.9824,40.2644
ALCO,2006-04-25,40.4499,41.7037,40.4499,41.7037
ALCO,2006-04-26,41.29,42.1301,41.29,41.6494
ALCO,2006-04-27,41.3152,41.4823,40.9375,41.1375
ALCO,2006-04-28,40.7286,42.1301,40.3518,42.1301
ALCO,2006-05-01,41.8038,43.0518,41.3415,43.0266
ALCO,2006-05-02,43.0606,44.6719,42.8683,44.6145
ALCO,2006-05-03,44.5068,45.3614,43.8492,44.8739
ALCO,2006-05-04,44.5233,45.4537,43.9405,45.4119
ALCO,2006-05-05,45.4119,45.8169,44.9001,45.5363
ALCO,2006-05-08,45.9063,46.9397,45.6197,46.9397
ALCO,2006-05-09,46.6532,49.259,46.6532,48.9104
ALCO,2006-05-10,49.0201,49.0201,48.2732,48.8424
ALCO,2006-05-11,48.347,49.0123,48.347,48.6393
ALCO,2006-05-12,48.4664,49.1706,48.2566,48.7335
ALCO,2006-05-15,48.4898,49.4154,48.4898,48.9705
ALCO,2006-05-16,48.4228,49.0123,48.381,49.0123
ALCO,2006-05-17,48.415,48.5073,47.1728,47.8769
ALCO,2006-05-18,48.4325,48.4325,46.1404,46.1568
ALCO,2006-05-19,45.9898,47.0815,44.9001,45.8451
ALCO,2006-05-22,46.0646,46.2579,45.8169,45.8373
ALCO,2006-05-23,46.1744,46.3706,45.9063,45.9063
ALCO,2006-05-24,45.5595,46.1568,45.4867,46.1568
ALCO,2006-05-25,45.9811,46.3608,45.8373,46.1811
ALCO,2006-05-26,46.2248,46.525,45.9402,46.4424
ALCO,2006-05-30,45.7994,46.5521,45.4119,45.949
ALCO,2006-05-31,46.1568,46.2667,45.9655,46.1568
ALCO,2006-06-01,46.3259,46.5007,46.0811,46.5007
ALCO,2006-06-02,46.6444,47.4836,46.4909,47.3408
ALCO,2006-06-05,46.9883,47.7672,46.8727,47.3146
ALCO,2006-06-06,47.0368,47.6186,45.9811,46.2948
ALCO,2006-06-07,46.761,46.7853,44.1173,44.5068
ALCO,2006-06-08,44.3941,44.5971,43.0353,44.1687
ALCO,2006-06-09,43.7822,44.1173,43.2616,43.3043
ALCO,2006-06-12,42.9858,43.7754,42.607,43.0703
ALCO,2006-06-13,42.6323,43.0179,41.0482,41.155
ALCO,2006-06-14,41.0978,41.2308,40.5266,40.9054
ALCO,2006-06-15,40.9141,43.6802,40.9141,43.6152
ALCO,2006-06-16,43.3966,43.7317,43.3966,43.5977
ALCO,2006-06-19,43.925,43.925,43.1946,43.1946
ALCO,2006-06-20,43.689,44.0765,43.1461,43.991
ALCO,2006-06-21,43.7317,44.6719,43.6472,44.566
ALCO,2006-06-22,44.9768,45.3439,44.4368,45.0827
ALCO,2006-06-23,44.8564,44.9924,43.3704,43.8055
ALCO,2006-06-26,44.127,44.5718,43.5578,44.2931
ALCO,2006-06-27,44.6408,45.4023,44.4631,44.4708
ALCO,2006-06-28,44.4194,45.1857,43.7968,44.3251
ALCO,2006-06-29,44.8301,45.4799,44.6797,45.4799
ALCO,2006-06-30,45.2429,46.2491,45.0331,46.2491
ALCO,2006-07-03,46.828,46.828,46.3521,46.7697
ALCO,2006-07-05,46.4424,47.8186,46.4424,47.5166
ALCO,2006-07-06,47.6263,48.046,47.333,48.046
ALCO,2006-07-07,47.5846,47.6594,47.1728,47.1728
ALCO,2006-07-10,47.1728,47.2903,47.1495,47.1495
ALCO,2006-07-11,47.1495,47.1495,46.7775,46.9455
ALCO,2006-07-12,46.7454,46.9969,46.7454,46.7853
ALCO,2006-07-13,46.6619,46.6619,45.2497,45.2497
ALCO,2006-07-14,44.8117,45.275,43.8404,44.195
ALCO,2006-07-17,43.8841,44.9001,43.8841,44.8117
ALCO,2006-07-18,44.4883,45.7392,44.4883,45.4964
ALCO,2006-07-19,45.8237,46.2753,45.7898,46.2753
ALCO,2006-07-20,46.2336,46.2336,44.8826,45.0244
ALCO,2006-07-21,44.8564,44.8564,42.339,43.8133
ALCO,2006-07-24,44.0347,44.8389,43.4889,44.7457
ALCO,2006-07-25,45.275,45.6431,44.6651,45.6431
ALCO,2006-07-26,45.0914,45.8548,45.0574,45.4119
ALCO,2006-07-27,45.8451,46.0569,44.7379,45.2585
ALCO,2006-07-28,45.2352,45.4023,45.1079,45.309
ALCO,2006-07-31,44.7787,45.881,44.7787,45.7392
ALCO,2006-08-01,45.7392,46.1316,45.7208,46.1316
ALCO,2006-08-02,45.8169,46.3851,45.8169,46.3851
ALCO,2006-08-03,46.2171,47.1728,45.881,47.0883
ALCO,2006-08-04,47.2058,48.0314,46.7212,46.9552
ALCO,2006-08-07,47.0057,47.0553,46.7775,46.9319
ALCO,2006-08-08,46.9145,47.1495,46.3706,46.8367
ALCO,2006-08-09,47.3243,47.3243,46.5521,46.7775
ALCO,2006-08-10,46.6279,46.7299,46.2579,46.6532
ALCO,2006-08-11,46.1568,46.6211,45.7305,46.5521
ALCO,2006-08-14,46.5094,46.7115,46.1316,46.4512
ALCO,2006-08-15,47.1728,47.6681,46.7299,47.6507
ALCO,2006-08-16,47.2145,48.2566,47.2145,48.2566
ALCO,2006-08-17,47.9556,49.2774,47.8575,49.2444
ALCO,2006-08-18,49.3639,49.4406,48.6577,48.7257
ALCO,2006-08-21,48.3392,48.3392,47.1495,47.6953
ALCO,2006-08-22,47.2145,47.8517,46.9969,47.2903
ALCO,2006-08-23,47.2058,47.5749,46.458,47.2805
ALCO,2006-08-24,47.2301,47.7915,46.594,46.7367
ALCO,2006-08-25,46.4085,47.1816,46.3764,47.0368
ALCO,2006-08-28,47.4748,48.3897,47.3505,48.381
ALCO,2006-08-29,48.6743,49.4056,47.9459,49.1774
ALCO,2006-08-30,49.1774,49.8165,48.7598,49.6504
ALCO,2006-08-31,49.2522,49.8252,49.2444,49.327
ALCO,2006-09-01,49.7912,50.3371,49.3367,50.3371
ALCO,2006-09-05,50.3468,50.3468,49.9418,49.9418
ALCO,2006-09-06,49.2687,49.2687,48.2129,48.314
ALCO,2006-09-07,47.6768,47.9818,47.3922,47.8769
ALCO,2006-09-08,48.4062,48.7937,47.2981,47.3408
ALCO,2006-09-11,47.7342,48.0615,47.1213,47.7245
ALCO,2006-09-12,48.114,48.314,47.2476,48.314
ALCO,2006-09-13,47.3758,49.3183,47.3758,49.3047
ALCO,2006-09-14,48.6918,50.0836,48.6918,50.0836
ALCO,2006-09-15,50.3556,50.7489,50.0525,50.3556
ALCO,2006-09-18,49.8252,50.3556,49.3717,49.7223
ALCO,2006-09-19,49.967,49.967,48.9705,49.5999
ALCO,2006-09-20,49.5999,50.5935,49.5572,50.204
ALCO,2006-09-21,50.1865,50.3556,49.2872,49.9932
ALCO,2006-09-22,50.1166,50.3556,50.0175,50.3556
ALCO,2006-09-25,49.9758,50.5274,49.9583,50.2953
ALCO,2006-09-26,50.3973,50.5022,49.901,50.1438
ALCO,2006-09-27,45.3439,50.4235,45.3439,50.4235
ALCO,2006-09-28,50.0098,50.3556,49.5999,50.3556
ALCO,2006-09-29,50.3371,50.3371,49.1036,49.1036
ALCO,2006-10-02,49.5474,49.5474,48.3062,48.4062
ALCO,2006-10-03,48.3304,48.5335,47.8575,48.5335
ALCO,2006-10-04,48.3392,48.8598,47.9187,48.8297
ALCO,2006-10-05,48.6577,49.6416,48.3392,49.5474
ALCO,2006-10-06,49.5824,49.8252,49.0463,49.6581
ALCO,2006-10-09,49.7407,49.7407,49.3881,49.4591
ALCO,2006-10-10,49.7223,49.8252,49.4912,49.4912
ALCO,2006-10-11,49.5231,49.8165,49.2385,49.5067
ALCO,2006-10-12,49.6416,50.4798,49.5999,50.4235
ALCO,2006-10-13,50.3556,50.3556,50.0098,50.2439
ALCO,2006-10-16,50.4148,50.4148,49.8612,50.3817
ALCO,2006-10-17,49.799,50.3556,49.799,50.2778
ALCO,2006-10-18,50.2439,50.3556,50.2439,50.3556
ALCO,2006-10-19,50.2856,50.5439,50.068,50.3556
ALCO,2006-10-20,50.7489,50.7489,50.1943,50.5187
ALCO,2006-10-23,50.035,50.5847,50.0263,50.373
ALCO,2006-10-24,50.5692,50.8159,50.3556,50.7411
ALCO,2006-10-25,50.6896,50.8479,50.3556,50.6721
ALCO,2006-10-26,50.7916,51.9153,50.2953,51.9153
ALCO,2006-10-27,51.8561,52.4514,51.6774,52.0309
ALCO,2006-10-30,51.4967,52.5942,51.4967,52.2242
ALCO,2006-10-31,52.6884,52.802,51.6366,52.0309
ALCO,2006-11-01,52.6962,52.6962,51.6152,51.7988
ALCO,2006-11-02,50.7489,51.5288,50.6031,50.7819
ALCO,2006-11-03,51.3006,51.3006,50.6313,51.0509
ALCO,2006-11-06,51.1092,51.2695,50.6993,50.8897
ALCO,2006-11-07,51.3006,51.452,50.6313,50.6313
ALCO,2006-11-08,50.4731,51.1257,50.3817,51.0684
ALCO,2006-11-09,52.0164,52.0164,50.6372,50.6372
ALCO,2006-11-10,50.9071,51.4103,50.5187,50.7314
ALCO,2006-11-13,50.7411,50.8576,50.3556,50.576
ALCO,2006-11-14,50.6313,51.2695,50.3468,50.7819
ALCO,2006-11-15,51.8483,51.8561,50.3556,51.1937
ALCO,2006-11-16,51.5549,51.5549,50.8576,51.1937
ALCO,2006-11-17,51.1422,51.1422,48.8948,50.3556
ALCO,2006-11-20,50.2681,50.9324,50.0175,50.7819
ALCO,2006-11-21,50.373,50.9071,50.2681,50.3556
ALCO,2006-11-22,50.6468,50.6556,50.1525,50.373
ALCO,2006-11-24,49.9495,50.576,49.9495,50.3468
ALCO,2006-11-27,49.9495,50.3371,47.7245,47.9275
ALCO,2006-11-28,47.7099,47.7099,46.1316,46.3706
ALCO,2006-11-29,46.1083,46.4085,46.0714,46.4007
ALCO,2006-11-30,46.3929,47.9187,46.1404,47.8264
ALCO,2006-12-01,48.1294,48.4664,46.8182,47.1543
ALCO,2006-12-04,47.1903,47.1903,46.3259,47.1543
ALCO,2006-12-05,47.4273,47.6507,46.9241,47.164
ALCO,2006-12-06,46.6367,47.0057,45.5042,45.7208
ALCO,2006-12-07,45.4023,45.4119,43.7492,43.8404
ALCO,2006-12-08,43.7579,43.8055,43.2199,43.5229
ALCO,2006-12-11,43.1858,44.4446,42.8945,43.3626
ALCO,2006-12-12,43.6152,44.1358,43.1625,43.2199
ALCO,2006-12-13,43.7162,44.0435,43.1693,43.4578
ALCO,2006-12-14,43.8765,43.9764,43.623,43.7492
ALCO,2006-12-15,43.655,43.8841,43.2966,43.2966
ALCO,2006-12-18,42.9605,43.3966,41.6581,42.0097
ALCO,2006-12-19,41.6407,41.9359,41.3784,41.5163
ALCO,2006-12-20,41.8912,42.9081,41.4027,41.829
ALCO,2006-12-21,42.104,42.104,41.0394,41.394
ALCO,2006-12-22,41.7941,41.7941,41.1871,41.4998
ALCO,2006-12-26,42.8352,42.8352,41.7533,41.9845
ALCO,2006-12-27,42.1738,43.0111,42.1738,42.709
ALCO,2006-12-28,40.7025,42.8498,40.7025,42.403
ALCO,2006-12-29,42.6924,42.6924,42.1389,42.4895
ALCO,2007-01-03,43.1363,43.4889,42.9265,43.1363
ALCO,2007-01-04,42.7809,43.0781,42.3147,43.0781
ALCO,2007-01-05,42.7896,42.7993,42.0515,42.1301
ALCO,2007-01-08,42.0446,42.1301,39.4855,40.9209
ALCO,2007-01-09,41.1375,41.1375,40.1731,40.4188
ALCO,2007-01-10,40.109,40.5519,39.9157,40.3596
ALCO,2007-01-11,40.0565,40.7956,39.4767,39.9157
ALCO,2007-01-12,39.8118,40.141,39.704,39.8973
ALCO,2007-01-16,39.9468,40.1149,39.8632,39.94
ALCO,2007-01-17,40.0128,40.6422,39.8885,40.6014
ALCO,2007-01-18,40.9141,41.6232,40.8967,41.596
ALCO,2007-01-19,41.4357,42.5817,41.2482,42.5672
ALCO,2007-01-22,42.3477,43.2616,42.104,42.1913
ALCO,2007-01-23,42.0446,42.3613,41.9514,42.1816
ALCO,2007-01-24,43.1461,43.3354,42.6663,43.2024
ALCO,2007-01-25,43.0266,43.6152,42.7809,43.1625
ALCO,2007-01-26,44.0085,44.0085,42.7508,43.689
ALCO,2007-01-29,43.5131,43.9764,43.5131,43.9503
ALCO,2007-01-30,43.9503,44.0182,43.6977,43.9405
ALCO,2007-01-31,43.7676,44.2931,43.5802,43.9152
ALCO,2007-02-01,43.9503,43.991,43.788,43.788
ALCO,2007-02-02,44.0435,44.2999,43.8133,44.2523
ALCO,2007-02-05,44.0765,44.0765,42.1389,42.2564
ALCO,2007-02-06,42.4614,42.5915,42.2729,42.4293
ALCO,2007-02-07,42.2652,42.5507,41.9514,42.2408
ALCO,2007-02-08,42.2652,42.5817,42.1389,42.3292
ALCO,2007-02-09,41.9757,42.3292,41.4474,41.6407
ALCO,2007-02-12,41.8126,41.9941,41.4027,41.829
ALCO,2007-02-13,41.9612,42.2913,41.7941,42.035
ALCO,2007-02-14,41.8699,42.0029,40.7627,40.7627
ALCO,2007-02-15,41.0122,41.1871,40.8209,40.9637
ALCO,2007-02-16,40.9715,41.3784,40.5519,40.955
ALCO,2007-02-20,40.8704,41.8854,40.8704,41.7533
ALCO,2007-02-21,41.5581,42.0689,41.3328,41.596
ALCO,2007-02-22,41.8854,42.3147,41.3152,42.3147
ALCO,2007-02-23,42.1651,42.5983,40.9141,41.2628
ALCO,2007-02-26,42.1651,42.1651,40.9861,41.0627
ALCO,2007-02-27,40.9141,41.7125,39.6526,39.8632
ALCO,2007-02-28,40.8529,40.8529,39.8632,39.9157
ALCO,2007-03-01,39.8632,41.0122,39.6622,40.3916
ALCO,2007-03-02,40.2324,40.3081,38.9328,38.9727
ALCO,2007-03-05,38.8115,39.6215,38.8115,39.3271
ALCO,2007-03-06,40.0565,40.0993,39.1835,40.0128
ALCO,2007-03-07,39.9069,40.2401,39.2844,39.5515
ALCO,2007-03-08,39.7885,40.1965,39.3185,39.736
ALCO,2007-03-09,40.1819,40.1819,39.4942,39.5263
ALCO,2007-03-12,39.7798,40.2226,39.736,40.2226
ALCO,2007-03-13,40.0226,41.055,40.0226,40.7956
ALCO,2007-03-14,40.6325,41.4027,40.6102,41.4027
ALCO,2007-03-15,41.5659,41.9941,41.5484,41.9941
ALCO,2007-03-16,41.9845,42.2729,41.7281,41.899
ALCO,2007-03-19,42.2408,44.1358,42.2408,44.1017
ALCO,2007-03-20,44.1358,44.802,43.788,44.7379
ALCO,2007-03-21,45.0574,46.9145,45.0574,46.5774
ALCO,2007-03-22,46.7853,46.8106,45.881,46.8106
ALCO,2007-03-23,46.6279,50.7314,46.6279,49.3717
ALCO,2007-03-26,49.765,50.3556,49.765,50.3371
ALCO,2007-03-27,49.9758,50.0981,47.333,47.4584
ALCO,2007-03-28,47.2641,48.5811,46.6881,48.1625
ALCO,2007-03-29,48.4985,48.5073,47.3408,47.5011
ALCO,2007-03-30,48.1207,48.4985,47.3505,48.114
ALCO,2007-04-02,48.1712,48.2227,47.7031,48.1294
ALCO,2007-04-03,48.1974,48.415,47.4506,48.0974
ALCO,2007-04-04,47.8856,48.347,47.8856,48.0702
ALCO,2007-04-05,47.9653,47.9653,46.5862,46.6969
ALCO,2007-04-09,46.3764,48.5995,46.1316,48.114
ALCO,2007-04-10,48.2975,49.3881,48.2975,49.1619
ALCO,2007-04-11,49.1706,49.9758,48.7006,49.3047
ALCO,2007-04-12,48.9521,49.6232,48.7073,49.4912
ALCO,2007-04-13,49.4154,50.5187,49.4154,50.5187
ALCO,2007-04-16,50.881,51.149,50.2439,50.3556
ALCO,2007-04-17,50.5527,50.8576,49.4912,49.9855
ALCO,2007-04-18,49.9855,50.3186,49.8427,50.1865
ALCO,2007-04-19,50.1166,50.1263,49.2201,49.7223
ALCO,2007-04-20,50.3273,50.8664,49.9583,50.3973
ALCO,2007-04-23,51.1859,52.0804,50.6896,51.4773
ALCO,2007-04-24,51.9901,52.2338,51.0004,51.1422
ALCO,2007-04-25,51.1937,51.7045,50.3556,50.4565
ALCO,2007-04-26,50.5361,50.5361,49.259,49.935
ALCO,2007-04-27,49.731,50.7148,49.6659,50.373
ALCO,2007-04-30,50.6372,50.6372,49.0598,49.1036
ALCO,2007-05-01,49.8252,49.8252,48.6743,49.0959
ALCO,2007-05-02,49.2872,50.5847,49.2872,50.3973
ALCO,2007-05-03,51.1422,51.4695,49.8612,50.1263
ALCO,2007-05-04,50.5274,50.6721,49.6659,50.1943
ALCO,2007-05-07,50.7489,50.7489,50.068,50.2681
ALCO,2007-05-08,50.3109,51.1859,49.1619,49.5067
ALCO,2007-05-09,49.3552,50.3031,49.2774,50.3031
ALCO,2007-05-10,50.5361,50.5361,48.7598,48.9618
ALCO,2007-05-11,48.9258,49.2444,48.3062,49.1774
ALCO,2007-05-14,49.3717,50.2439,49.2687,49.5329
ALCO,2007-05-15,49.5999,49.5999,49.259,49.2774
ALCO,2007-05-16,49.5474,51.0276,49.1862,50.2856
ALCO,2007-05-17,50.068,50.51,49.9583,49.9583
ALCO,2007-05-18,49.9175,49.9175,48.9928,49.8252
ALCO,2007-05-21,49.6883,50.5624,49.6883,50.3973
ALCO,2007-05-22,50.3371,50.7994,50.1622,50.3973
ALCO,2007-05-23,50.1438,50.3973,50.0437,50.3973
ALCO,2007-05-24,50.3885,50.4322,48.114,48.7335
ALCO,2007-05-25,48.752,48.8025,47.2058,48.8025
ALCO,2007-05-29,49.0774,49.2046,48.4985,49.1774
ALCO,2007-05-30,48.9851,49.868,48.7686,49.7136
ALCO,2007-05-31,49.5144,50.5187,49.3367,50.3031
ALCO,2007-06-01,50.6372,51.2753,50.3556,50.4798
ALCO,2007-06-04,50.2205,50.51,49.3454,50.2507
ALCO,2007-06-05,50.0981,50.0981,48.8424,49.2201
ALCO,2007-06-06,48.7006,49.5387,48.7006,49.4989
ALCO,2007-06-07,49.5067,49.5067,48.4228,48.5151
ALCO,2007-06-08,48.5073,49.8165,47.2719,49.7048
ALCO,2007-06-11,50.2118,50.51,49.5659,50.3556
ALCO,2007-06-12,49.967,50.3109,49.633,49.731
ALCO,2007-06-13,50.238,50.4478,50.1622,50.3371
ALCO,2007-06-14,50.1777,50.6216,50.1777,50.4478
ALCO,2007-06-15,51.351,51.487,50.3642,50.8576
ALCO,2007-06-18,51.0597,51.4346,50.1777,50.7722
ALCO,2007-06-19,50.5022,50.7411,50.3885,50.6031
ALCO,2007-06-20,50.3556,51.0684,49.935,50.002
ALCO,2007-06-21,50.0437,51.084,49.5231,50.6896
ALCO,2007-06-22,50.6896,51.8648,50.0437,50.914
ALCO,2007-06-25,50.9071,51.2695,50.51,51.0179
ALCO,2007-06-26,51.0762,51.4005,50.8479,51.3006
ALCO,2007-06-27,50.8897,52.0551,50.5361,51.6774
ALCO,2007-06-28,51.8483,51.9221,51.4773,51.6967
ALCO,2007-06-29,51.7725,52.2242,51.1859,51.1859
ALCO,2007-07-02,51.5035,54.1647,51.5035,53.8043
ALCO,2007-07-03,53.8043,54.2317,53.2925,53.6752
ALCO,2007-07-05,53.6178,53.6684,53.4004,53.5839
ALCO,2007-07-06,54.1822,54.5017,53.4606,54.422
ALCO,2007-07-09,54.5493,54.5493,52.8205,53.0546
ALCO,2007-07-10,52.5155,52.9662,50.3642,50.5935
ALCO,2007-07-11,47.4175,50.002,47.4175,50.002
ALCO,2007-07-12,50.2205,50.44,49.2969,49.8165
ALCO,2007-07-13,49.799,50.5935,47.9556,49.1949
ALCO,2007-07-16,48.9258,49.1269,48.114,48.3723
ALCO,2007-07-17,48.2315,49.3969,48.0615,49.1114
ALCO,2007-07-18,49.327,49.327,46.7853,47.7759
ALCO,2007-07-19,47.5623,47.9187,46.3851,47.2719
ALCO,2007-07-20,47.1728,47.198,44.6486,46.1987
ALCO,2007-07-23,46.2667,46.6367,45.7994,46.3851
ALCO,2007-07-24,46.5434,46.7212,44.1173,44.9264
ALCO,2007-07-25,45.4207,45.5848,44.2445,44.6067
ALCO,2007-07-26,44.428,44.6067,41.8465,41.9446
ALCO,2007-07-27,41.7785,42.2991,39.6117,39.6117
ALCO,2007-07-30,39.5933,44.6486,38.487,39.4515
ALCO,2007-07-31,39.4437,40.3081,39.0504,40.3081
ALCO,2007-08-01,40.2324,40.9947,39.2495,40.4683
ALCO,2007-08-02,41.0035,43.3442,41.0035,42.3768
ALCO,2007-08-03,42.5507,42.8683,39.3359,39.5341
ALCO,2007-08-06,39.568,40.8287,39.4699,40.8044
ALCO,2007-08-07,40.4927,42.2331,40.4927,41.3784
ALCO,2007-08-08,41.6678,45.5275,41.256,43.991
ALCO,2007-08-09,43.8055,46.4007,42.2652,44.0688
ALCO,2007-08-10,43.8841,44.2766,39.8973,40.2741
ALCO,2007-08-13,40.9209,44.0435,39.1757,40.7723
ALCO,2007-08-14,40.955,41.8465,40.7452,41.7281
ALCO,2007-08-15,41.7125,44.3766,41.1463,41.3706
ALCO,2007-08-16,41.2308,43.2529,40.6257,42.8352
ALCO,2007-08-17,44.1435,44.4883,42.471,42.8265
ALCO,2007-08-20,42.6585,43.5326,41.6319,42.9858
ALCO,2007-08-21,43.4316,43.5131,41.9845,43.2966
ALCO,2007-08-22,43.0869,43.6627,42.5915,42.9265
ALCO,2007-08-23,42.9693,43.0869,41.3415,42.6848
ALCO,2007-08-24,42.2564,43.0518,42.035,42.6323
ALCO,2007-08-27,42.3768,43.3704,41.596,41.8222
ALCO,2007-08-28,41.6232,41.7873,39.9468,39.9468
ALCO,2007-08-29,40.0663,41.4998,39.4612,40.5354
ALCO,2007-08-30,40.1663,41.7873,40.0663,41.5727
ALCO,2007-08-31,42.1738,43.0781,41.5085,42.9265
ALCO,2007-09-04,42.9081,44.2766,42.8858,43.823
ALCO,2007-09-05,43.6306,43.6306,41.8038,41.8126
ALCO,2007-09-06,41.8126,41.8222,39.8973,40.8792
ALCO,2007-09-07,40.4761,40.8529,39.9235,40.5431
ALCO,2007-09-10,40.9054,41.3415,39.4437,39.9643
ALCO,2007-09-11,40.584,41.1375,39.4942,41.0725
ALCO,2007-09-12,41.4998,41.9446,40.8617,41.0482
ALCO,2007-09-13,40.9947,41.9446,39.704,40.7189
ALCO,2007-09-14,40.6257,40.6257,39.704,40.3421
ALCO,2007-09-17,40.1488,40.1488,39.0844,39.4184
ALCO,2007-09-18,39.4437,40.7025,38.7473,40.7025
ALCO,2007-09-19,41.8912,42.2331,40.4188,42.2331
ALCO,2007-09-20,42.1913,42.1913,39.871,41.1463
ALCO,2007-09-21,41.5406,41.6319,40.3081,40.6694
ALCO,2007-09-24,40.4994,40.8287,38.6133,39.1921
ALCO,2007-09-25,39.0329,39.0329,38.6045,38.6211
ALCO,2007-09-26,38.9551,39.1659,37.8071,38.0169
ALCO,2007-09-27,38.0267,38.6133,37.7557,38.3414
ALCO,2007-09-28,38.3929,38.8115,36.33,36.3707
ALCO,2007-10-01,36.0862,38.0267,36.0862,38.0267
ALCO,2007-10-02,37.7198,41.1871,37.4226,41.055
ALCO,2007-10-03,40.9054,41.9359,40.1149,40.5431
ALCO,2007-10-04,41.394,42.0612,41.055,41.4998
ALCO,2007-10-05,42.104,42.1389,40.9462,42.1126
ALCO,2007-10-08,42.1816,42.1816,40.1566,41.5163
ALCO,2007-10-09,41.5581,41.7037,40.4422,41.5795
ALCO,2007-10-10,41.4183,42.9081,40.6597,41.0812
ALCO,2007-10-11,41.2027,41.2027,39.4612,39.7952
ALCO,2007-10-12,40.109,41.8854,39.4767,41.394
ALCO,2007-10-15,41.3328,41.4415,39.0251,39.2252
ALCO,2007-10-16,39.3,39.7282,39.0329,39.3757
ALCO,2007-10-17,39.8205,39.8205,38.7959,39.5933
ALCO,2007-10-18,39.7206,40.3159,39.2582,40.2401
ALCO,2007-10-19,40.2401,40.3421,38.7162,38.8299
ALCO,2007-10-22,38.6725,39.6768,38.6725,39.4515
ALCO,2007-10-23,39.6117,40.3838,39.4515,40.2226
ALCO,2007-10-24,39.871,40.3081,39.4942,39.7729
ALCO,2007-10-25,39.5855,40.0128,39.4437,39.7118
ALCO,2007-10-26,40.2226,41.1279,39.5263,40.9947
ALCO,2007-10-29,40.9637,41.1638,39.9731,40.1235
ALCO,2007-10-30,40.3674,40.6597,39.6302,39.7457
ALCO,2007-10-31,39.8205,40.6325,39.3185,39.8118
ALCO,2007-11-01,40.0487,40.7859,35.7181,35.9279
ALCO,2007-11-02,36.1522,36.6902,35.9123,36.2211
ALCO,2007-11-05,35.8774,36.667,35.6831,36.1959
ALCO,2007-11-06,36.4164,37.2002,35.9444,37.2002
ALCO,2007-11-07,37.7625,38.184,35.3888,35.8181
ALCO,2007-11-08,36.2396,36.732,35.2888,36.2959
ALCO,2007-11-09,35.7093,37.6294,35.314,37.036
ALCO,2007-11-12,37.4128,38.2511,37.1254,37.1419
ALCO,2007-11-13,37.3643,39.0251,36.9263,38.8794
ALCO,2007-11-14,39.0251,39.3622,38.3181,38.7638
ALCO,2007-11-15,38.6045,38.6045,37.2089,37.3555
ALCO,2007-11-16,37.4303,38.7084,37.1507,37.2002
ALCO,2007-11-19,37.4303,37.781,36.5077,37.2458
ALCO,2007-11-20,37.036,37.8596,35.3471,36.1202
ALCO,2007-11-21,35.8346,37.2273,35.653,36.6485
ALCO,2007-11-23,37.1001,37.1001,36.0774,37.1001
ALCO,2007-11-26,37.1322,37.5974,35.2392,35.2703
ALCO,2007-11-27,35.5413,36.2133,35.2538,35.5763
ALCO,2007-11-28,36.4999,37.8946,36.4475,37.8791
ALCO,2007-11-29,37.4634,38.1354,37.4459,37.7383
ALCO,2007-11-30,38.1354,38.1354,36.9195,37.2536
ALCO,2007-12-03,37.5974,37.5974,34.8177,34.9265
ALCO,2007-12-04,35.0216,35.0216,32.6888,32.9403
ALCO,2007-12-05,33.0646,34.1573,32.4605,32.4965
ALCO,2007-12-06,32.8558,33.6872,32.5285,33.6872
ALCO,2007-12-07,33.6687,34.4827,32.8024,32.8024
ALCO,2007-12-10,33.3239,33.3239,32.7296,32.9569
ALCO,2007-12-11,33.6183,33.6183,32.6043,32.6043
ALCO,2007-12-12,34.0213,34.0213,32.31,33.2259
ALCO,2007-12-13,32.8821,33.9038,32.7451,33.3502
ALCO,2007-12-14,33.4609,33.9116,31.9477,32.0516
ALCO,2007-12-17,31.8059,32.1653,30.4482,30.5434
ALCO,2007-12-18,30.6754,31.6622,30.1111,30.9425
ALCO,2007-12-19,30.8152,31.2115,30.2219,30.3384
ALCO,2007-12-20,30.5288,30.8735,29.877,30.7424
ALCO,2007-12-21,31.3019,32.7296,30.4122,32.6888
ALCO,2007-12-24,32.6888,32.6888,31.9836,32.6043
ALCO,2007-12-26,31.9836,32.6286,31.8904,32.4693
ALCO,2007-12-27,32.477,32.477,30.8823,31.3106
ALCO,2007-12-28,31.2601,32.4868,30.0179,30.1024
ALCO,2007-12-31,30.6423,30.7823,29.6672,30.6327
ALCO,2008-01-02,31.2931,31.2931,30.69,30.9512
ALCO,2008-01-03,31.061,31.2688,30.4889,31.0358
ALCO,2008-01-04,31.0445,31.6553,30.5725,30.59
ALCO,2008-01-07,30.6832,31.2601,30.4802,30.522
ALCO,2008-01-08,31.028,31.6379,30.6239,30.6239
ALCO,2008-01-09,30.6239,30.8735,30.0179,30.5812
ALCO,2008-01-10,29.9654,32.7296,29.745,32.2449
ALCO,2008-01-11,32.0516,33.5688,30.59,32.1021
ALCO,2008-01-14,32.5722,34.3981,32.1109,34.1835
ALCO,2008-01-15,33.7727,34.4059,33.3599,33.6959
ALCO,2008-01-16,34.2418,36.0278,34.2418,34.8527
ALCO,2008-01-17,34.4059,34.4059,32.1021,33.4288
ALCO,2008-01-18,33.1492,33.797,32.7363,33.0646
ALCO,2008-01-22,32.344,37.0458,30.181,34.132
ALCO,2008-01-23,33.291,37.1924,32.1653,36.834
ALCO,2008-01-24,36.902,38.1354,36.3222,36.3222
ALCO,2008-01-25,36.7738,38.1354,36.5883,37.3303
ALCO,2008-01-28,37.4459,38.2511,36.5164,37.0855
ALCO,2008-01-29,37.1098,37.4537,35.8258,36.398
ALCO,2008-01-30,36.6485,36.8758,34.6759,35.0896
ALCO,2008-01-31,34.6119,36.5805,33.3929,35.8774
ALCO,2008-02-01,35.9522,36.2396,34.6759,36.2396
ALCO,2008-02-04,36.0949,36.0949,34.0301,34.5876
ALCO,2008-02-05,34.3088,34.3088,33.5784,34.0213
ALCO,2008-02-06,34.233,35.9618,33.6251,35.2538
ALCO,2008-02-07,35.6686,35.6686,34.0893,34.5701
ALCO,2008-02-08,34.3467,34.3652,33.5688,33.9116
ALCO,2008-02-11,33.7804,35.3655,33.5784,34.9761
ALCO,2008-02-12,35.2334,35.6588,34.1757,35.2159
ALCO,2008-02-13,36.2542,36.2959,35.6083,36.0862
ALCO,2008-02-14,36.0949,36.1774,33.5688,33.5688
ALCO,2008-02-15,33.5688,35.2966,33.5688,34.9595
ALCO,2008-02-19,35.3558,35.6831,33.862,33.8718
ALCO,2008-02-20,34.0397,35.3052,34.0397,34.6371
ALCO,2008-02-21,34.8275,35.4976,33.4454,33.6251
ALCO,2008-02-22,33.6095,35.0819,33.6095,34.4322
ALCO,2008-02-25,34.3088,35.3732,34.0718,35.2888
ALCO,2008-02-26,35.1887,35.4976,34.8702,35.2392
ALCO,2008-02-27,34.8177,35.5763,34.8177,34.8177
ALCO,2008-02-28,34.6759,35.5073,33.525,34.0893
ALCO,2008-02-29,33.8951,35.448,33.8951,34.2806
ALCO,2008-03-03,34.3652,34.3652,32.4868,33.0714
ALCO,2008-03-04,32.7451,33.1151,32.31,32.7597
ALCO,2008-03-05,32.9403,33.5784,32.9064,33.1151
ALCO,2008-03-06,32.9064,33.7727,32.7296,32.7296
ALCO,2008-03-07,34.3175,34.3175,32.7296,32.8976
ALCO,2008-03-10,32.9491,32.9491,31.2514,32.1264
ALCO,2008-03-11,32.9306,33.2162,32.1021,33.1326
ALCO,2008-03-12,33.1326,33.7397,33.0578,33.3007
ALCO,2008-03-13,33.5688,36.8583,32.5548,36.667
ALCO,2008-03-14,36.8428,37.1196,34.7099,34.7186
ALCO,2008-03-17,34.299,35.6171,32.9665,35.2392
ALCO,2008-03-18,36.1959,37.7625,35.6763,37.6382
ALCO,2008-03-19,37.8946,38.285,37.036,37.4226
ALCO,2008-03-20,37.3468,37.3468,35.6588,35.6588
ALCO,2008-03-24,35.7258,36.33,35.3052,35.9774
ALCO,2008-03-25,35.6083,37.7557,35.1062,36.834
ALCO,2008-03-26,37.2536,38.0422,36.565,36.5717
ALCO,2008-03-27,36.6902,37.0545,36.0366,37.0545
ALCO,2008-03-28,36.97,37.916,36.33,37.1846
ALCO,2008-03-31,37.2536,37.9422,36.7641,37.0545
ALCO,2008-04-01,37.2624,37.8071,36.9263,37.4381
ALCO,2008-04-02,37.2885,38.1685,35.9861,37.2885
ALCO,2008-04-03,37.0545,37.5731,36.667,37.4537
ALCO,2008-04-04,37.4303,38.1607,36.7641,37.3148
ALCO,2008-04-07,37.2536,37.7198,36.5494,36.565
ALCO,2008-04-08,36.33,37.2089,36.0862,36.4309
ALCO,2008-04-09,36.8156,36.8156,34.7021,34.7021
ALCO,2008-04-10,34.8275,36.531,34.4322,35.0392
ALCO,2008-04-11,35.0469,36.1202,34.4584,34.4584
ALCO,2008-04-14,34.4224,35.4976,33.7047,33.7047
ALCO,2008-04-15,34.2806,34.6458,33.5688,34.4157
ALCO,2008-04-16,34.6119,36.4834,34.6119,36.33
ALCO,2008-04-17,35.2538,36.0201,34.8614,34.8614
ALCO,2008-04-18,35.448,36.0201,34.9761,35.0469
ALCO,2008-04-21,34.3652,35.3558,34.1573,34.166
ALCO,2008-04-22,34.1913,34.4157,32.3013,32.546
ALCO,2008-04-23,32.5197,34.2904,32.5197,33.559
ALCO,2008-04-24,33.5852,33.5852,32.915,33.5688
ALCO,2008-04-25,33.4697,33.5688,32.7519,33.559
ALCO,2008-04-28,33.5114,34.4059,33.1996,33.3317
ALCO,2008-04-29,33.493,33.7124,33.1676,33.4697
ALCO,2008-04-30,33.6338,34.7449,32.9665,33.5182
ALCO,2008-05-01,33.559,33.6785,33.2259,33.291
ALCO,2008-05-02,33.2657,33.5688,32.6645,32.6645
ALCO,2008-05-05,32.7694,33.1589,32.31,32.3187
ALCO,2008-05-06,32.1021,33.1996,32.1021,33.1404
ALCO,2008-05-07,33.0074,33.559,31.9002,32.1021
ALCO,2008-05-08,32.6286,32.6286,32.1021,32.1021
ALCO,2008-05-09,32.1021,33.2259,32.0584,32.5285
ALCO,2008-05-12,32.8976,33.862,32.0584,33.5688
ALCO,2008-05-13,33.4697,33.6095,32.9306,33.3085
ALCO,2008-05-14,33.0404,33.5688,32.7782,32.9403
ALCO,2008-05-15,32.8121,33.0802,32.1478,32.512
ALCO,2008-05-16,32.915,33.0249,31.9322,32.4868
ALCO,2008-05-19,32.7296,33.1492,32.5635,32.7859
ALCO,2008-05-20,32.7296,32.8558,32.0332,32.3605
ALCO,2008-05-21,32.3955,33.6872,31.9002,32.546
ALCO,2008-05-22,32.7218,34.201,32.4605,32.9218
ALCO,2008-05-23,32.6383,33.5688,31.9002,32.4605
ALCO,2008-05-27,32.4353,33.8951,32.4353,33.4531
ALCO,2008-05-28,33.4454,33.5688,32.411,33.3239
ALCO,2008-05-29,33.559,33.6512,32.8976,33.5688
ALCO,2008-05-30,33.5688,33.5688,32.7218,33.5114
ALCO,2008-06-02,32.9403,33.3405,31.9002,32.0429
ALCO,2008-06-03,31.9244,32.7218,31.9002,31.908
ALCO,2008-06-04,31.9147,32.8976,31.9147,32.3537
ALCO,2008-06-05,32.1653,33.9038,32.1653,33.7475
ALCO,2008-06-06,33.928,33.928,31.9565,31.9565
ALCO,2008-06-09,31.9322,33.5347,31.9322,32.9753
ALCO,2008-06-10,32.7218,33.6512,32.0857,33.3929
ALCO,2008-06-11,33.2084,33.4288,32.1109,33.0404
ALCO,2008-06-12,33.0074,33.4765,32.3955,32.7859
ALCO,2008-06-13,32.9569,33.5026,32.5023,33.1763
ALCO,2008-06-16,33.2337,33.5182,32.7451,33.3405
ALCO,2008-06-17,33.525,33.525,32.9403,33.0317
ALCO,2008-06-18,33.0899,33.2589,31.9002,31.9002
ALCO,2008-06-19,32.3013,33.0646,32.2353,33.0646
ALCO,2008-06-20,32.9306,33.0501,32.31,32.4693
ALCO,2008-06-23,33.2337,33.2337,31.9244,32.1906
ALCO,2008-06-24,31.975,32.7053,31.5155,32.2353
ALCO,2008-06-25,32.1478,32.1555,31.1756,31.5486
ALCO,2008-06-26,31.2601,31.4708,29.1632,29.6168
ALCO,2008-06-27,29.438,29.5148,27.9569,28.0463
ALCO,2008-06-30,27.8093,30.1976,27.8093,29.0856
ALCO,2008-07-01,28.968,29.7537,28.4503,29.6586
ALCO,2008-07-02,29.3973,31.0697,29.3973,30.4035
ALCO,2008-07-03,30.2976,31.6719,29.7362,30.756
ALCO,2008-07-07,31.7554,31.7554,29.172,29.172
ALCO,2008-07-08,29.2788,31.096,29.2487,31.028
ALCO,2008-07-09,30.7823,31.4281,29.5148,29.7362
ALCO,2008-07-10,29.6925,31.2688,29.24,31.1601
ALCO,2008-07-11,31.3019,31.3019,30.2976,31.2766
ALCO,2008-07-14,30.7181,31.8661,30.4394,30.5152
ALCO,2008-07-15,30.389,30.8493,29.8674,30.4802
ALCO,2008-07-16,30.6054,31.0542,30.6054,31.0542
ALCO,2008-07-17,31.1756,31.9322,30.6676,31.9322
ALCO,2008-07-18,32.0516,32.31,31.8059,32.0079
ALCO,2008-07-21,32.31,33.9873,31.6962,33.797
ALCO,2008-07-22,34.2088,38.2024,34.1573,38.2024
ALCO,2008-07-23,38.051,38.051,36.4309,36.9603
ALCO,2008-07-24,37.3468,37.5556,36.3551,37.0769
ALCO,2008-07-25,36.9428,37.7062,35.9861,37.5197
ALCO,2008-07-28,37.6829,37.6829,36.3387,36.3707
ALCO,2008-07-29,36.0201,37.4128,35.7005,35.9774
ALCO,2008-07-30,35.9774,36.465,34.8867,36.3134
ALCO,2008-07-31,36.5077,36.5077,35.247,35.6083
ALCO,2008-08-01,35.4656,35.4656,34.6943,35.1062
ALCO,2008-08-04,34.8353,35.448,33.6183,35.383
ALCO,2008-08-05,36.1046,36.4999,35.2159,36.4931
ALCO,2008-08-06,36.33,37.2885,35.4169,37.0545
ALCO,2008-08-07,37.2885,37.9422,36.632,37.6877
ALCO,2008-08-08,37.3643,42.2331,36.7981,40.8287
ALCO,2008-08-11,40.2226,40.2226,38.7473,38.9551
ALCO,2008-08-12,38.6551,39.7729,36.9428,37.6877
ALCO,2008-08-13,37.5391,38.152,36.2804,36.3707
ALCO,2008-08-14,36.1134,36.6824,35.3655,36.667
ALCO,2008-08-15,37.4128,37.9665,37.0107,37.5556
ALCO,2008-08-18,37.4128,38.0422,36.3882,37.4634
ALCO,2008-08-19,36.7981,37.4226,35.9861,36.0201
ALCO,2008-08-20,36.1435,36.9515,35.8258,36.1046
ALCO,2008-08-21,35.9618,36.667,35.9618,36.1959
ALCO,2008-08-22,36.0599,37.7198,35.6267,37.3731
ALCO,2008-08-25,37.6653,37.6653,35.4976,35.5238
ALCO,2008-08-26,35.3888,36.0366,35.2703,35.448
ALCO,2008-08-27,35.314,36.8845,34.6847,36.8845
ALCO,2008-08-28,36.7418,37.7139,36.7418,37.1846
ALCO,2008-08-29,37.2273,37.2273,35.5763,36.2133
ALCO,2008-09-02,36.4999,36.8932,34.6031,34.8614
ALCO,2008-09-03,34.9945,34.9945,34.4157,34.5953
ALCO,2008-09-04,34.5098,34.7449,33.5852,33.6338
ALCO,2008-09-05,33.5688,33.6512,31.6302,31.8506
ALCO,2008-09-08,32.31,33.6687,32.31,33.594
ALCO,2008-09-09,33.7047,34.3253,33.3162,33.5425
ALCO,2008-09-10,33.7902,33.8718,32.7296,33.8718
ALCO,2008-09-11,33.6338,33.928,33.6338,33.9038
ALCO,2008-09-12,33.5425,33.862,33.2657,33.3686
ALCO,2008-09-15,33.2259,33.5688,31.9322,31.9322
ALCO,2008-09-16,31.9836,33.862,31.8904,33.862
ALCO,2008-09-17,33.5784,33.8067,31.9147,33.0501
ALCO,2008-09-18,33.559,34.2806,32.6383,34.2806
ALCO,2008-09-19,36.3387,38.4531,35.4656,38.1015
ALCO,2008-09-22,35.7763,38.1432,35.7763,37.2885
ALCO,2008-09-23,36.7233,38.9551,36.7233,38.0947
ALCO,2008-09-24,38.4365,38.4365,38.1354,38.2267
ALCO,2008-09-25,38.4365,38.7706,37.6829,38.6133
ALCO,2008-09-26,38.184,38.7862,36.2396,38.7862
ALCO,2008-09-29,38.117,39.4369,30.522,37.0282
ALCO,2008-09-30,37.4944,40.0128,36.9263,39.804
ALCO,2008-10-01,39.6526,39.8632,38.1268,39.7642
ALCO,2008-10-02,39.5933,39.8632,37.1322,39.2086
ALCO,2008-10-03,39.8632,40.1566,39.3622,39.7282
ALCO,2008-10-06,39.4612,39.804,34.4322,34.6594
ALCO,2008-10-07,34.166,35.8531,33.6095,34.1757
ALCO,2008-10-08,32.7296,33.7649,31.9002,31.9244
ALCO,2008-10-09,32.477,32.6888,31.1601,31.3883
ALCO,2008-10-10,31.0542,32.3013,27.7102,32.277
ALCO,2008-10-13,32.1555,35.1217,32.1555,35.1217
ALCO,2008-10-14,35.8609,35.8609,34.064,34.132
ALCO,2008-10-15,33.9873,34.5788,33.5784,33.5784
ALCO,2008-10-16,33.8067,36.1202,32.8976,36.1202
ALCO,2008-10-17,35.4403,39.3835,35.2966,37.6974
ALCO,2008-10-20,38.5628,38.5959,37.0458,37.9908
ALCO,2008-10-21,37.3468,38.3414,35.9211,37.6557
ALCO,2008-10-22,36.7825,39.4369,34.4157,34.4157
ALCO,2008-10-23,34.4827,35.6355,32.8296,33.4386
ALCO,2008-10-24,32.7296,33.2832,32.31,33.2832
ALCO,2008-10-27,32.8646,33.5425,31.9836,32.5877
ALCO,2008-10-28,33.1492,33.594,31.8904,33.594
ALCO,2008-10-29,33.594,34.233,32.0079,32.7694
ALCO,2008-10-30,32.9569,33.0074,31.9836,32.7451
ALCO,2008-10-31,32.5023,33.0578,31.9836,33.0578
ALCO,2008-11-03,32.8889,33.0987,32.7053,32.9753
ALCO,2008-11-04,33.9709,33.9709,32.3265,32.7053
ALCO,2008-11-05,32.2255,32.9569,31.8904,31.9002
ALCO,2008-11-06,32.1828,32.477,31.1503,31.1756
ALCO,2008-11-07,31.5893,31.5893,29.5993,29.7362
ALCO,2008-11-10,30.1363,30.6997,29.374,29.374
ALCO,2008-11-11,29.374,31.1116,29.137,29.137
ALCO,2008-11-12,28.7272,30.6511,26.2,26.2
ALCO,2008-11-13,26.8565,28.0716,25.691,28.0716
ALCO,2008-11-14,28.3008,28.9515,26.7692,26.8507
ALCO,2008-11-17,27.2985,28.7864,26.4778,27.4092
ALCO,2008-11-18,27.5519,28.2648,26.4341,26.6934
ALCO,2008-11-19,26.6274,27.417,25.185,25.185
ALCO,2008-11-20,25.6046,25.6046,22.4976,22.4976
ALCO,2008-11-21,22.8676,22.8676,18.7506,20.3182
ALCO,2008-11-24,20.1501,28.6349,20.1501,28.0463
ALCO,2008-11-25,27.9472,28.4076,25.018,28.1541
ALCO,2008-11-26,28.3221,28.5241,27.6015,28.5241
ALCO,2008-11-28,28.0298,29.0204,26.4341,28.8203
ALCO,2008-12-01,27.8861,27.8861,22.1733,22.1917
ALCO,2008-12-02,23.231,25.2608,22.3219,24.4712
ALCO,2008-12-03,23.8603,25.185,23.1552,24.4897
ALCO,2008-12-04,25.3298,25.8377,24.4644,24.4644
ALCO,2008-12-05,25.0763,27.1984,24.2954,25.7881
ALCO,2008-12-08,26.6535,28.4755,26.3272,28.3173
ALCO,2008-12-09,28.2066,30.0441,26.8643,28.8544
ALCO,2008-12-10,29.1049,29.7703,28.7019,29.2651
ALCO,2008-12-11,28.6009,30.3724,27.6782,27.6782
ALCO,2008-12-12,26.4437,30.0607,26.4437,29.9576
ALCO,2008-12-15,29.7867,29.7935,27.1576,28.6844
ALCO,2008-12-16,28.9019,31.8807,26.5389,30.9512
ALCO,2008-12-17,30.7492,31.8409,28.9019,31.5233
ALCO,2008-12-18,31.6302,32.5635,30.2131,32.4032
ALCO,2008-12-19,33.3599,33.3599,30.3559,30.3957
ALCO,2008-12-22,30.6599,30.6599,27.4946,28.4076
ALCO,2008-12-23,28.2842,29.8674,27.9919,28.3901
ALCO,2008-12-24,28.4173,32.6567,27.3315,31.9477
ALCO,2008-12-26,32.1478,33.1676,31.2436,32.9665
ALCO,2008-12-29,32.8743,33.493,32.7947,33.2162
ALCO,2008-12-30,33.559,33.9709,29.7789,33.7475
ALCO,2008-12-31,33.6095,34.3981,32.6208,34.3981
ALCO,2009-01-02,33.3686,34.3253,32.3013,34.0475
ALCO,2009-01-05,34.0475,34.299,33.4288,33.9709
ALCO,2009-01-06,34.2738,37.781,32.8743,36.3387
ALCO,2009-01-07,35.7763,35.7763,33.0074,33.9446
ALCO,2009-01-08,34.4661,34.8002,32.5023,34.0213
ALCO,2009-01-09,33.8542,34.1233,32.546,32.546
ALCO,2009-01-12,32.3955,33.3007,31.1116,31.1116
ALCO,2009-01-13,31.1329,31.9002,30.8823,30.9425
ALCO,2009-01-14,30.4977,31.1854,28.5319,28.6009
ALCO,2009-01-15,28.5931,28.5931,25.4016,26.841
ALCO,2009-01-16,27.4354,27.4946,25.8125,26.5312
ALCO,2009-01-20,26.5215,28.8942,22.4724,22.8997
ALCO,2009-01-21,23.1143,31.6058,23.1143,29.2982
ALCO,2009-01-22,28.8776,28.8776,25.1763,25.6473
ALCO,2009-01-23,25.3521,27.2082,25.185,25.5871
ALCO,2009-01-26,25.7085,28.0298,24.379,25.3443
ALCO,2009-01-27,24.9267,27.1003,24.9267,26.3097
ALCO,2009-01-28,25.9232,27.3606,25.9232,26.7885
ALCO,2009-01-29,26.5544,26.5544,24.917,25.1355
ALCO,2009-01-30,24.882,24.9656,23.497,23.497
ALCO,2009-02-02,23.3048,26.2447,23.3048,26.2447
ALCO,2009-02-03,27.2732,27.4946,24.1371,26.9488
ALCO,2009-02-04,26.7293,26.841,24.9267,25.4375
ALCO,2009-02-05,25.3443,25.3773,24.3712,25.3773
ALCO,2009-02-06,25.2268,25.7163,25.0015,25.7163
ALCO,2009-02-09,25.5366,26.2,24.6227,25.0675
ALCO,2009-02-10,24.7645,24.9403,23.1795,23.2134
ALCO,2009-02-11,23.4475,24.0769,23.2892,23.4475
ALCO,2009-02-12,23.2465,24.5887,22.8249,24.0021
ALCO,2009-02-13,23.9011,24.3547,23.3135,23.4893
ALCO,2009-02-17,23.0882,23.6845,22.7686,22.7783
ALCO,2009-02-18,22.8434,23.3795,22.6608,22.6608
ALCO,2009-02-19,22.8249,23.298,21.9887,21.9887
ALCO,2009-02-20,21.8187,23.1979,21.2068,22.3471
ALCO,2009-02-23,22.4724,23.1795,22.0383,22.9434
ALCO,2009-02-24,23.2057,24.984,22.9095,24.984
ALCO,2009-02-25,24.8597,24.8597,23.298,23.298
ALCO,2009-02-26,23.4378,23.8,22.4471,22.4471
ALCO,2009-02-27,21.8187,23.0367,21.4517,21.8013
ALCO,2009-03-02,21.5002,21.8187,20.9912,21.0
ALCO,2009-03-03,20.9826,21.3933,20.459,20.9223
ALCO,2009-03-04,20.9223,21.8187,20.5959,20.763
ALCO,2009-03-05,20.563,20.563,19.5276,19.5529
ALCO,2009-03-06,19.7229,20.0667,18.2631,19.0264
ALCO,2009-03-09,18.8808,19.2187,17.2462,17.2462
ALCO,2009-03-10,17.624,17.624,17.0199,17.456
ALCO,2009-03-11,17.456,18.0416,17.0801,17.7581
ALCO,2009-03-12,17.725,19.5218,16.9878,19.5218
ALCO,2009-03-13,20.0745,21.5526,18.6817,20.6872
ALCO,2009-03-16,20.6872,21.2506,18.9478,19.5218
ALCO,2009-03-17,19.4383,22.7006,19.3858,22.6919
ALCO,2009-03-18,22.5772,24.1614,20.8446,23.7088
ALCO,2009-03-19,24.0351,24.0448,22.7686,23.6602
ALCO,2009-03-20,23.5932,23.6437,21.2068,22.0052
ALCO,2009-03-23,22.6831,24.3469,20.4086,24.3469
ALCO,2009-03-24,24.3381,24.3381,22.6035,23.0279
ALCO,2009-03-25,23.2892,23.2892,20.1832,21.1467
ALCO,2009-03-26,21.2224,22.7948,20.9826,22.7948
ALCO,2009-03-27,22.2898,22.4394,21.6711,21.7197
ALCO,2009-03-30,21.5002,22.5345,20.1415,20.1415
ALCO,2009-03-31,20.6465,21.3769,19.8889,20.1415
ALCO,2009-04-01,19.8986,21.2972,19.5121,20.8368
ALCO,2009-04-02,21.2593,21.6284,20.6465,21.4517
ALCO,2009-04-03,21.3069,21.7682,20.797,21.7682
ALCO,2009-04-06,21.6546,21.6546,20.2016,20.5717
ALCO,2009-04-07,20.3512,20.662,19.8491,19.9161
ALCO,2009-04-08,19.9637,20.9738,19.9637,20.9738
ALCO,2009-04-09,20.9826,23.4631,19.8423,22.9619
ALCO,2009-04-13,22.7433,23.3552,22.2072,23.163
ALCO,2009-04-14,22.9531,22.9531,21.0797,21.7353
ALCO,2009-04-15,21.5692,22.6753,21.5692,22.3044
ALCO,2009-04-16,22.4559,23.2396,22.1587,23.1193
ALCO,2009-04-17,23.2465,23.4038,22.7511,23.3309
ALCO,2009-04-20,22.9095,22.9095,20.9475,20.9475
ALCO,2009-04-21,20.291,21.6362,20.2667,21.3496
ALCO,2009-04-22,21.033,21.7925,20.427,20.8961
ALCO,2009-04-23,20.8533,21.1554,19.7646,20.0813
ALCO,2009-04-24,20.0813,23.6253,19.9327,22.6443
ALCO,2009-04-27,21.8187,22.1072,20.8533,21.7498
ALCO,2009-04-28,21.4691,21.8857,20.965,21.7498
ALCO,2009-04-29,21.9557,23.0706,21.4166,22.7006
ALCO,2009-04-30,22.9192,23.0706,21.8925,22.2626
ALCO,2009-05-01,22.1985,22.6831,21.1729,21.2311
ALCO,2009-05-04,21.3769,21.3769,20.1415,20.965
ALCO,2009-05-05,20.8961,20.965,19.7733,19.816
ALCO,2009-05-06,19.9734,20.6377,19.9462,20.1249
ALCO,2009-05-07,20.4347,20.4347,19.8005,20.1337
ALCO,2009-05-08,20.1337,22.2238,19.7733,22.2238
ALCO,2009-05-11,21.8673,23.0455,20.6465,20.8125
ALCO,2009-05-12,21.4759,21.4759,20.291,20.5959
ALCO,2009-05-13,20.0074,21.6867,20.0074,20.0813
ALCO,2009-05-14,19.816,21.1467,19.816,20.3425
ALCO,2009-05-15,20.6222,21.2409,20.2842,20.763
ALCO,2009-05-18,21.2972,22.5161,20.8621,22.1587
ALCO,2009-05-19,22.0644,22.5686,21.5604,22.1985
ALCO,2009-05-20,21.6944,22.9862,21.6944,22.8249
ALCO,2009-05-21,22.2325,22.8026,21.8498,22.0227
ALCO,2009-05-22,22.5588,22.7511,21.7585,22.3899
ALCO,2009-05-26,21.9198,23.1881,21.8673,23.1881
ALCO,2009-05-27,23.0706,23.1454,21.6546,22.1412
ALCO,2009-05-28,22.4063,22.4063,21.0486,21.8673
ALCO,2009-05-29,22.013,22.013,21.0398,21.4439
ALCO,2009-06-01,21.6546,23.4203,21.1641,23.4135
ALCO,2009-06-02,23.2804,23.8603,22.1247,23.8603
ALCO,2009-06-03,23.734,23.7496,21.9712,22.1072
ALCO,2009-06-04,22.0985,22.8434,22.0985,22.6191
ALCO,2009-06-05,22.787,22.8676,22.1412,22.8676
ALCO,2009-06-08,22.5588,23.5844,22.5588,23.0629
ALCO,2009-06-09,23.0794,23.2649,22.6035,22.6035
ALCO,2009-06-10,22.7006,22.7006,21.0,21.3409
ALCO,2009-06-11,22.2403,23.497,21.81,23.2649
ALCO,2009-06-12,23.0706,24.0166,22.4471,23.9584
ALCO,2009-06-15,23.2222,23.5154,22.7346,23.0629
ALCO,2009-06-16,23.298,23.6524,22.7433,23.163
ALCO,2009-06-17,23.1143,23.4805,22.7278,23.1279
ALCO,2009-06-18,23.163,23.163,22.0383,22.3558
ALCO,2009-06-19,22.787,23.0794,22.4724,23.0794
ALCO,2009-06-22,22.7006,23.5058,22.0985,22.3044
ALCO,2009-06-23,22.3811,23.6253,22.3374,23.1279
ALCO,2009-06-24,23.2465,23.4893,22.4063,23.1056
ALCO,2009-06-25,22.5423,23.163,22.1985,23.0532
ALCO,2009-06-26,22.8608,24.4566,22.5686,24.1614
ALCO,2009-06-29,24.0448,25.5968,24.0448,25.185
ALCO,2009-06-30,25.2773,25.7881,24.8354,25.1938
ALCO,2009-07-01,24.7567,25.5541,24.2779,24.8004
ALCO,2009-07-02,24.4469,24.4469,22.0644,22.8249
ALCO,2009-07-06,22.7433,23.634,22.7433,23.163
ALCO,2009-07-07,23.1056,24.1614,22.719,22.719
ALCO,2009-07-08,22.9269,23.532,22.5423,23.0882
ALCO,2009-07-09,23.9845,23.9845,22.5501,22.5501
ALCO,2009-07-10,22.5345,22.8249,22.3219,22.5248
ALCO,2009-07-13,22.7346,23.4203,22.249,23.1143
ALCO,2009-07-14,22.9687,23.668,22.5345,22.9531
ALCO,2009-07-15,23.2465,24.1546,22.4306,24.1546
ALCO,2009-07-16,23.9011,25.0093,23.6524,25.0093
ALCO,2009-07-17,25.0763,25.7328,24.8597,25.2957
ALCO,2009-07-20,25.691,26.1563,25.0093,26.1563
ALCO,2009-07-21,26.2253,26.5312,25.2695,25.5871
ALCO,2009-07-22,25.5211,25.7251,24.9092,25.2695
ALCO,2009-07-23,25.1608,26.5215,24.6975,25.6726
ALCO,2009-07-24,25.6318,26.334,25.1277,25.7794
ALCO,2009-07-27,25.6551,25.898,24.7149,25.7328
ALCO,2009-07-28,25.4628,26.0183,25.4628,25.7969
ALCO,2009-07-29,25.6814,26.8507,25.5113,26.4108
ALCO,2009-07-30,26.6934,27.6364,26.1563,27.6364
ALCO,2009-07-31,27.0411,27.5131,26.5544,26.5544
ALCO,2009-08-03,27.0566,27.0566,26.6021,26.8147
ALCO,2009-08-04,26.5215,26.8147,26.1184,26.8147
ALCO,2009-08-05,26.2835,26.3185,25.3045,25.5793
ALCO,2009-08-06,25.5366,25.9659,24.7645,25.084
ALCO,2009-08-07,25.5541,28.4805,24.68,27.2985
ALCO,2009-08-10,27.0255,27.6859,25.9232,26.2447
ALCO,2009-08-11,25.9999,26.1912,25.2608,25.4463
ALCO,2009-08-12,26.0349,26.2738,24.8441,25.831
ALCO,2009-08-13,25.9232,26.5215,25.0093,26.1116
ALCO,2009-08-14,26.1825,26.3962,24.8529,24.8529
ALCO,2009-08-17,24.3381,25.018,23.7583,24.2701
ALCO,2009-08-18,24.379,26.9818,24.3294,26.5622
ALCO,2009-08-19,26.2602,26.7196,24.7053,25.7717
ALCO,2009-08-20,25.6046,25.9572,24.9752,25.623
ALCO,2009-08-21,25.9736,26.8565,25.5113,26.7516
ALCO,2009-08-24,26.2253,26.8147,26.0611,26.5389
ALCO,2009-08-25,26.1116,26.7361,26.1116,26.5807
ALCO,2009-08-26,26.3612,26.8147,26.1038,26.5127
ALCO,2009-08-27,26.571,26.6856,25.7396,26.3185
ALCO,2009-08-28,26.4341,26.4437,25.2957,25.691
ALCO,2009-08-31,25.5113,26.0349,24.3712,24.882
ALCO,2009-09-01,24.5887,24.9345,23.3309,23.3309
ALCO,2009-09-02,23.3309,23.7088,22.5938,23.163
ALCO,2009-09-03,23.5844,23.701,22.3044,22.6919
ALCO,2009-09-04,23.1056,23.6019,22.4141,23.3552
ALCO,2009-09-08,23.7739,24.3381,22.7686,23.0192
ALCO,2009-09-09,22.6831,23.7923,22.6831,23.2707
ALCO,2009-09-10,23.163,23.6757,22.7094,23.0629
ALCO,2009-09-11,23.1979,23.4378,22.8434,22.8434
ALCO,2009-09-14,22.7006,23.163,22.4063,22.719
ALCO,2009-09-15,22.6035,25.0248,22.4063,24.1468
ALCO,2009-09-16,24.1692,25.1763,23.7496,24.8441
ALCO,2009-09-17,25.1763,25.6814,25.052,25.4191
ALCO,2009-09-18,25.5045,25.7552,24.5547,24.7227
ALCO,2009-09-21,24.5722,24.8733,24.2119,24.7742
ALCO,2009-09-22,24.8529,25.5045,24.2536,24.8733
ALCO,2009-09-23,24.9558,26.0183,24.58,25.4016
ALCO,2009-09-24,25.6551,25.6551,25.0422,25.152
ALCO,2009-09-25,25.3123,25.8629,24.984,25.5968
ALCO,2009-09-28,24.4469,26.0183,24.2954,25.251
ALCO,2009-09-29,25.251,25.6318,24.7149,24.8441
ALCO,2009-09-30,24.5372,25.455,24.3138,24.6625
ALCO,2009-10-01,24.5722,25.2073,23.668,24.1953
ALCO,2009-10-02,24.0021,24.1779,23.2465,23.3708
ALCO,2009-10-05,23.1279,24.2954,23.1279,24.104
ALCO,2009-10-06,24.3381,25.1686,23.8331,24.379
ALCO,2009-10-07,24.3381,25.1763,23.9175,24.6324
ALCO,2009-10-08,24.9092,25.1015,24.2779,24.2876
ALCO,2009-10-09,23.868,25.1355,23.868,25.1277
ALCO,2009-10-12,25.0344,25.3443,24.4391,24.5314
ALCO,2009-10-13,24.4644,24.9004,24.2954,24.6625
ALCO,2009-10-14,24.7567,25.1015,24.2021,24.984
ALCO,2009-10-15,24.8092,24.8092,23.9175,24.5372
ALCO,2009-10-16,24.3712,24.948,24.3381,24.4644
ALCO,2009-10-19,24.4391,24.7324,24.1692,24.5139
ALCO,2009-10-20,24.4304,25.1686,23.5932,24.5635
ALCO,2009-10-21,24.4042,24.9558,23.8603,24.5635
ALCO,2009-10-22,24.5547,24.5547,23.5232,24.3206
ALCO,2009-10-23,24.2954,24.6032,23.868,23.868
ALCO,2009-10-26,23.9943,24.646,23.8078,24.2536
ALCO,2009-10-27,24.3469,24.749,24.2954,24.4712
ALCO,2009-10-28,24.2701,24.7567,24.2119,24.3381
ALCO,2009-10-29,24.5236,24.6712,24.1546,24.3643
ALCO,2009-10-30,24.3381,24.4042,24.2196,24.4042
ALCO,2009-11-02,24.5061,24.5061,24.0254,24.1293
ALCO,2009-11-03,23.9341,23.9845,23.6253,23.8515
ALCO,2009-11-04,23.9341,23.9399,23.1454,23.2396
ALCO,2009-11-05,23.4475,23.4543,23.163,23.3883
ALCO,2009-11-06,23.1726,23.4631,23.1552,23.4038
ALCO,2009-11-09,23.5495,23.7088,23.2892,23.7088
ALCO,2009-11-10,23.5583,23.9486,23.4631,23.4893
ALCO,2009-11-11,23.4708,23.9671,23.2134,23.3552
ALCO,2009-11-12,23.2057,23.6602,21.9887,22.0985
ALCO,2009-11-13,22.5161,22.5588,21.8187,22.2403
ALCO,2009-11-16,22.1917,23.0192,22.1917,22.9095
ALCO,2009-11-17,22.6705,23.532,22.4559,23.5058
ALCO,2009-11-18,23.6019,23.6019,22.6443,22.6831
ALCO,2009-11-19,22.5588,22.5588,21.81,21.81
ALCO,2009-11-20,21.6867,22.5074,21.3933,22.2626
ALCO,2009-11-23,22.5345,22.5772,22.2714,22.4889
ALCO,2009-11-24,22.081,22.6191,21.946,22.0052
ALCO,2009-11-25,22.0907,22.9531,21.5429,21.5429
ALCO,2009-11-27,21.4021,22.6753,21.4021,21.5089
ALCO,2009-11-30,21.6546,22.3044,21.3254,21.8275
ALCO,2009-12-01,21.9887,22.6191,21.5526,21.5526
ALCO,2009-12-02,21.5526,22.1334,21.4914,21.7022
ALCO,2009-12-03,21.7353,21.7421,20.8047,21.1729
ALCO,2009-12-04,21.5429,21.774,21.0797,21.6867
ALCO,2009-12-07,21.7353,22.2072,21.7353,21.98
ALCO,2009-12-08,21.8925,22.5161,21.6633,22.0548
ALCO,2009-12-09,22.1412,22.6608,22.1412,22.4306
ALCO,2009-12-10,22.4647,23.1454,21.9023,22.3733
ALCO,2009-12-11,22.4063,22.6443,22.0548,22.2238
ALCO,2009-12-14,22.2403,22.2956,21.4244,21.6362
ALCO,2009-12-15,21.6196,21.6944,21.1467,21.3837
ALCO,2009-12-16,21.3933,21.8187,21.1467,21.1554
ALCO,2009-12-17,20.9912,21.1127,20.2016,20.5532
ALCO,2009-12-18,20.8193,21.1398,20.427,20.8368
ALCO,2009-12-21,20.629,21.4166,20.629,21.1398
ALCO,2009-12-22,20.931,21.6031,20.629,21.2972
ALCO,2009-12-23,21.3837,21.846,21.1467,21.7585
ALCO,2009-12-24,21.8187,22.3219,21.7585,22.0305
ALCO,2009-12-28,21.9887,22.5938,21.8013,22.2072
ALCO,2009-12-29,22.2403,22.8676,22.2403,22.719
ALCO,2009-12-30,22.5161,23.701,22.4063,23.701
ALCO,2009-12-31,23.7496,24.1546,23.6097,23.8846
ALCO,2010-01-04,24.0448,24.2876,23.8243,24.2021
ALCO,2010-01-05,24.2372,24.3381,23.6923,24.2536
ALCO,2010-01-06,24.2876,24.5974,24.1692,24.4391
ALCO,2010-01-07,24.3381,24.9558,24.1866,24.917
ALCO,2010-01-08,24.7567,25.0928,24.5372,24.9656
ALCO,2010-01-11,24.9656,25.018,23.9671,24.0254
ALCO,2010-01-12,23.6602,23.6923,22.8608,22.9939
ALCO,2010-01-13,22.8764,23.4038,22.8608,23.1143
ALCO,2010-01-14,22.9095,23.2134,22.6831,22.7346
ALCO,2010-01-15,22.8676,22.8676,21.8187,21.8187
ALCO,2010-01-19,21.8275,22.2898,21.6284,21.9712
ALCO,2010-01-20,21.6633,21.7421,21.4021,21.5002
ALCO,2010-01-21,21.4341,21.7925,20.9912,21.0486
ALCO,2010-01-22,21.0398,21.6031,21.0398,21.0874
ALCO,2010-01-25,21.2311,21.6789,20.8193,21.2409
ALCO,2010-01-26,21.1467,21.8925,21.1467,21.4914
ALCO,2010-01-27,21.3584,22.1985,21.3584,22.1334
ALCO,2010-01-28,22.249,22.249,21.6284,21.7197
ALCO,2010-01-29,21.6944,21.6944,21.3166,21.5187
ALCO,2010-02-01,21.6789,21.7353,21.1914,21.4517
ALCO,2010-02-02,21.3933,21.9023,21.3769,21.7022
ALCO,2010-02-03,21.6944,21.6944,21.2972,21.3254
ALCO,2010-02-04,21.6109,21.6109,20.1501,20.1501
ALCO,2010-02-05,20.4086,21.3341,20.4086,20.6785
ALCO,2010-02-08,20.7203,20.7203,20.1929,20.3765
ALCO,2010-02-09,20.5173,21.1641,20.3347,20.8621
ALCO,2010-02-10,20.8621,21.5526,20.7038,21.4021
ALCO,2010-02-11,21.2593,21.8013,20.7377,21.6031
ALCO,2010-02-12,21.407,22.1587,21.1991,21.9635
ALCO,2010-02-16,22.1412,22.3471,21.5692,22.217
ALCO,2010-02-17,22.2898,22.4647,21.9887,22.4219
ALCO,2010-02-18,22.3044,22.5772,21.8673,22.4811
ALCO,2010-02-19,22.4811,22.4811,21.8576,21.9382
ALCO,2010-02-22,21.9285,22.3219,21.6031,22.2072
ALCO,2010-02-23,22.0722,22.5588,21.7197,21.9285
ALCO,2010-02-24,21.846,22.8997,21.5526,22.4559
ALCO,2010-02-25,22.2325,22.8434,22.2325,22.5772
ALCO,2010-02-26,22.28,22.6035,21.7828,21.7828
ALCO,2010-03-01,21.98,22.8249,21.4341,22.6608
ALCO,2010-03-02,22.6365,22.653,21.8275,22.15
ALCO,2010-03-03,22.249,22.5772,22.1247,22.3733
ALCO,2010-03-04,21.911,22.3121,21.911,22.3121
ALCO,2010-03-05,22.4647,22.7511,22.1412,22.7094
ALCO,2010-03-08,22.28,22.7599,22.2714,22.6268
ALCO,2010-03-09,22.2549,23.8243,22.2549,23.3309
ALCO,2010-03-10,23.2892,23.298,22.9434,23.1279
ALCO,2010-03-11,23.0794,23.1795,22.6268,22.8026
ALCO,2010-03-12,22.7094,23.0794,22.5345,22.8249
ALCO,2010-03-15,22.6831,22.9269,22.15,22.3733
ALCO,2010-03-16,22.4394,22.7511,22.1665,22.3899
ALCO,2010-03-17,22.3306,22.5772,22.1072,22.3374
ALCO,2010-03-18,22.3811,23.0794,22.3733,22.585
ALCO,2010-03-19,22.7948,23.0192,22.1985,22.8764
ALCO,2010-03-22,22.7278,22.9434,22.1665,22.5772
ALCO,2010-03-23,22.4889,22.6191,21.98,22.1733
ALCO,2010-03-24,22.0722,22.1985,21.6711,22.0907
ALCO,2010-03-25,22.1917,22.2898,21.1914,21.2068
ALCO,2010-03-26,21.1312,21.8761,21.1312,21.6711
ALCO,2010-03-29,21.6711,21.7828,21.0243,21.7022
ALCO,2010-03-30,21.774,21.774,21.5273,21.6546
ALCO,2010-03-31,21.7255,22.0052,21.1641,21.1914
ALCO,2010-04-01,21.3837,21.7197,21.3254,21.7197
ALCO,2010-04-05,21.7585,22.0052,21.3496,21.6284
ALCO,2010-04-06,21.774,21.8925,21.407,21.7828
ALCO,2010-04-07,21.5002,22.1665,21.1991,21.4166
ALCO,2010-04-08,21.4341,21.9285,21.2409,21.7421
ALCO,2010-04-09,22.0052,22.0052,21.3837,21.846
ALCO,2010-04-12,21.9557,22.2072,21.8187,21.8498
ALCO,2010-04-13,21.5692,21.8275,21.4914,21.7585
ALCO,2010-04-14,21.8857,21.946,21.6789,21.9023
ALCO,2010-04-15,21.8372,22.6103,21.6711,22.5686
ALCO,2010-04-16,22.5588,22.5772,22.1072,22.2549
ALCO,2010-04-19,22.2072,22.4889,22.1334,22.1829
ALCO,2010-04-20,22.3306,22.7433,22.3306,22.6831
ALCO,2010-04-21,22.8347,22.8676,22.7278,22.8608
ALCO,2010-04-22,22.7433,23.163,22.7433,23.163
ALCO,2010-04-23,22.8249,22.9862,22.6035,22.719
ALCO,2010-04-26,22.8434,22.9862,22.4647,22.9356
ALCO,2010-04-27,22.8842,22.8842,22.081,22.1917
ALCO,2010-04-28,22.5938,22.719,22.1412,22.4559
ALCO,2010-04-29,22.5772,22.8608,22.5248,22.6919
ALCO,2010-04-30,22.8764,22.8764,22.2714,22.3899
ALCO,2010-05-03,22.4471,23.163,22.4471,23.0794
ALCO,2010-05-04,22.8113,22.9862,22.4141,22.6268
ALCO,2010-05-05,22.4471,22.653,22.1917,22.2238
ALCO,2010-05-06,22.2238,22.3733,21.0961,21.2748
ALCO,2010-05-07,21.3254,21.7682,20.2745,20.4182
ALCO,2010-05-10,21.1224,21.6196,20.7115,21.6109
ALCO,2010-05-11,21.2661,22.585,21.2661,22.0644
ALCO,2010-05-12,22.249,22.6608,21.9023,22.6443
ALCO,2010-05-13,22.7278,22.8608,22.3811,22.8434
ALCO,2010-05-14,22.6191,22.6191,21.9023,22.013
ALCO,2010-05-17,22.1733,22.4889,21.6944,22.3044
ALCO,2010-05-18,22.6191,22.6191,22.2072,22.2072
ALCO,2010-05-19,21.9285,22.3121,21.4691,22.0383
ALCO,2010-05-20,21.5692,21.9635,21.0719,21.0797
ALCO,2010-05-21,20.695,21.0961,20.5358,20.7299
ALCO,2010-05-24,21.033,21.3409,20.5085,20.6707
ALCO,2010-05-25,20.2181,20.965,20.2181,20.5445
ALCO,2010-05-26,20.7203,21.0243,20.2337,20.8718
ALCO,2010-05-27,20.8873,21.8013,20.8873,21.8013
ALCO,2010-05-28,22.0052,22.0052,21.3166,21.3166
ALCO,2010-06-01,21.1554,21.1554,20.4086,20.4086
ALCO,2010-06-02,20.8718,21.5187,20.629,21.4759
ALCO,2010-06-03,21.7828,21.7828,21.0077,21.1816
ALCO,2010-06-04,20.8047,21.1729,20.3425,20.3425
ALCO,2010-06-07,20.4842,20.8047,19.9404,20.1337
ALCO,2010-06-08,19.9822,20.1501,19.8423,19.8656
ALCO,2010-06-09,20.0074,20.0074,19.5276,19.7131
ALCO,2010-06-10,19.9074,20.2269,19.1439,19.7471
ALCO,2010-06-11,19.6286,19.7316,19.2372,19.6373
ALCO,2010-06-14,19.7548,19.7548,19.3441,19.4965
ALCO,2010-06-15,19.6373,20.494,19.0565,20.291
ALCO,2010-06-16,20.2181,20.6543,19.9734,20.258
ALCO,2010-06-17,20.5173,20.563,19.9249,20.4415
ALCO,2010-06-18,20.6047,20.6707,20.1589,20.3765
ALCO,2010-06-21,20.662,20.9388,20.1929,20.4842
ALCO,2010-06-22,20.5445,20.8718,20.1677,20.2016
ALCO,2010-06-23,20.0492,20.9826,20.0492,20.1832
ALCO,2010-06-24,20.4347,20.629,20.0307,20.3512
ALCO,2010-06-25,20.1415,20.6222,19.7646,20.2269
ALCO,2010-06-28,20.3347,20.3347,19.7316,20.022
ALCO,2010-06-29,19.7384,19.7548,19.3178,19.3509
ALCO,2010-06-30,19.3441,19.6937,19.2187,19.2848
ALCO,2010-07-01,18.6894,19.0818,18.6758,18.8652
ALCO,2010-07-02,18.7885,18.8808,18.7564,18.7711
ALCO,2010-07-06,19.2925,19.4722,18.7623,18.8808
ALCO,2010-07-07,18.9235,19.075,18.6758,19.0517
ALCO,2010-07-08,19.0818,19.1702,18.7069,19.1702
ALCO,2010-07-09,19.0168,19.1439,18.6972,18.942
ALCO,2010-07-12,18.942,19.0818,18.7166,18.906
ALCO,2010-07-13,19.0818,19.446,18.8244,19.3023
ALCO,2010-07-14,19.1702,19.5529,18.8904,19.1527
ALCO,2010-07-15,19.4305,19.4305,18.6758,18.7972
ALCO,2010-07-16,18.6224,18.6758,18.2116,18.2631
ALCO,2010-07-19,18.2116,18.3291,17.6065,17.7667
ALCO,2010-07-20,17.6143,18.6972,17.3453,18.2699
ALCO,2010-07-21,18.3952,18.4107,17.6065,17.6482
ALCO,2010-07-22,17.8367,18.3524,17.7425,18.165
ALCO,2010-07-23,18.0931,19.0517,18.0931,19.0168
ALCO,2010-07-26,20.2667,21.4846,19.8423,21.3769
ALCO,2010-07-27,21.5604,21.9974,20.9912,21.3496
ALCO,2010-07-28,21.7585,21.7585,20.965,20.965
ALCO,2010-07-29,21.0641,21.3837,20.5085,20.5085
ALCO,2010-07-30,20.4347,21.2593,20.2337,20.4415
ALCO,2010-08-02,20.6785,20.9738,20.6047,20.8281
ALCO,2010-08-03,20.9826,21.0719,20.5532,20.7455
ALCO,2010-08-04,20.8961,20.8961,20.5717,20.797
ALCO,2010-08-05,20.5085,20.8446,20.4018,20.4018
ALCO,2010-08-06,20.3347,20.7533,19.9734,20.5785
ALCO,2010-08-09,20.6785,20.8621,20.2104,20.5532
ALCO,2010-08-10,20.3512,20.6377,20.1501,20.2482
ALCO,2010-08-11,20.1415,20.2104,19.5529,19.5529
ALCO,2010-08-12,19.3858,19.8248,19.278,19.278
ALCO,2010-08-13,19.278,19.278,18.7711,18.7711
ALCO,2010-08-16,18.5554,19.9734,18.5408,18.7264
ALCO,2010-08-17,18.8808,19.3509,18.6147,19.1702
ALCO,2010-08-18,19.2693,19.5693,18.8808,19.0352
ALCO,2010-08-19,19.0168,19.0168,18.4855,18.5224
ALCO,2010-08-20,18.4855,18.5739,18.3699,18.3952
ALCO,2010-08-23,18.4446,18.8652,18.0931,18.1456
ALCO,2010-08-24,18.0416,18.1951,17.4735,17.5483
ALCO,2010-08-25,17.2743,18.0251,17.2743,17.9571
ALCO,2010-08-26,18.13,18.165,17.2802,17.423
ALCO,2010-08-27,17.8756,17.8756,17.2743,17.6997
ALCO,2010-08-30,17.6667,17.9901,17.2462,17.2802
ALCO,2010-08-31,17.2073,17.4472,17.1121,17.287
ALCO,2010-09-01,17.4472,17.8367,17.4376,17.8105
ALCO,2010-09-02,17.793,17.793,17.3705,17.557
ALCO,2010-09-03,17.6813,17.9085,17.6813,17.8367
ALCO,2010-09-07,17.6813,17.86,17.522,17.522
ALCO,2010-09-08,17.8192,17.9901,17.5735,17.7172
ALCO,2010-09-09,18.5554,18.5914,17.7667,17.8513
ALCO,2010-09-10,17.7328,17.7328,17.287,17.388
ALCO,2010-09-13,17.4317,17.7085,17.1287,17.2549
ALCO,2010-09-14,17.287,17.4735,16.9344,17.1034
ALCO,2010-09-15,17.1121,17.4735,16.9266,17.3783
ALCO,2010-09-16,17.4968,17.5812,17.0733,17.0733
ALCO,2010-09-17,17.287,17.4793,17.1384,17.3385
ALCO,2010-09-20,17.3113,18.1718,17.2073,17.9085
ALCO,2010-09-21,18.0503,18.13,17.6813,17.6813
ALCO,2010-09-22,17.6813,17.9823,17.4968,17.8513
ALCO,2010-09-23,17.7493,18.0844,17.4317,17.793
ALCO,2010-09-24,18.0416,18.5914,17.9571,18.4262
ALCO,2010-09-27,18.5914,18.9478,18.4641,18.4709
ALCO,2010-09-28,18.5826,18.8399,18.5826,18.8322
ALCO,2010-09-29,18.806,19.1702,18.806,19.1527
ALCO,2010-09-30,19.2187,19.5218,19.1178,19.5033
ALCO,2010-10-01,19.6286,19.9889,19.1002,19.3509
ALCO,2010-10-04,19.3023,19.3178,18.8399,18.8808
ALCO,2010-10-05,18.9478,19.6937,18.9478,19.686
ALCO,2010-10-06,19.5946,19.8423,19.4548,19.6208
ALCO,2010-10-07,19.8423,20.1084,19.6034,19.8423
ALCO,2010-10-08,20.0745,21.6867,19.8889,21.6449
ALCO,2010-10-11,21.6546,22.1587,21.4021,21.6944
ALCO,2010-10-12,21.98,21.98,21.2311,21.9382
ALCO,2010-10-13,21.9974,22.3219,21.6362,22.249
ALCO,2010-10-14,22.1159,22.3471,21.8187,22.1665
ALCO,2010-10-15,22.4889,22.4889,22.0907,22.1247
ALCO,2010-10-18,22.0907,22.8764,21.9023,22.787
ALCO,2010-10-19,22.6103,23.0532,21.8187,21.911
ALCO,2010-10-20,22.0644,22.5938,21.2972,22.4471
ALCO,2010-10-21,22.0227,22.4471,21.6944,22.1733
ALCO,2010-10-22,21.8761,22.5772,21.8275,22.249
ALCO,2010-10-25,22.3219,22.5772,22.15,22.3374
ALCO,2010-10-26,21.8372,22.4559,21.8275,22.2626
ALCO,2010-10-27,22.1587,22.1587,21.7353,21.846
ALCO,2010-10-28,22.0227,22.0227,21.3254,21.5089
ALCO,2010-10-29,21.3409,21.774,21.3166,21.4846
ALCO,2010-11-01,21.7498,21.8372,21.3933,21.6109
ALCO,2010-11-02,21.7353,22.3558,21.5187,22.3219
ALCO,2010-11-03,22.2403,22.2403,20.327,20.662
ALCO,2010-11-04,20.7299,21.4846,20.6785,20.9388
ALCO,2010-11-05,21.0554,21.3341,20.6543,21.0641
ALCO,2010-11-08,20.9826,20.9826,20.5085,20.8193
ALCO,2010-11-09,20.5017,21.6944,20.5017,21.1914
ALCO,2010-11-10,21.4517,21.5002,20.662,21.4759
ALCO,2010-11-11,21.1991,21.81,20.9573,21.5187
ALCO,2010-11-12,21.5089,21.6546,20.4756,20.695
ALCO,2010-11-15,20.8961,21.0,19.9734,20.0589
ALCO,2010-11-16,19.8743,20.0133,18.7972,19.1439
ALCO,2010-11-17,19.0168,19.7034,19.0168,19.3595
ALCO,2010-11-18,19.3266,19.7131,19.2013,19.7034
ALCO,2010-11-19,19.7034,19.7034,19.4111,19.6441
ALCO,2010-11-22,19.4305,19.6607,18.974,19.6441
ALCO,2010-11-23,19.378,19.4111,18.9478,19.278
ALCO,2010-11-24,19.311,19.5441,19.3023,19.5218
ALCO,2010-11-26,19.3858,19.5859,19.3595,19.4722
ALCO,2010-11-29,19.3936,19.4722,19.2596,19.4722
ALCO,2010-11-30,19.1624,19.4548,19.0099,19.4305
ALCO,2010-12-01,19.5693,19.9327,19.5693,19.7917
ALCO,2010-12-02,19.7229,19.7229,19.1624,19.5121
ALCO,2010-12-03,19.3178,19.6937,19.2508,19.6286
ALCO,2010-12-06,19.6121,19.8491,19.5033,19.7831
ALCO,2010-12-07,19.9074,19.955,19.6762,19.9462
ALCO,2010-12-08,19.9977,20.2667,19.9734,20.1337
ALCO,2010-12-09,20.1337,20.9826,20.1337,20.5532
ALCO,2010-12-10,20.4347,20.7038,20.2842,20.7038
ALCO,2010-12-13,20.662,20.6872,20.427,20.494
ALCO,2010-12-14,20.4756,20.4756,19.8986,20.0899
ALCO,2010-12-15,19.9637,20.3425,19.9404,20.3347
ALCO,2010-12-16,20.2842,20.5173,19.9249,20.5173
ALCO,2010-12-17,20.4678,20.6785,19.9249,20.494
ALCO,2010-12-20,20.459,20.7299,20.4503,20.7203
ALCO,2010-12-21,20.662,20.9475,20.4678,20.8533
ALCO,2010-12-22,20.7115,20.8446,20.629,20.8125
ALCO,2010-12-23,20.7115,20.9738,20.2181,20.2181
ALCO,2010-12-27,20.1744,20.1744,19.8073,20.0667
ALCO,2010-12-28,19.5218,19.8579,19.4207,19.481
ALCO,2010-12-29,19.6034,19.6034,19.4305,19.4878
ALCO,2010-12-30,19.446,19.9074,19.4207,19.7548
ALCO,2010-12-31,19.7471,20.2871,19.5266,20.0083
ALCO,2011-01-03,20.0813,20.7893,20.0667,20.7299
ALCO,2011-01-04,20.8873,20.8873,20.5959,20.5959
ALCO,2011-01-05,20.5873,20.9388,20.5873,20.8718
ALCO,2011-01-06,20.5717,20.797,20.563,20.797
ALCO,2011-01-07,20.7115,20.797,20.6465,20.7718
ALCO,2011-01-10,20.763,20.8786,20.5445,20.8446
ALCO,2011-01-11,21.0165,21.4021,21.0077,21.2506
ALCO,2011-01-12,21.2748,21.8761,21.2748,21.711
ALCO,2011-01-13,21.7353,21.98,21.7353,21.8673
ALCO,2011-01-14,22.013,22.3899,21.8673,22.3558
ALCO,2011-01-18,22.6035,22.6035,22.3374,22.4306
ALCO,2011-01-19,22.4219,22.4976,21.0,21.1059
ALCO,2011-01-20,20.9223,21.0961,20.7203,20.797
ALCO,2011-01-21,20.8125,21.1224,20.8125,20.8193
ALCO,2011-01-24,20.8193,20.965,20.7203,20.965
ALCO,2011-01-25,20.7795,20.9048,20.7718,20.8368
ALCO,2011-01-26,20.9826,21.774,20.8047,21.4166
ALCO,2011-01-27,21.6546,21.6546,20.797,21.0398
ALCO,2011-01-28,21.4244,21.4244,20.4678,20.4678
ALCO,2011-01-31,20.7193,21.0728,20.3046,21.0728
ALCO,2011-02-01,21.0719,21.3933,21.0486,21.3933
ALCO,2011-02-02,21.3769,21.3769,20.6872,20.8193
ALCO,2011-02-03,20.9146,20.9146,20.3599,20.5873
ALCO,2011-02-04,20.5445,21.0486,20.3182,20.427
ALCO,2011-02-07,20.3599,20.8193,20.2997,20.7718
ALCO,2011-02-08,20.8125,20.8193,20.6377,20.7299
ALCO,2011-02-09,20.8873,20.9738,20.8125,20.8125
ALCO,2011-02-10,20.965,20.965,20.8125,20.9388
ALCO,2011-02-11,20.9388,21.1467,20.327,20.6124
ALCO,2011-02-14,20.4842,20.6543,19.955,20.3512
ALCO,2011-02-15,20.3425,20.6872,20.1744,20.2181
ALCO,2011-02-16,20.3085,20.7038,20.1337,20.2269
ALCO,2011-02-17,23.93,24.33,23.83,24.33
ALCO,2011-02-18,20.526,20.6543,20.2667,20.4347
ALCO,2011-02-22,20.2269,20.7299,19.5693,19.6441
ALCO,2011-02-23,19.8579,19.8579,19.311,19.4383
ALCO,2011-02-24,19.5859,20.0997,19.5859,20.0997
ALCO,2011-02-25,20.2104,21.7197,20.0667,21.7197
ALCO,2011-02-28,21.5779,22.3899,21.5779,22.249
ALCO,2011-03-01,22.6919,23.0367,22.2956,22.8522
ALCO,2011-03-02,22.7599,23.0104,22.4811,22.7511
ALCO,2011-03-03,22.9939,23.1056,22.8249,23.0979
ALCO,2011-03-04,23.0979,23.0979,22.2626,22.4394
ALCO,2011-03-07,22.3636,22.6608,20.9826,21.0554
ALCO,2011-03-08,21.0165,22.2626,20.7299,22.081
ALCO,2011-03-09,21.846,22.1917,21.3681,22.1917
ALCO,2011-03-10,21.8275,21.8576,21.6109,21.8013
ALCO,2011-03-11,21.6031,21.9635,21.0719,21.7353
ALCO,2011-03-14,21.3933,21.6944,21.3933,21.5002
ALCO,2011-03-15,20.9738,21.1816,20.6872,20.9146
ALCO,2011-03-16,20.8446,20.8718,20.2745,20.2842
ALCO,2011-03-17,20.563,20.8047,20.1589,20.5017
ALCO,2011-03-18,20.6222,20.6222,20.1589,20.3842
ALCO,2011-03-21,20.3347,21.1729,20.3347,21.0641
ALCO,2011-03-22,20.9912,21.0874,20.8125,20.9223
ALCO,2011-03-23,21.1224,21.4914,21.1224,21.4759
ALCO,2011-03-24,21.4846,21.5089,21.3254,21.3933
ALCO,2011-03-25,21.3166,21.4021,20.965,21.2506
ALCO,2011-03-28,21.3166,21.3933,21.2506,21.3341
ALCO,2011-03-29,21.4759,22.0722,21.2224,22.0722
ALCO,2011-03-30,21.9023,22.2238,21.8857,22.217
ALCO,2011-03-31,22.3762,22.6239,21.9635,22.4695
ALCO,2011-04-01,22.4724,22.9434,22.4724,22.6705
ALCO,2011-04-04,22.7278,22.8347,22.3044,22.8347
ALCO,2011-04-05,22.7094,23.0104,22.3471,23.0104
ALCO,2011-04-06,22.5938,23.7739,22.5938,23.734
ALCO,2011-04-07,23.6097,23.9671,23.0629,23.2057
ALCO,2011-04-08,23.0455,23.634,22.4471,22.5345
ALCO,2011-04-11,22.4306,22.8434,22.1917,22.3636
ALCO,2011-04-12,22.1334,22.8347,21.6449,21.6449
ALCO,2011-04-13,21.8275,22.249,21.2311,21.4166
ALCO,2011-04-14,21.7421,21.7421,21.1398,21.6109
ALCO,2011-04-15,21.5604,21.8187,21.4439,21.8187
ALCO,2011-04-18,21.4517,22.0305,21.1554,21.2146
ALCO,2011-04-19,21.2904,21.2904,20.7115,20.7455
ALCO,2011-04-20,21.1224,21.5692,20.9826,21.1398
ALCO,2011-04-21,21.2904,21.3584,20.9475,21.3584
ALCO,2011-04-25,21.2593,21.2807,20.8621,21.1398
ALCO,2011-04-26,21.2972,22.0907,21.1467,21.8857
ALCO,2011-04-27,21.7682,21.81,21.6867,21.8013
ALCO,2011-04-28,20.5959,21.8673,20.5959,21.7585
ALCO,2011-04-29,21.5245,21.8362,21.3982,21.642
ALCO,2011-05-02,21.8576,22.0052,21.6109,21.6109
ALCO,2011-05-03,21.6109,21.6711,21.2506,21.2506
ALCO,2011-05-04,21.2807,21.2904,20.9826,21.0077
ALCO,2011-05-05,21.1127,21.407,20.7718,21.0077
ALCO,2011-05-06,21.1312,21.4341,21.0554,21.2311
ALCO,2011-05-09,21.3166,21.6449,20.7377,20.8873
ALCO,2011-05-10,20.9826,21.6031,20.9048,21.4691
ALCO,2011-05-11,21.5273,21.6284,21.1224,21.1991
ALCO,2011-05-12,21.1467,21.7022,20.9826,21.6196
ALCO,2011-05-13,21.3837,21.5187,21.2593,21.2904
ALCO,2011-05-16,21.2068,21.2068,20.9048,20.9048
ALCO,2011-05-17,20.9048,21.0,20.8961,20.9475
ALCO,2011-05-18,20.965,21.1059,20.9223,21.1059
ALCO,2011-05-19,21.2807,21.3166,21.2311,21.2311
ALCO,2011-05-20,21.2748,21.2748,21.033,21.033
ALCO,2011-05-23,20.931,20.9573,20.7718,20.8786
ALCO,2011-05-24,21.0554,21.1312,20.9048,20.9048
ALCO,2011-05-25,20.8961,21.1059,20.8961,21.0165
ALCO,2011-05-26,21.0797,21.0797,20.9048,21.033
ALCO,2011-05-27,21.1641,21.1641,20.9475,20.9475
ALCO,2011-05-31,21.2748,21.2748,20.8951,20.9126
ALCO,2011-06-01,21.0165,21.1467,20.763,20.8621
ALCO,2011-06-02,21.0719,21.0719,20.8621,20.8873
ALCO,2011-06-03,20.8961,21.0719,20.5445,20.5785
ALCO,2011-06-06,20.563,20.8281,20.4756,20.5532
ALCO,2011-06-07,20.6872,20.7377,20.5445,20.5445
ALCO,2011-06-08,20.7203,20.9738,20.563,20.6707
ALCO,2011-06-09,20.6707,20.8533,20.563,20.695
ALCO,2011-06-10,20.563,20.6785,20.563,20.5785
ALCO,2011-06-13,20.6124,20.6124,20.2842,20.2842
ALCO,2011-06-14,20.5717,20.5717,20.2842,20.3687
ALCO,2011-06-15,20.1744,20.5085,19.7384,19.7384
ALCO,2011-06-16,19.7316,19.9161,19.5121,19.686
ALCO,2011-06-17,19.8491,20.2337,19.6208,19.6208
ALCO,2011-06-20,19.5607,19.6286,19.4965,19.5607
ALCO,2011-06-21,19.5364,19.5946,19.0818,19.5607
ALCO,2011-06-22,19.4305,19.4878,19.0517,19.075
ALCO,2011-06-23,18.942,19.2693,18.942,19.2693
ALCO,2011-06-24,19.0517,20.5785,19.0264,20.5717
ALCO,2011-06-27,20.0997,20.9388,19.6373,20.9388
ALCO,2011-06-28,20.6047,21.1398,20.6047,21.1398
ALCO,2011-06-29,21.2409,21.3837,21.0077,21.2409
ALCO,2011-06-30,21.2846,21.5488,21.2098,21.4963
ALCO,2011-07-01,21.4244,21.98,21.4244,21.8925
ALCO,2011-07-05,21.8187,22.0985,21.7022,22.0985
ALCO,2011-07-06,21.9557,22.4724,21.8275,22.4306
ALCO,2011-07-07,22.5345,23.1056,22.4647,22.8181
ALCO,2011-07-08,22.5588,22.5588,22.28,22.3811
ALCO,2011-07-11,22.1985,22.3733,21.5361,21.6633
ALCO,2011-07-12,21.6944,21.7421,21.407,21.4166
ALCO,2011-07-13,21.6196,21.7682,21.4341,21.7585
ALCO,2011-07-14,21.7585,21.7585,20.7038,20.9912
ALCO,2011-07-15,21.2311,21.2311,21.1641,21.2224
ALCO,2011-07-18,20.9826,21.0077,20.8961,20.9048
ALCO,2011-07-19,21.0,21.2748,20.7795,21.2748
ALCO,2011-07-20,21.2748,21.2748,21.1467,21.1467
ALCO,2011-07-21,21.1554,21.8013,21.1059,21.8013
ALCO,2011-07-22,21.8275,21.9023,21.7682,21.7682
ALCO,2011-07-25,21.4759,21.5429,21.0486,21.2068
ALCO,2011-07-26,21.2593,21.2593,21.0486,21.0486
ALCO,2011-07-27,20.6707,21.0165,20.392,20.4086
ALCO,2011-07-28,20.5173,20.6465,20.3842,20.6465
ALCO,2011-07-29,20.4309,22.4879,20.4309,20.4814
ALCO,2011-08-01,20.7455,20.8368,20.5445,20.7299
ALCO,2011-08-02,20.7038,20.7299,20.0899,20.0899
ALCO,2011-08-03,20.258,20.6543,20.2269,20.5959
ALCO,2011-08-04,20.4347,20.4347,19.8345,19.8345
ALCO,2011-08-05,20.0813,20.3425,17.7085,19.8656
ALCO,2011-08-08,18.8904,19.7316,18.8904,19.0565
ALCO,2011-08-09,19.6607,21.2661,18.8808,21.2661
ALCO,2011-08-10,21.7682,21.7682,18.8244,18.9925
ALCO,2011-08-11,19.2925,19.7316,19.0818,19.2848
ALCO,2011-08-12,19.5276,19.6286,19.043,19.0517
ALCO,2011-08-15,19.3936,19.4305,19.1265,19.2848
ALCO,2011-08-16,19.0517,19.2091,18.806,18.806
ALCO,2011-08-17,19.0818,19.278,18.8904,19.0168
ALCO,2011-08-18,18.5224,19.0099,17.7755,17.7755
ALCO,2011-08-19,17.9017,18.6224,17.1607,17.6667
ALCO,2011-08-22,18.2757,18.2757,17.793,17.8445
ALCO,2011-08-23,17.9571,18.3379,17.557,18.0756
ALCO,2011-08-24,17.9571,17.9571,17.6415,17.7085
ALCO,2011-08-25,17.6997,17.6997,17.2142,17.2142
ALCO,2011-08-26,17.2073,17.522,17.2073,17.287
ALCO,2011-08-29,17.5395,18.23,17.2278,18.2213
ALCO,2011-08-30,18.1456,18.2757,17.9416,18.0756
ALCO,2011-08-31,18.1339,18.1339,17.8309,17.8309
ALCO,2011-09-01,17.7085,17.9017,17.2462,17.2462
ALCO,2011-09-02,17.2443,17.3093,16.9023,16.9567
ALCO,2011-09-06,16.5421,17.4735,16.5421,17.1607
ALCO,2011-09-07,17.0481,17.79,17.0481,17.7396
ALCO,2011-09-08,17.5046,17.6813,17.287,17.287
ALCO,2011-09-09,17.2549,17.2549,16.3721,16.5323
ALCO,2011-09-12,16.5925,16.6703,16.4061,16.5586
ALCO,2011-09-13,16.575,16.6101,16.4381,16.5323
ALCO,2011-09-14,16.7441,17.0199,16.5323,17.0131
ALCO,2011-09-15,16.9685,16.9685,16.8897,16.9441
ALCO,2011-09-16,17.0636,17.1189,16.7858,17.0131
ALCO,2011-09-19,16.7586,17.2073,16.7586,17.2073
ALCO,2011-09-20,17.3385,17.5735,17.1121,17.1121
ALCO,2011-09-21,17.4132,17.5735,17.0869,17.2802
ALCO,2011-09-22,17.0044,17.388,16.7266,16.7266
ALCO,2011-09-23,16.7586,17.1121,16.6013,16.881
ALCO,2011-09-26,17.1034,17.1034,16.7499,16.8179
ALCO,2011-09-27,16.848,17.591,16.8247,17.5395
ALCO,2011-09-28,17.6911,17.7085,17.3705,17.3705
ALCO,2011-09-29,17.624,17.624,17.3705,17.4317
ALCO,2011-09-30,17.3822,17.5347,16.3993,16.4848
ALCO,2011-10-03,16.3381,17.3297,15.4455,17.0373
ALCO,2011-10-04,16.0865,18.3213,16.0243,18.1378
ALCO,2011-10-05,18.0834,18.0834,17.6638,17.724
ALCO,2011-10-06,17.6211,17.6726,17.4424,17.6726
ALCO,2011-10-07,17.6211,17.6784,17.6211,17.6784
ALCO,2011-10-10,17.793,17.9017,17.624,17.9017
ALCO,2011-10-11,17.9484,17.9484,15.7505,16.3138
ALCO,2011-10-12,16.3643,17.1889,16.3225,17.1889
ALCO,2011-10-13,17.0549,17.0549,16.6101,16.9607
ALCO,2011-10-14,17.1558,17.7483,16.9539,17.6026
ALCO,2011-10-17,17.3297,17.3977,16.8023,16.8023
ALCO,2011-10-18,17.1189,18.23,16.7858,18.1213
ALCO,2011-10-19,17.4346,18.0834,17.3744,17.5794
ALCO,2011-10-20,17.7143,18.0329,17.7143,17.8513
ALCO,2011-10-21,18.23,18.4651,17.9659,18.1115
ALCO,2011-10-24,18.3213,18.8098,18.3213,18.8098
ALCO,2011-10-25,18.5758,18.5758,17.9979,18.0416
ALCO,2011-10-26,18.0591,18.13,17.6113,18.13
ALCO,2011-10-27,18.5486,19.816,18.5486,19.816
ALCO,2011-10-28,19.7229,19.8258,19.6034,19.816
ALCO,2011-10-31,19.4518,19.8811,19.2129,19.2129
ALCO,2011-11-01,18.6768,19.007,18.6166,18.8186
ALCO,2011-11-02,18.9885,19.3926,18.9885,19.2498
ALCO,2011-11-03,19.5684,19.748,19.5033,19.7316
ALCO,2011-11-04,19.2984,19.3236,19.1799,19.3236
ALCO,2011-11-07,19.007,19.2498,19.007,19.1421
ALCO,2011-11-08,19.2751,19.4868,18.5855,19.3431
ALCO,2011-11-09,19.2343,19.5859,18.2378,18.3543
ALCO,2011-11-10,18.4651,18.7448,18.1805,18.5942
ALCO,2011-11-11,18.6525,19.0974,18.6525,19.0974
ALCO,2011-11-14,18.9789,18.9789,18.5486,18.8361
ALCO,2011-11-15,18.7661,18.9031,18.6846,18.8954
ALCO,2011-11-16,18.7661,18.7661,17.9231,17.9746
ALCO,2011-11-17,17.9484,18.0416,17.7483,17.7561
ALCO,2011-11-18,17.6638,17.6784,16.9374,17.0481
ALCO,2011-11-21,16.6275,16.8752,16.5828,16.5828
ALCO,2011-11-22,16.5508,16.7771,15.7389,15.7389
ALCO,2011-11-23,16.069,16.069,15.1968,15.2891
ALCO,2011-11-25,15.1716,15.5028,15.0978,15.0978
ALCO,2011-11-28,15.63,15.7311,15.1289,15.4134
ALCO,2011-11-29,15.3513,15.4611,15.0881,15.2736
ALCO,2011-11-30,15.8107,16.0351,15.1367,15.1367
ALCO,2011-12-01,15.1968,15.4854,15.0881,15.0881
ALCO,2011-12-02,15.5602,15.7126,15.4048,15.6883
ALCO,2011-12-05,15.8816,15.9739,15.5368,15.6883
ALCO,2011-12-06,15.6952,15.8476,15.5514,15.6116
ALCO,2011-12-07,15.7028,15.7028,15.4202,15.4377
ALCO,2011-12-08,15.2716,15.2969,15.0638,15.0793
ALCO,2011-12-09,15.1212,15.8087,15.1036,15.6553
ALCO,2011-12-12,15.4854,15.6718,15.2552,15.361
ALCO,2011-12-13,15.4048,15.7816,15.361,15.361
ALCO,2011-12-14,15.3163,15.3697,15.0803,15.3513
ALCO,2011-12-15,15.7816,15.8311,15.0648,15.2648
ALCO,2011-12-16,15.3494,15.9836,15.3494,15.7213
ALCO,2011-12-19,15.7311,15.934,15.4397,15.4475
ALCO,2011-12-20,15.8087,16.0594,15.6116,16.0594
ALCO,2011-12-21,16.0157,16.1458,15.6553,15.8223
ALCO,2011-12-22,15.9059,16.1292,15.6116,15.7991
ALCO,2011-12-23,15.9487,16.1623,15.8301,16.0331
ALCO,2011-12-27,15.9487,16.0331,15.9059,16.0243
ALCO,2011-12-28,16.069,16.1545,15.7806,15.8884
ALCO,2011-12-29,16.2303,16.272,16.069,16.2381
ALCO,2011-12-30,16.3215,16.4633,16.138,16.3808
ALCO,2012-01-03,17.1179,17.1248,16.4459,16.6635
ALCO,2012-01-04,17.017,17.0335,16.4633,16.5595
ALCO,2012-01-05,16.3031,16.5935,16.2555,16.5158
ALCO,2012-01-06,16.4818,16.509,16.3536,16.5002
ALCO,2012-01-09,16.5333,16.6635,16.5333,16.6285
ALCO,2012-01-10,16.576,16.8596,16.4556,16.7373
ALCO,2012-01-11,16.5508,16.9733,16.5245,16.9733
ALCO,2012-01-12,16.9306,17.085,16.6955,17.085
ALCO,2012-01-13,16.0865,16.8937,16.0865,16.8684
ALCO,2012-01-17,17.0004,17.0004,16.6119,16.7528
ALCO,2012-01-18,16.646,17.0335,16.646,16.9306
ALCO,2012-01-19,17.0092,17.352,16.8771,17.085
ALCO,2012-01-20,17.1675,17.9785,17.1675,17.9445
ALCO,2012-01-23,18.2504,18.2504,17.6492,18.0882
ALCO,2012-01-24,18.029,18.3505,17.8036,18.2426
ALCO,2012-01-25,18.3262,18.3758,17.9785,18.3174
ALCO,2012-01-26,18.5311,18.7633,18.2659,18.6224
ALCO,2012-01-27,18.4428,19.9559,18.4087,19.7034
ALCO,2012-01-30,19.2984,19.5432,19.2139,19.5344
ALCO,2012-01-31,19.5091,19.7024,19.5005,19.5665
ALCO,2012-02-01,19.5344,19.8258,19.4945,19.816
ALCO,2012-02-02,19.9559,20.1706,19.8355,19.9345
ALCO,2012-02-03,20.187,20.8446,20.1114,20.8446
ALCO,2012-02-06,20.8039,20.9485,20.4395,20.9397
ALCO,2012-02-07,19.8743,20.3813,17.9037,20.2289
ALCO,2012-02-08,19.6431,20.4989,19.6431,20.2221
ALCO,2012-02-09,20.2055,20.7193,19.9997,20.1541
ALCO,2012-02-10,19.1207,19.8743,19.1207,19.6199
ALCO,2012-02-13,19.7548,19.8908,19.6024,19.7548
ALCO,2012-02-14,19.7034,19.7034,19.479,19.4945
ALCO,2012-02-15,19.6607,19.8665,19.5607,19.7034
ALCO,2012-02-16,19.9268,21.0175,19.7917,20.4056
ALCO,2012-02-17,20.3473,20.4736,20.1026,20.1278
ALCO,2012-02-21,20.1453,20.3046,19.9754,19.9754
ALCO,2012-02-22,20.0695,20.2716,19.8743,19.8743
ALCO,2012-02-23,20.0695,20.2959,19.8588,20.2959
ALCO,2012-02-24,20.2959,20.2959,19.9656,20.1784
ALCO,2012-02-27,19.9754,20.0521,19.9268,19.9268
ALCO,2012-02-28,19.8355,20.0841,19.8355,19.9345
ALCO,2012-02-29,20.257,20.291,19.6684,19.6684
ALCO,2012-03-01,19.8423,20.4241,19.685,19.9181
ALCO,2012-03-02,20.2881,20.324,19.7024,19.7024
ALCO,2012-03-05,19.6607,20.2055,19.5013,20.1278
ALCO,2012-03-06,20.2532,20.2532,19.7831,19.9754
ALCO,2012-03-07,19.9909,20.0434,19.8811,19.9841
ALCO,2012-03-08,19.9909,20.2143,19.9559,20.1793
ALCO,2012-03-09,20.4571,20.5153,20.0705,20.0705
ALCO,2012-03-12,20.0336,20.1366,19.9754,19.9754
ALCO,2012-03-13,19.8073,20.2221,19.7131,20.1784
ALCO,2012-03-14,20.0336,20.3396,19.8005,19.8355
ALCO,2012-03-15,19.8073,20.4483,19.8073,20.4483
ALCO,2012-03-16,20.4405,20.7115,20.3571,20.5426
ALCO,2012-03-19,20.8125,20.8533,20.0841,20.1182
ALCO,2012-03-20,20.6037,20.7203,19.8345,19.8345
ALCO,2012-03-21,19.9181,20.629,19.6199,19.6423
ALCO,2012-03-22,19.5334,19.684,19.0585,19.2887
ALCO,2012-03-23,19.2634,19.8423,19.0585,19.8423
ALCO,2012-03-26,20.1191,20.5426,19.9413,20.2716
ALCO,2012-03-27,20.1968,20.5153,19.9754,19.9841
ALCO,2012-03-28,19.7384,20.2716,19.5005,19.816
ALCO,2012-03-29,19.816,20.0336,19.5091,19.8345
ALCO,2012-03-30,19.8743,19.8811,19.2974,19.5761
ALCO,2012-04-02,19.1032,19.8665,19.1032,19.7917
ALCO,2012-04-03,19.6102,19.7219,19.4081,19.4781
ALCO,2012-04-04,19.3314,19.6014,19.3072,19.4363
ALCO,2012-04-05,19.2411,19.5927,19.2324,19.2411
ALCO,2012-04-09,19.0284,19.4081,18.7613,18.8982
ALCO,2012-04-10,18.8643,19.1285,17.8911,17.9901
ALCO,2012-04-11,18.2145,18.3233,17.8756,18.0513
ALCO,2012-04-12,17.9659,19.346,17.8435,19.346
ALCO,2012-04-13,18.8555,19.5927,18.8555,19.179
ALCO,2012-04-16,19.1955,19.4849,19.1955,19.2887
ALCO,2012-04-17,19.4518,20.6377,19.4431,20.425
ALCO,2012-04-18,20.4153,20.6455,20.1706,20.3657
ALCO,2012-04-19,20.3657,20.6115,20.0929,20.0929
ALCO,2012-04-20,20.562,21.4011,20.3571,21.2195
ALCO,2012-04-23,20.8903,21.1962,20.662,21.0845
ALCO,2012-04-24,21.1175,21.2467,20.764,21.0117
ALCO,2012-04-25,21.0592,21.2788,19.8073,20.0841
ALCO,2012-04-26,19.8811,20.4571,19.7636,20.0929
ALCO,2012-04-27,20.0151,20.2221,19.3654,19.5761
ALCO,2012-04-30,19.5334,19.8248,19.111,19.2634
ALCO,2012-05-01,19.3819,19.6014,19.111,19.1459
ALCO,2012-05-02,19.247,19.2887,18.8808,19.2411
ALCO,2012-05-03,19.0673,19.2731,18.9245,19.076
ALCO,2012-05-04,19.0021,19.2227,18.5098,18.5098
ALCO,2012-05-07,18.5797,18.9584,18.2563,18.5379
ALCO,2012-05-08,18.4155,18.7147,18.3816,18.5603
ALCO,2012-05-09,18.5185,18.9157,18.1971,18.4311
ALCO,2012-05-10,18.468,19.0585,18.468,18.7963
ALCO,2012-05-11,19.1032,19.2887,18.7885,19.0362
ALCO,2012-05-14,18.8555,19.1654,18.4155,18.942
ALCO,2012-05-15,19.2411,20.2969,19.2411,19.8743
ALCO,2012-05-16,19.9997,20.0239,19.4518,19.6102
ALCO,2012-05-17,19.6014,19.8996,19.3149,19.5091
ALCO,2012-05-18,19.3557,20.2969,19.0284,19.5005
ALCO,2012-05-21,19.7121,20.83,19.4266,20.5338
ALCO,2012-05-22,20.4066,20.7038,20.0763,20.0929
ALCO,2012-05-23,20.1366,20.5522,20.1366,20.5153
ALCO,2012-05-24,20.5522,21.2788,20.2289,21.1175
ALCO,2012-05-25,21.1262,21.1603,20.4833,20.8553
ALCO,2012-05-29,21.1097,21.2788,20.8805,21.2108
ALCO,2012-05-30,21.0514,21.2788,20.4998,21.0117
ALCO,2012-05-31,20.7805,21.0514,20.6872,20.6872
ALCO,2012-06-01,20.2793,20.7543,19.7471,19.8588
ALCO,2012-06-04,20.188,20.6533,19.8345,20.4833
ALCO,2012-06-05,20.4862,20.4862,19.6034,19.8773
ALCO,2012-06-06,20.1055,20.1725,19.6539,19.9112
ALCO,2012-06-07,20.2085,20.2085,19.4868,19.9773
ALCO,2012-06-08,19.8695,19.8773,19.4538,19.6869
ALCO,2012-06-11,19.8345,19.9656,19.4849,19.6014
ALCO,2012-06-12,19.8345,20.1114,19.5091,20.0705
ALCO,2012-06-13,20.3143,20.5241,19.9413,20.2221
ALCO,2012-06-14,20.2385,20.7038,19.9754,20.5153
ALCO,2012-06-15,20.0035,21.3613,19.852,21.1224
ALCO,2012-06-18,21.6799,21.8789,21.0029,21.7119
ALCO,2012-06-19,21.7916,22.5676,21.1826,22.4278
ALCO,2012-06-20,22.5142,23.5068,22.4044,23.4466
ALCO,2012-06-21,23.3786,23.9448,22.9376,23.8981
ALCO,2012-06-22,23.872,24.6577,23.3291,24.5168
ALCO,2012-06-25,24.1186,24.4586,23.7282,23.9914
ALCO,2012-06-26,24.0322,24.1361,23.3873,24.0507
ALCO,2012-06-27,24.0224,24.4838,23.7107,24.4663
ALCO,2012-06-28,24.2274,24.8247,23.5942,24.8247
ALCO,2012-06-29,25.254,26.1339,24.8325,25.9076
ALCO,2012-07-02,25.7231,26.1068,25.2452,26.1068
ALCO,2012-07-03,26.1068,26.57,25.5473,26.4768
ALCO,2012-07-05,26.3408,27.0012,25.8474,27.0012
ALCO,2012-07-06,26.9255,27.1207,26.5797,27.0109
ALCO,2012-07-09,26.977,27.5364,26.977,27.3596
ALCO,2012-07-10,27.2897,27.8239,26.8167,26.9342
ALCO,2012-07-11,26.977,27.0604,26.5205,26.8837
ALCO,2012-07-12,26.6196,26.9595,26.5544,26.6535
ALCO,2012-07-13,26.8759,27.5714,26.7993,27.3596
ALCO,2012-07-16,27.145,27.5364,26.9255,26.9255
ALCO,2012-07-17,26.9002,27.1721,26.4166,26.8516
ALCO,2012-07-18,26.9429,26.9605,26.3699,26.6021
ALCO,2012-07-19,26.704,26.8925,26.2632,26.4942
ALCO,2012-07-20,26.1204,26.8594,25.6026,26.6691
ALCO,2012-07-23,26.1068,26.9255,26.0368,26.4243
ALCO,2012-07-24,25.7959,26.7108,25.6114,25.6114
ALCO,2012-07-25,25.8989,25.8989,25.2356,25.5337
ALCO,2012-07-26,25.9941,26.8663,25.7959,25.9844
ALCO,2012-07-27,25.3385,26.1689,25.3385,26.0893
ALCO,2012-07-30,25.9591,26.1689,25.526,25.6114
ALCO,2012-07-31,25.5337,25.7552,24.3138,24.7975
ALCO,2012-08-01,24.7887,24.7887,24.2021,24.2021
ALCO,2012-08-02,23.9817,24.2614,23.7612,23.7612
ALCO,2012-08-03,24.0836,24.9082,24.0147,24.6577
ALCO,2012-08-06,24.5916,24.9743,23.6865,24.5761
ALCO,2012-08-07,24.4586,24.7626,24.1021,24.5081
ALCO,2012-08-08,24.3304,24.7626,22.3694,24.0836
ALCO,2012-08-09,23.8282,23.8379,22.5578,23.2435
ALCO,2012-08-10,22.5918,24.1944,22.5918,23.6951
ALCO,2012-08-13,23.7282,24.6431,22.8123,24.6431
ALCO,2012-08-14,24.8587,25.4239,24.8587,25.1957
ALCO,2012-08-15,24.9393,25.4327,24.9393,25.3559
ALCO,2012-08-16,25.153,25.4512,25.1443,25.4512
ALCO,2012-08-17,25.3064,26.7205,25.3064,26.704
ALCO,2012-08-20,26.6282,26.9595,25.7076,26.6866
ALCO,2012-08-21,26.4942,26.4942,25.491,26.0456
ALCO,2012-08-22,25.491,26.2038,24.6178,25.324
ALCO,2012-08-23,25.1443,26.2971,24.8422,26.2126
ALCO,2012-08-24,25.7872,26.57,25.7872,26.0893
ALCO,2012-08-27,26.6021,26.977,26.4768,26.771
ALCO,2012-08-28,26.5117,26.8079,26.0893,26.5544
ALCO,2012-08-29,26.6778,27.145,26.2038,27.145
ALCO,2012-08-30,27.0012,27.0604,26.3671,26.4603
ALCO,2012-08-31,26.6448,27.145,26.4856,26.8342
ALCO,2012-09-04,26.771,26.8837,25.2025,25.9591
ALCO,2012-09-05,25.9076,26.9002,24.3391,24.9393
ALCO,2012-09-06,25.1024,25.3336,24.3886,24.8062
ALCO,2012-09-07,24.6431,25.3725,24.1536,24.9257
ALCO,2012-09-10,25.254,25.7872,24.984,25.7076
ALCO,2012-09-11,25.6454,26.7623,25.2452,26.0893
ALCO,2012-09-12,26.2213,26.6623,26.0047,26.5302
ALCO,2012-09-13,26.4419,27.0207,26.4419,27.0012
ALCO,2012-09-14,27.0391,27.1382,26.7205,26.7205
ALCO,2012-09-17,26.4768,26.6021,26.1874,26.5302
ALCO,2012-09-18,25.9154,26.4243,25.9154,26.1689
ALCO,2012-09-19,25.9154,26.2573,25.8717,26.1262
ALCO,2012-09-20,25.8474,26.6108,25.8474,26.064
ALCO,2012-09-21,26.5389,26.7108,26.1505,26.3835
ALCO,2012-09-24,26.4088,26.7205,26.1961,26.4768
ALCO,2012-09-25,26.4603,26.9178,26.332,26.332
ALCO,2012-09-26,26.5215,27.1392,26.2632,26.3748
ALCO,2012-09-27,26.6506,26.7594,26.3146,26.4942
ALCO,2012-09-28,26.3059,26.8089,26.3059,26.5302
ALCO,2012-10-01,26.739,27.0022,26.2398,26.5389
ALCO,2012-10-02,26.6701,27.0304,26.2398,26.7546
ALCO,2012-10-03,26.3583,27.1731,26.3486,26.7546
ALCO,2012-10-04,26.8516,27.4976,26.7303,27.4111
ALCO,2012-10-05,27.5985,27.65,27.0702,27.2907
ALCO,2012-10-08,27.0022,27.4111,26.6633,27.0614
ALCO,2012-10-09,26.9352,26.9595,26.5885,26.6282
ALCO,2012-10-10,26.637,27.1809,26.637,26.9264
ALCO,2012-10-11,26.704,27.1809,26.704,27.0537
ALCO,2012-10-12,27.1314,27.1809,26.8847,26.9866
ALCO,2012-10-15,27.1809,27.9744,27.1645,27.853
ALCO,2012-10-16,28.0307,28.0307,27.4111,27.6326
ALCO,2012-10-17,27.8841,27.8841,27.6404,27.853
ALCO,2012-10-18,27.7403,27.8249,27.2479,27.515
ALCO,2012-10-19,27.3072,27.9346,26.6701,26.6701
ALCO,2012-10-22,26.704,26.7108,26.4419,26.6458
ALCO,2012-10-23,26.4768,26.6021,25.7309,26.2786
ALCO,2012-10-24,25.7309,26.2632,25.7309,26.2632
ALCO,2012-10-25,26.3932,27.0304,25.7153,26.704
ALCO,2012-10-26,26.7915,27.0119,26.3671,26.8769
ALCO,2012-10-31,26.8177,27.2401,26.2632,26.6633
ALCO,2012-11-01,26.7633,27.0537,26.2573,26.6778
ALCO,2012-11-02,26.6282,27.2644,25.7959,26.7215
ALCO,2012-11-05,27.0537,27.8443,26.8516,27.1809
ALCO,2012-11-06,27.4625,27.4625,26.7468,27.2237
ALCO,2012-11-07,27.0614,27.6908,26.2573,27.1129
ALCO,2012-11-08,27.1731,27.1731,26.4088,26.5807
ALCO,2012-11-09,26.4505,26.909,26.4253,26.6196
ALCO,2012-11-12,26.6196,27.7744,26.6196,27.4713
ALCO,2012-11-13,27.6986,27.6986,27.0061,27.3849
ALCO,2012-11-14,27.4188,27.5305,26.6778,26.6778
ALCO,2012-11-15,26.6701,26.978,26.1145,26.5544
ALCO,2012-11-16,26.7546,27.3936,26.332,26.9954
ALCO,2012-11-19,27.0887,27.4549,26.8847,27.4549
ALCO,2012-11-20,27.0119,27.4801,26.8177,27.1129
ALCO,2012-11-21,26.8516,27.3324,26.8089,27.1392
ALCO,2012-11-23,26.8352,27.5063,26.7303,27.1567
ALCO,2012-11-26,27.1645,27.5383,26.8934,27.2985
ALCO,2012-11-27,27.2644,27.4373,27.1033,27.2072
ALCO,2012-11-28,27.1392,27.583,27.1392,27.583
ALCO,2012-11-29,27.6404,28.9223,27.5219,28.8048
ALCO,2012-11-30,28.8048,29.6119,28.4979,29.239
ALCO,2012-12-03,29.4051,31.0911,29.3322,30.8998
ALCO,2012-12-04,30.5793,31.0484,30.3966,30.5501
ALCO,2012-12-05,30.892,32.9413,30.892,31.7253
ALCO,2012-12-06,31.5486,32.0225,31.3164,31.8282
ALCO,2012-12-07,31.9535,32.0498,31.4038,31.4281
ALCO,2012-12-10,31.4281,31.5991,30.8152,31.0727
ALCO,2012-12-11,31.4631,31.4631,31.0396,31.2747
ALCO,2012-12-12,31.4213,31.4213,30.5958,30.6589
ALCO,2012-12-13,30.5793,30.6036,29.9722,30.5336
ALCO,2012-12-14,30.384,30.9881,30.384,30.6667
ALCO,2012-12-17,30.7085,31.0057,30.6307,30.7327
ALCO,2012-12-18,30.6036,31.0057,30.588,30.9542
ALCO,2012-12-19,30.8794,30.8794,30.2996,30.5336
ALCO,2012-12-20,30.5336,31.0911,30.1034,30.5278
ALCO,2012-12-21,29.7314,31.6738,29.7314,31.5651
ALCO,2012-12-24,31.5583,32.2877,31.0659,31.0659
ALCO,2012-12-26,31.2834,31.8487,30.9279,31.2999
ALCO,2012-12-27,31.3164,31.9924,31.2999,31.7263
ALCO,2012-12-28,31.7,32.1041,31.5165,31.5418
ALCO,2012-12-31,31.1639,32.2896,29.8557,31.1814
ALCO,2013-01-02,31.4379,34.0427,31.4379,33.7124
ALCO,2013-01-03,33.4725,34.3554,32.8238,33.3434
ALCO,2013-01-04,33.3347,34.0689,32.4586,33.2842
ALCO,2013-01-07,33.0297,33.5716,32.7976,33.1667
ALCO,2013-01-08,33.0219,34.2234,32.8161,34.0155
ALCO,2013-01-09,33.9902,34.674,33.9902,34.6497
ALCO,2013-01-10,34.5895,34.6497,34.1631,34.1631
ALCO,2013-01-11,34.2234,34.6556,34.0844,34.0942
ALCO,2013-01-14,34.0155,34.0524,33.5473,33.864
ALCO,2013-01-15,33.6853,33.6853,33.1996,33.3249
ALCO,2013-01-16,33.0879,33.9659,33.0879,33.6221
ALCO,2013-01-17,33.5658,33.6075,33.2084,33.3783
ALCO,2013-01-18,33.423,33.6134,33.3347,33.5395
ALCO,2013-01-22,33.6075,34.4069,33.4648,34.3467
ALCO,2013-01-23,34.5206,34.5206,34.1378,34.2982
ALCO,2013-01-24,34.3807,34.5555,33.6503,33.6765
ALCO,2013-01-25,34.0942,34.4671,33.3959,33.7387
ALCO,2013-01-28,33.4803,34.2777,33.4803,34.0942
ALCO,2013-01-29,34.3904,38.3064,34.0602,38.1384
ALCO,2013-01-30,38.1549,38.4443,37.0331,37.0584
ALCO,2013-01-31,36.9981,37.6518,36.6816,37.0895
ALCO,2013-02-01,36.6028,37.4187,36.5699,37.3061
ALCO,2013-02-04,37.0506,37.6518,35.5986,36.4523
ALCO,2013-02-05,36.9642,37.6256,36.6028,37.3303
ALCO,2013-02-06,36.9292,37.1904,36.1347,36.3921
ALCO,2013-02-07,36.3066,36.3066,34.5982,35.6452
ALCO,2013-02-08,35.4141,36.461,35.4141,36.1269
ALCO,2013-02-11,35.9754,36.1269,34.7934,35.0567
ALCO,2013-02-12,34.9857,35.1936,33.7475,34.3331
ALCO,2013-02-13,34.2234,34.4603,34.0942,34.4603
ALCO,2013-02-14,34.2787,34.7322,34.2262,34.5293
ALCO,2013-02-15,34.5642,36.0444,34.2884,36.0007
ALCO,2013-02-19,36.3659,36.4203,35.9783,36.4203
ALCO,2013-02-20,36.4349,37.4798,36.4349,37.2351
ALCO,2013-02-21,36.836,37.4323,36.836,37.0729
ALCO,2013-02-22,36.9904,37.7693,36.1347,37.7693
ALCO,2013-02-25,37.7955,37.7955,35.0858,35.1159
ALCO,2013-02-26,35.3267,35.9832,34.8158,35.959
ALCO,2013-02-27,35.8122,37.5488,35.8122,37.1982
ALCO,2013-02-28,36.9457,37.0049,35.9686,36.4805
ALCO,2013-03-01,36.0852,36.8699,35.6608,35.9249
ALCO,2013-03-04,35.4879,36.1522,35.1343,36.1522
ALCO,2013-03-05,35.5238,36.2143,35.3723,35.721
ALCO,2013-03-06,35.3267,36.4805,35.3198,36.2658
ALCO,2013-03-07,36.4883,36.4883,36.2484,36.3921
ALCO,2013-03-08,36.4883,36.4883,35.4141,35.788
ALCO,2013-03-11,35.9181,37.3216,35.9181,36.8787
ALCO,2013-03-12,37.1826,37.1826,36.0094,36.2309
ALCO,2013-03-13,36.6028,37.4401,36.6028,37.173
ALCO,2013-03-14,37.4556,39.7467,37.3138,39.4748
ALCO,2013-03-15,39.3718,39.7866,38.5735,39.7282
ALCO,2013-03-18,39.1232,39.7467,39.1232,39.5495
ALCO,2013-03-19,39.9001,39.9847,39.1145,39.2455
ALCO,2013-03-20,39.3398,39.6943,39.1504,39.5495
ALCO,2013-03-21,39.6448,39.9779,39.2359,39.9507
ALCO,2013-03-22,40.008,40.008,39.1669,39.4661
ALCO,2013-03-25,39.5836,39.7467,39.4039,39.6195
ALCO,2013-03-26,39.3563,40.0002,39.2194,39.6612
ALCO,2013-03-27,39.2349,40.0818,38.9687,39.5078
ALCO,2013-03-28,39.3388,39.737,39.3388,39.4398
ALCO,2013-04-01,39.5836,39.637,38.9611,38.9611
ALCO,2013-04-02,38.9611,39.0581,38.355,38.4667
ALCO,2013-04-03,37.913,38.6483,37.3196,37.4838
ALCO,2013-04-04,37.3254,37.9635,37.2662,37.5022
ALCO,2013-04-05,37.3944,37.6168,36.9943,37.2303
ALCO,2013-04-08,37.2837,37.2837,36.7777,37.0613
ALCO,2013-04-09,37.1525,37.6304,36.9865,37.24
ALCO,2013-04-10,37.3352,37.4896,36.6699,37.1866
ALCO,2013-04-11,37.3691,37.4294,36.6699,36.9088
ALCO,2013-04-12,36.7107,36.8641,36.2426,36.6339
ALCO,2013-04-15,36.3775,36.3775,34.9595,35.8074
ALCO,2013-04-16,36.0784,36.3775,35.5501,36.0619
ALCO,2013-04-17,35.8152,35.9356,35.6704,35.8152
ALCO,2013-04-18,35.5772,35.8657,34.4069,35.014
ALCO,2013-04-19,35.0751,35.0751,34.3233,34.5206
ALCO,2013-04-22,34.8255,35.0324,34.3399,34.943
ALCO,2013-04-23,34.9518,35.4568,34.9518,35.1004
ALCO,2013-04-24,35.1353,35.2364,34.878,35.1353
ALCO,2013-04-25,35.1353,35.2364,34.9217,35.0042
ALCO,2013-04-26,34.7585,35.014,34.2136,34.3642
ALCO,2013-04-29,34.0748,34.6973,34.0748,34.6633
ALCO,2013-04-30,34.4593,36.6154,34.3233,35.654
ALCO,2013-05-01,35.687,36.8904,35.6034,35.8152
ALCO,2013-05-02,35.7647,36.6854,35.7647,36.6699
ALCO,2013-05-03,37.1264,37.7499,36.6699,37.5382
ALCO,2013-05-06,37.7081,38.7162,37.5187,38.5133
ALCO,2013-05-07,38.3734,38.5793,37.5556,38.5793
ALCO,2013-05-08,38.288,38.7162,37.9315,38.656
ALCO,2013-05-09,38.3278,38.7988,37.7926,38.2112
ALCO,2013-05-10,38.2112,38.5531,37.9471,38.355
ALCO,2013-05-13,37.7227,38.4162,37.2662,37.8645
ALCO,2013-05-14,37.7752,38.0674,35.8152,37.6489
ALCO,2013-05-15,37.6489,38.2034,37.0098,38.0849
ALCO,2013-05-16,38.0937,38.4569,38.0335,38.288
ALCO,2013-05-17,38.3356,39.2262,38.3356,38.7891
ALCO,2013-05-20,39.0834,39.1115,38.7162,38.7571
ALCO,2013-05-21,38.8075,39.0047,38.6483,38.6483
ALCO,2013-05-22,38.724,38.9445,38.4579,38.5036
ALCO,2013-05-23,38.2385,38.8843,37.5974,38.8843
ALCO,2013-05-24,38.6833,39.0047,38.4579,38.8931
ALCO,2013-05-28,39.2262,39.2262,38.9027,39.2096
ALCO,2013-05-29,38.9687,39.2262,38.9687,39.1844
ALCO,2013-05-30,39.1844,39.2446,38.9687,39.2096
ALCO,2013-05-31,38.9551,39.4456,38.9551,39.3534
ALCO,2013-06-03,39.3485,39.5593,38.9687,39.2776
ALCO,2013-06-04,39.4903,39.5593,39.0668,39.2601
ALCO,2013-06-05,38.7094,38.9445,38.4074,38.4424
ALCO,2013-06-06,38.22,38.724,37.4371,38.4346
ALCO,2013-06-07,38.5716,38.5716,38.0335,38.2471
ALCO,2013-06-10,38.2967,39.2028,38.2044,39.097
ALCO,2013-06-11,38.7988,38.8192,37.9481,38.4754
ALCO,2013-06-12,38.9192,39.1757,38.1772,38.8931
ALCO,2013-06-13,38.8931,39.0581,38.253,39.0047
ALCO,2013-06-14,38.8931,38.8931,38.4162,38.4162
ALCO,2013-06-17,38.6298,38.9445,37.4449,37.7752
ALCO,2013-06-18,37.7926,38.2792,37.6168,37.847
ALCO,2013-06-19,37.8121,38.1617,37.1011,37.5285
ALCO,2013-06-20,37.0769,37.1944,36.1211,36.5893
ALCO,2013-06-21,36.7689,37.1011,36.2853,36.294
ALCO,2013-06-24,35.9512,36.1726,35.2946,35.9939
ALCO,2013-06-25,36.3678,36.3678,35.2519,35.4811
ALCO,2013-06-26,35.3636,35.7045,33.8416,34.064
ALCO,2013-06-27,34.1514,34.8245,33.8592,34.1942
ALCO,2013-06-28,34.0106,34.6556,33.8678,34.269
ALCO,2013-07-01,34.4652,35.8842,34.4652,35.8336
ALCO,2013-07-02,35.7045,35.8599,34.5273,35.7229
ALCO,2013-07-03,35.4656,36.5339,35.4656,36.0541
ALCO,2013-07-05,36.3882,37.0642,36.1377,36.6864
ALCO,2013-07-08,36.8932,37.0642,36.6621,37.0039
ALCO,2013-07-09,37.1147,37.1147,36.4319,36.7622
ALCO,2013-07-10,36.8146,37.7878,36.4844,37.1292
ALCO,2013-07-11,37.4479,37.5935,36.972,37.406
ALCO,2013-07-12,37.1808,37.7616,36.8234,37.4235
ALCO,2013-07-15,37.7616,37.7616,35.4733,35.7977
ALCO,2013-07-16,35.7977,37.7616,35.7977,37.6954
ALCO,2013-07-17,37.8946,38.3705,37.5226,38.1908
ALCO,2013-07-18,38.4122,38.8211,37.4138,38.4307
ALCO,2013-07-19,38.4482,38.8124,37.611,38.7629
ALCO,2013-07-22,38.6454,39.129,38.2588,38.9591
ALCO,2013-07-23,39.2184,39.2766,38.7629,38.7862
ALCO,2013-07-24,38.8736,39.0203,38.7784,38.7959
ALCO,2013-07-25,38.8047,39.431,38.7551,39.4224
ALCO,2013-07-26,39.2009,39.4739,38.6531,38.6531
ALCO,2013-07-29,38.5502,39.6098,38.5502,39.0736
ALCO,2013-07-30,38.9173,39.1203,38.5502,38.5686
ALCO,2013-07-31,38.9678,39.2591,38.5104,39.1484
ALCO,2013-08-01,39.2437,40.0818,38.5006,39.8487
ALCO,2013-08-02,39.5748,39.9789,39.0115,39.3554
ALCO,2013-08-05,40.0284,40.0284,39.5156,39.6943
ALCO,2013-08-06,39.4224,40.6694,39.2339,40.1226
ALCO,2013-08-07,39.9934,40.2585,36.0473,37.1808
ALCO,2013-08-08,37.4401,37.4653,36.5621,37.3643
ALCO,2013-08-09,37.3818,37.6023,36.8059,37.4138
ALCO,2013-08-12,37.3138,38.1316,37.1633,37.3303
ALCO,2013-08-13,38.0723,38.0723,36.4319,36.9894
ALCO,2013-08-14,36.9962,37.4323,36.9195,36.9816
ALCO,2013-08-15,36.398,37.0039,36.0211,36.4484
ALCO,2013-08-16,36.4572,36.902,36.328,36.4844
ALCO,2013-08-19,36.2785,36.4484,35.6704,35.7141
ALCO,2013-08-20,35.6704,35.8511,34.9586,35.7821
ALCO,2013-08-21,35.6287,36.091,35.3112,35.5336
ALCO,2013-08-22,35.5336,36.0434,34.9683,35.4733
ALCO,2013-08-23,35.4063,35.8599,35.1528,35.2577
ALCO,2013-08-26,35.3878,35.7316,35.0741,35.2023
ALCO,2013-08-27,35.0741,35.3732,34.5886,34.6128
ALCO,2013-08-28,34.5701,34.7731,34.4729,34.5273
ALCO,2013-08-29,34.8245,34.9032,34.4827,34.74
ALCO,2013-08-30,34.7731,34.7964,34.3301,34.3953
ALCO,2013-09-03,34.7459,34.9003,34.1738,34.3748
ALCO,2013-09-04,34.3923,34.471,33.4852,33.9737
ALCO,2013-09-05,34.0068,34.6536,34.0068,34.4545
ALCO,2013-09-06,34.6478,34.8507,34.1865,34.6875
ALCO,2013-09-09,34.8595,35.1674,34.4574,35.0994
ALCO,2013-09-10,35.1596,35.5491,34.9003,35.1995
ALCO,2013-09-11,35.8764,38.1821,34.3457,35.9366
ALCO,2013-09-12,35.8928,36.226,35.8928,35.9871
ALCO,2013-09-13,36.0133,36.5029,35.8832,36.2173
ALCO,2013-09-16,36.5669,36.5669,35.9366,36.3882
ALCO,2013-09-17,36.4251,37.0691,36.3882,36.7388
ALCO,2013-09-18,36.8583,37.2963,36.5339,37.2963
ALCO,2013-09-19,37.4556,37.4556,36.7388,36.7622
ALCO,2013-09-20,36.7544,37.0729,36.6184,36.8942
ALCO,2013-09-23,36.5019,37.3303,36.5019,37.2341
ALCO,2013-09-24,37.0408,37.2798,36.7058,36.8437
ALCO,2013-09-25,36.9981,36.9981,36.0376,36.2444
ALCO,2013-09-26,36.5931,37.9635,34.6536,35.9774
ALCO,2013-09-27,35.7132,37.5789,35.7132,36.7058
ALCO,2013-09-30,36.5436,36.5436,35.2422,35.2422
ALCO,2013-10-01,35.249,35.7725,34.6943,35.2266
ALCO,2013-10-02,35.5413,35.5413,34.2418,34.2495
ALCO,2013-10-03,34.2418,34.2563,33.7795,33.8154
ALCO,2013-10-04,33.6659,34.2651,33.5629,34.1203
ALCO,2013-10-07,33.7795,34.5322,33.7543,34.1564
ALCO,2013-10-08,34.0164,34.6177,34.0164,34.2563
ALCO,2013-10-09,34.2418,34.7196,33.9737,34.0854
ALCO,2013-10-10,34.4176,35.1508,34.367,35.0984
ALCO,2013-10-11,35.01,35.8589,34.4011,35.1819
ALCO,2013-10-14,37.5964,37.5964,34.6672,35.081
ALCO,2013-10-15,34.9236,37.408,34.9236,36.4251
ALCO,2013-10-16,36.7398,37.5255,36.398,36.6971
ALCO,2013-10-17,36.7981,37.8266,36.6359,36.8068
ALCO,2013-10-18,34.6264,34.6264,29.2924,32.8957
ALCO,2013-10-21,32.8723,33.1637,32.4401,32.9394
ALCO,2013-10-22,32.9569,33.2122,32.614,32.8364
ALCO,2013-10-23,32.7481,33.1637,32.0574,32.2197
ALCO,2013-10-24,32.2197,32.9918,32.0662,32.4256
ALCO,2013-10-25,32.3129,33.2395,32.0079,33.0171
ALCO,2013-10-28,33.1443,33.8815,32.5373,33.3075
ALCO,2013-10-29,33.4707,34.3253,33.4707,34.2651
ALCO,2013-10-30,34.0427,34.7274,33.5629,33.9475
ALCO,2013-10-31,33.9475,34.8129,33.2569,34.2078
ALCO,2013-11-01,34.1291,34.6672,33.3851,34.2078
ALCO,2013-11-04,34.6672,34.6672,32.2896,33.897
ALCO,2013-11-05,33.5445,33.6571,32.3488,33.0666
ALCO,2013-11-06,33.3239,33.4949,32.5285,33.0171
ALCO,2013-11-07,33.2483,34.2166,32.4003,32.9132
ALCO,2013-11-08,32.8723,33.3492,32.6392,32.9054
ALCO,2013-11-11,32.817,32.817,31.7389,31.9449
ALCO,2013-11-12,31.972,32.5644,31.3029,31.467
ALCO,2013-11-13,31.3368,32.2712,30.4491,32.0847
ALCO,2013-11-14,31.8448,32.2712,31.7301,31.7301
ALCO,2013-11-15,31.6797,32.2469,31.6719,32.041
ALCO,2013-11-18,32.3488,32.3488,31.8856,31.9283
ALCO,2013-11-19,31.8011,32.5197,31.6719,31.7389
ALCO,2013-11-20,31.9808,32.2808,31.7389,32.0847
ALCO,2013-11-21,32.1264,32.7917,32.0944,32.2285
ALCO,2013-11-22,32.6306,32.9132,31.9283,32.3586
ALCO,2013-11-25,32.1021,32.5285,31.972,32.4256
ALCO,2013-11-26,32.4333,33.0598,32.3925,32.7082
ALCO,2013-11-27,32.8957,32.9481,32.3488,32.9481
ALCO,2013-11-29,33.1443,33.3686,33.1356,33.3686
ALCO,2013-12-02,33.4298,33.7707,33.1356,33.3143
ALCO,2013-12-03,33.2122,33.659,33.1803,33.2395
ALCO,2013-12-04,32.2964,33.0326,32.2964,32.5975
ALCO,2013-12-05,32.5558,34.0854,32.5558,32.5644
ALCO,2013-12-06,32.9753,33.9902,32.3586,32.7995
ALCO,2013-12-09,32.9296,32.9296,32.143,32.5644
ALCO,2013-12-10,32.4003,32.9753,32.0574,32.5285
ALCO,2013-12-11,32.2964,32.4003,32.0574,32.0662
ALCO,2013-12-12,32.0574,33.0423,32.0574,32.614
ALCO,2013-12-13,32.5975,33.2122,31.8856,32.4499
ALCO,2013-12-16,31.9283,33.154,31.9283,32.9481
ALCO,2013-12-17,32.1565,33.3755,32.1565,33.222
ALCO,2013-12-18,33.4104,33.5134,32.5975,32.921
ALCO,2013-12-19,32.782,33.3755,32.1342,33.1968
ALCO,2013-12-20,33.1015,34.6594,32.984,34.4545
ALCO,2013-12-23,34.436,34.5584,33.0171,34.4875
ALCO,2013-12-24,34.4098,34.4972,34.2418,34.3418
ALCO,2013-12-26,33.0598,34.6584,33.0598,34.4545
ALCO,2013-12-27,34.3923,34.5409,33.794,33.794
ALCO,2013-12-30,33.2764,34.1029,32.9705,33.4085
ALCO,2013-12-31,33.0209,33.6115,32.7112,33.3725
ALCO,2014-01-02,33.3901,33.5784,32.2488,32.4275
ALCO,2014-01-03,32.6082,33.4755,32.5042,33.0559
ALCO,2014-01-06,33.2861,33.6823,32.6169,33.355
ALCO,2014-01-07,33.2948,33.9038,32.5139,33.1676
ALCO,2014-01-08,32.7208,33.4162,32.7208,32.8665
ALCO,2014-01-09,33.4677,33.861,32.8841,33.2608
ALCO,2014-01-10,33.3036,33.9456,33.1929,33.56
ALCO,2014-01-13,33.5784,34.1893,33.1851,33.8795
ALCO,2014-01-14,33.7611,34.2563,33.6911,34.1815
ALCO,2014-01-15,34.2408,34.9246,34.1378,34.1378
ALCO,2014-01-16,34.5866,36.4737,34.1476,35.6656
ALCO,2014-01-17,35.7404,35.9239,34.8576,35.3888
ALCO,2014-01-21,35.2587,35.5976,34.7119,35.45
ALCO,2014-01-22,35.4412,35.6987,35.0216,35.0304
ALCO,2014-01-23,35.012,35.1159,34.471,34.7886
ALCO,2014-01-24,34.9333,34.9333,33.7251,34.0514
ALCO,2014-01-27,34.506,34.7808,33.5017,33.8951
ALCO,2014-01-28,33.7872,34.1466,32.9345,33.2861
ALCO,2014-01-29,32.9617,33.56,32.2032,32.2731
ALCO,2014-01-30,32.6713,32.8034,31.9914,32.2488
ALCO,2014-01-31,31.8962,32.3159,30.8978,31.3543
ALCO,2014-02-03,31.4495,32.0332,31.1232,31.5544
ALCO,2014-02-04,31.8186,32.3023,31.0727,31.1921
ALCO,2014-02-05,30.9522,31.3902,30.4957,30.8648
ALCO,2014-02-06,31.4582,31.4844,31.0814,31.467
ALCO,2014-02-07,31.2504,31.4243,30.5987,30.9522
ALCO,2014-02-10,31.0561,31.7574,30.9522,30.961
ALCO,2014-02-11,30.9959,32.0682,30.9959,31.9914
ALCO,2014-02-12,31.9982,32.6266,31.7399,32.411
ALCO,2014-02-13,32.3693,32.7208,32.1128,32.2828
ALCO,2014-02-14,32.342,32.5995,31.767,31.8535
ALCO,2014-02-18,32.0963,33.1316,31.9818,32.7208
ALCO,2014-02-19,33.355,33.355,31.973,32.0682
ALCO,2014-02-20,32.5227,32.5227,32.0963,32.1934
ALCO,2014-02-21,32.1585,32.5839,31.9381,31.9381
ALCO,2014-02-24,32.1497,32.8578,32.1497,32.6529
ALCO,2014-02-25,32.7112,32.8306,32.6266,32.6432
ALCO,2014-02-26,32.5839,32.7345,32.0963,32.4527
ALCO,2014-02-27,32.5227,32.5674,31.9128,32.2401
ALCO,2014-02-28,32.411,32.7363,32.3255,32.5917
ALCO,2014-03-03,32.1934,32.5917,32.1934,32.2032
ALCO,2014-03-04,32.4431,33.794,32.2303,33.1239
ALCO,2014-03-05,33.1394,33.4589,32.2216,32.2216
ALCO,2014-03-06,32.2488,33.2531,32.0584,32.1585
ALCO,2014-03-07,32.1284,32.7441,32.0584,32.2032
ALCO,2014-03-10,32.0429,32.8763,32.0429,32.3595
ALCO,2014-03-11,32.3771,32.5917,32.1284,32.1934
ALCO,2014-03-12,32.0584,32.5674,31.9215,32.1041
ALCO,2014-03-13,31.9215,33.1239,31.9215,31.9457
ALCO,2014-03-14,32.0245,32.3518,31.6884,32.1352
ALCO,2014-03-17,32.2488,32.6266,30.7221,32.6169
ALCO,2014-03-18,32.6082,32.7509,32.3071,32.6082
ALCO,2014-03-19,32.3159,32.9889,32.3023,32.9889
ALCO,2014-03-20,32.8034,33.3987,32.8034,33.1151
ALCO,2014-03-21,33.2181,33.5503,33.0209,33.5347
ALCO,2014-03-24,33.492,34.2097,33.2696,33.4589
ALCO,2014-03-25,33.7776,33.861,33.2531,33.4589
ALCO,2014-03-26,33.2686,33.6911,32.8306,32.8306
ALCO,2014-03-27,33.0704,33.1151,32.2964,32.5392
ALCO,2014-03-28,32.7034,33.1685,32.2964,32.3498
ALCO,2014-03-31,32.4605,33.1404,32.3925,32.4693
ALCO,2014-04-01,32.478,32.615,32.1857,32.3673
ALCO,2014-04-02,32.3139,32.6781,32.2285,32.5917
ALCO,2014-04-03,33.0559,33.0559,32.2634,32.3236
ALCO,2014-04-04,32.3139,32.3402,31.9963,32.04
ALCO,2014-04-07,32.4605,32.4605,31.9886,32.0128
ALCO,2014-04-08,32.2556,32.9714,32.1838,32.4421
ALCO,2014-04-09,32.2712,32.4703,32.2712,32.3586
ALCO,2014-04-10,32.3402,32.6607,31.9963,32.0565
ALCO,2014-04-11,31.9798,31.9886,30.6463,30.9552
ALCO,2014-04-14,30.7716,31.1862,30.181,30.9638
ALCO,2014-04-15,30.9192,30.9638,30.0577,30.2141
ALCO,2014-04-16,30.3268,30.8328,30.0315,30.3092
ALCO,2014-04-17,30.4006,31.4543,30.0577,30.3268
ALCO,2014-04-21,30.4006,31.2018,30.3695,31.0755
ALCO,2014-04-22,31.0066,31.8593,30.96,31.6515
ALCO,2014-04-23,31.6942,32.2469,31.3767,31.4971
ALCO,2014-04-24,31.6942,32.5995,31.0153,31.0328
ALCO,2014-04-25,31.0066,31.5583,30.1898,30.6958
ALCO,2014-04-28,30.4879,31.2456,30.1724,30.8415
ALCO,2014-04-29,30.9367,31.5243,30.1636,30.4375
ALCO,2014-04-30,30.7716,30.7716,30.0577,30.0752
ALCO,2014-05-01,29.9257,30.4093,29.3944,29.6012
ALCO,2014-05-02,29.4458,29.6973,29.0836,29.2409
ALCO,2014-05-05,29.2817,30.3607,29.2817,29.9684
ALCO,2014-05-06,29.8615,30.5064,29.102,29.102
ALCO,2014-05-07,29.5488,30.5064,29.4556,30.3433
ALCO,2014-05-08,30.4181,30.6006,29.9684,29.9761
ALCO,2014-05-09,30.0752,30.5647,29.9518,30.4277
ALCO,2014-05-12,30.5744,33.0219,30.5375,32.9529
ALCO,2014-05-13,32.7694,32.9898,32.1478,32.3236
ALCO,2014-05-14,32.4974,32.4974,31.9516,31.9516
ALCO,2014-05-15,32.0128,32.2381,31.6515,32.0215
ALCO,2014-05-16,31.8244,32.1915,31.2213,32.1012
ALCO,2014-05-19,32.1254,32.1478,31.2213,31.8593
ALCO,2014-05-20,31.7273,31.7273,31.1669,31.5068
ALCO,2014-05-21,31.6184,31.8244,31.3135,31.8244
ALCO,2014-05-22,31.4796,31.6942,31.4796,31.6942
ALCO,2014-05-23,31.5243,31.8671,31.5243,31.8418
ALCO,2014-05-27,31.9798,32.2634,31.8836,32.2634
ALCO,2014-05-28,32.3751,32.3751,32.0498,32.0498
ALCO,2014-05-29,32.1565,32.2381,31.7981,32.0498
ALCO,2014-05-30,32.1565,32.8034,32.0604,32.2896
ALCO,2014-06-02,32.175,32.3071,31.9186,31.9963
ALCO,2014-06-03,32.2012,32.5033,31.8739,31.9108
ALCO,2014-06-04,31.9186,31.9963,31.8059,31.9963
ALCO,2014-06-05,31.9439,32.2964,31.8332,32.2012
ALCO,2014-06-06,32.1196,32.5995,31.8836,32.5664
ALCO,2014-06-09,32.5149,34.4506,32.5149,34.4059
ALCO,2014-06-10,34.3224,34.3224,33.6396,34.1418
ALCO,2014-06-11,33.8989,34.0893,33.6571,33.7202
ALCO,2014-06-12,33.8475,34.2107,33.4007,33.5726
ALCO,2014-06-13,33.3735,33.7115,32.7277,33.1501
ALCO,2014-06-16,33.8416,33.8416,33.0889,33.2191
ALCO,2014-06-17,33.1151,33.5629,32.8917,33.5629
ALCO,2014-06-18,33.9679,33.9679,33.4774,33.5814
ALCO,2014-06-19,33.5891,33.6057,32.9714,33.0704
ALCO,2014-06-20,33.3055,34.269,33.1861,33.6299
ALCO,2014-06-23,33.865,34.0,33.2463,33.8746
ALCO,2014-06-24,33.8076,33.8076,32.3139,32.9433
ALCO,2014-06-25,32.9529,33.3288,32.6286,32.9529
ALCO,2014-06-26,33.3298,33.3298,32.1322,32.3304
ALCO,2014-06-27,31.8719,32.345,31.8651,32.3392
ALCO,2014-06-30,32.2624,32.5023,32.0478,32.3392
ALCO,2014-07-01,32.3488,33.2696,32.3488,33.256
ALCO,2014-07-02,33.3065,33.8853,33.3065,33.8853
ALCO,2014-07-03,33.9854,34.2874,33.7037,34.2874
ALCO,2014-07-07,34.0563,34.6594,33.5901,33.5901
ALCO,2014-07-08,33.5814,33.9854,33.3065,33.8261
ALCO,2014-07-09,34.3233,34.3826,33.7202,33.7202
ALCO,2014-07-10,33.358,34.4778,32.3839,32.8578
ALCO,2014-07-11,32.8578,33.8853,32.6072,33.1074
ALCO,2014-07-14,33.2375,34.0728,32.512,33.0569
ALCO,2014-07-15,33.0977,33.9601,32.6936,33.4541
ALCO,2014-07-16,32.7112,33.0792,32.7112,33.0297
ALCO,2014-07-17,32.6693,33.0297,32.1478,32.3226
ALCO,2014-07-18,32.1555,33.0297,32.1555,33.0141
ALCO,2014-07-21,32.6597,33.1501,32.4178,32.4178
ALCO,2014-07-22,32.7859,33.1598,32.21,33.0889
ALCO,2014-07-23,32.8841,34.0475,32.8209,33.7561
ALCO,2014-07-24,33.2375,33.6066,32.6324,32.6936
ALCO,2014-07-25,32.7694,32.7694,32.1177,32.141
ALCO,2014-07-28,32.2002,32.2371,31.9264,31.9778
ALCO,2014-07-29,32.2275,32.4178,31.9166,32.0556
ALCO,2014-07-30,32.1322,32.1322,31.9166,31.9166
ALCO,2014-07-31,31.9166,31.9166,31.7894,31.8409
ALCO,2014-08-01,31.8719,32.141,31.8409,31.9264
ALCO,2014-08-04,32.0283,32.1555,31.1232,31.7612
ALCO,2014-08-05,31.7971,32.073,31.6836,32.0196
ALCO,2014-08-06,31.8496,32.1245,31.771,31.9778
ALCO,2014-08-07,31.9166,32.3984,31.7971,31.9011
ALCO,2014-08-08,31.9088,32.5383,31.8137,32.1177
ALCO,2014-08-11,32.4003,33.4104,31.9594,32.9811
ALCO,2014-08-12,33.0141,33.1404,32.6072,33.0792
ALCO,2014-08-13,32.9529,33.4288,32.9083,33.2618
ALCO,2014-08-14,33.4852,33.4949,33.0141,33.2696
ALCO,2014-08-15,33.5134,33.5979,32.8841,33.2094
ALCO,2014-08-18,33.5289,34.0106,33.3133,33.7999
ALCO,2014-08-19,33.4288,33.6212,33.3065,33.3842
ALCO,2014-08-20,33.2094,33.3842,33.1773,33.2191
ALCO,2014-08-21,33.2094,33.3298,33.2094,33.2094
ALCO,2014-08-22,33.1404,33.2978,33.1326,33.1326
ALCO,2014-08-25,33.4288,33.4425,33.2094,33.2191
ALCO,2014-08-26,33.3395,33.4707,32.1245,33.0704
ALCO,2014-08-27,33.0141,33.1861,32.9714,33.1861
ALCO,2014-08-28,33.1685,33.358,32.9714,33.2793
ALCO,2014-08-29,33.0889,33.6765,33.0792,33.6765
ALCO,2014-09-02,33.729,34.0388,33.2793,34.0291
ALCO,2014-09-03,34.0563,34.0728,32.9957,33.2618
ALCO,2014-09-04,33.6212,33.7872,33.4386,33.5134
ALCO,2014-09-05,33.7872,33.7872,33.2191,33.2288
ALCO,2014-09-08,33.1404,33.2978,32.7277,33.2006
ALCO,2014-09-09,33.0385,33.2094,32.918,32.9957
ALCO,2014-09-10,33.3065,33.6494,33.0141,33.6212
ALCO,2014-09-11,33.3133,33.729,33.1404,33.3842
ALCO,2014-09-12,33.5542,33.7902,33.2094,33.2191
ALCO,2014-09-15,33.4192,33.6571,33.1861,33.323
ALCO,2014-09-16,33.3395,33.3395,32.8714,33.2288
ALCO,2014-09-17,33.358,33.6212,33.3065,33.3395
ALCO,2014-09-18,33.6406,33.6406,33.2978,33.5387
ALCO,2014-09-19,33.5387,33.6309,33.424,33.5901
ALCO,2014-09-22,33.323,33.323,33.0704,33.2618
ALCO,2014-09-23,33.2094,33.5046,33.0977,33.1773
ALCO,2014-09-24,33.1685,33.288,33.0385,33.1938
ALCO,2014-09-25,33.1074,33.2696,32.8841,32.9957
ALCO,2014-09-26,33.0054,33.0054,32.7024,32.9433
ALCO,2014-09-29,33.6775,33.6775,32.918,33.0054
ALCO,2014-09-30,32.7782,33.0889,32.7782,32.918
ALCO,2014-10-01,32.849,33.1773,32.7024,32.7102
ALCO,2014-10-02,32.8131,33.1501,32.6237,32.6237
ALCO,2014-10-03,32.6839,33.0385,32.581,32.5897
ALCO,2014-10-06,32.5897,32.7597,32.5897,32.6839
ALCO,2014-10-07,32.615,32.7363,32.2361,32.2361
ALCO,2014-10-08,32.2702,32.7441,32.0458,32.6499
ALCO,2014-10-09,32.6499,32.6499,31.9672,32.0361
ALCO,2014-10-10,31.9399,32.1633,31.5107,31.6816
ALCO,2014-10-13,31.7953,32.2702,31.535,31.839
ALCO,2014-10-14,32.0458,32.0983,31.5622,31.7253
ALCO,2014-10-15,31.6389,31.9322,31.2251,31.5446
ALCO,2014-10-16,31.4397,32.2265,31.1066,31.6311
ALCO,2014-10-17,32.2265,32.2265,31.3796,31.5107
ALCO,2014-10-20,31.535,31.7418,31.163,31.4748
ALCO,2014-10-21,31.5107,31.839,31.4068,31.5699
ALCO,2014-10-22,31.1066,31.4573,31.0532,31.0892
ALCO,2014-10-23,31.129,31.2484,30.4618,30.8075
ALCO,2014-10-24,30.894,31.1144,30.5763,30.689
ALCO,2014-10-27,30.62,30.62,29.9508,29.9684
ALCO,2014-10-28,30.3092,31.2484,30.3092,31.2484
ALCO,2014-10-29,31.163,31.8292,31.1358,31.5787
ALCO,2014-10-30,31.5952,31.9672,31.163,31.8117
ALCO,2014-10-31,31.9924,31.9924,31.8797,31.8797
ALCO,2014-11-03,31.5952,32.1158,31.5952,32.0614
ALCO,2014-11-04,31.9575,31.9672,31.6214,31.8292
ALCO,2014-11-05,31.9672,31.9672,31.4748,31.4748
ALCO,2014-11-06,31.4485,31.8205,31.1144,31.5787
ALCO,2014-11-07,31.4233,32.0983,31.4233,32.0983
ALCO,2014-11-10,31.8642,31.9672,31.6816,31.9575
ALCO,2014-11-11,31.9672,32.7859,31.7953,32.6499
ALCO,2014-11-12,32.2614,32.8131,31.9399,32.8131
ALCO,2014-11-13,32.3294,32.8578,31.4786,32.3994
ALCO,2014-11-14,32.2702,32.7441,32.209,32.5013
ALCO,2014-11-17,32.5732,32.8131,32.4499,32.7441
ALCO,2014-11-18,32.7024,32.7509,32.3041,32.7277
ALCO,2014-11-19,32.4858,32.4858,31.7496,31.7594
ALCO,2014-11-20,31.7418,31.8292,31.4019,31.5952
ALCO,2014-11-21,31.3611,31.9575,31.266,31.5622
ALCO,2014-11-24,31.5787,31.5874,31.4068,31.5874
ALCO,2014-11-25,31.9399,32.0895,31.6738,31.7778
ALCO,2014-11-26,31.7496,31.7496,31.3533,31.5272
ALCO,2014-11-28,31.5272,31.5272,30.8862,30.8862
ALCO,2014-12-01,30.8765,30.8862,30.3005,30.3433
ALCO,2014-12-02,30.6385,31.0532,30.318,30.9658
ALCO,2014-12-03,32.8034,36.6592,32.8034,35.3403
ALCO,2014-12-04,34.6128,35.4209,34.1893,34.9634
ALCO,2014-12-05,34.7828,36.1153,34.5603,35.6734
ALCO,2014-12-08,35.5277,37.0127,34.7643,36.5717
ALCO,2014-12-09,36.6776,37.3507,36.2959,37.1409
ALCO,2014-12-10,37.0312,38.8785,36.6776,36.6776
ALCO,2014-12-11,36.5717,37.7985,36.5717,36.8748
ALCO,2014-12-12,36.1211,36.7185,34.9993,36.4183
ALCO,2014-12-15,36.7592,37.3691,36.5047,37.1749
ALCO,2014-12-16,37.2817,37.5654,37.2642,37.5294
ALCO,2014-12-17,37.5294,38.827,37.5294,38.7755
ALCO,2014-12-18,38.7755,40.5732,38.7668,40.5024
ALCO,2014-12-19,40.4091,41.7835,39.3981,41.4697
ALCO,2014-12-22,41.4969,43.25,41.3959,43.25
ALCO,2014-12-23,42.8625,44.7777,42.8625,43.5277
ALCO,2014-12-24,43.8997,43.925,42.8595,43.0945
ALCO,2014-12-26,43.5627,43.6909,43.2247,43.6637
ALCO,2014-12-29,43.7355,43.7706,43.1733,43.6637
ALCO,2014-12-30,43.6725,43.8103,43.1888,43.8103
ALCO,2014-12-31,43.6909,43.6909,42.3565,43.2772
ALCO,2015-01-02,43.249,43.2772,42.5789,43.2772
ALCO,2015-01-05,43.0761,44.7272,42.9994,44.2106
ALCO,2015-01-06,44.5329,45.2546,44.1066,44.7709
ALCO,2015-01-07,45.1721,47.671,44.8855,47.6613
ALCO,2015-01-08,47.402,47.5749,46.1472,47.4885
ALCO,2015-01-09,46.5192,47.5691,46.5192,47.2126
ALCO,2015-01-12,47.1776,47.2029,43.2072,46.0345
ALCO,2015-01-13,45.9063,47.671,44.8953,47.671
ALCO,2015-01-14,47.5749,50.2555,46.4239,50.1691
ALCO,2015-01-15,50.0904,50.1525,46.5551,46.7202
ALCO,2015-01-16,46.9183,47.6011,45.3964,46.7959
ALCO,2015-01-20,45.5158,46.3822,45.2623,45.4829
ALCO,2015-01-21,45.714,46.087,44.8137,45.2128
ALCO,2015-01-22,45.5256,45.8431,44.2455,45.3439
ALCO,2015-01-23,45.3964,45.6197,44.8418,45.1429
ALCO,2015-01-26,45.1351,45.5838,44.7525,45.1721
ALCO,2015-01-27,44.7359,45.0574,44.1153,44.5068
ALCO,2015-01-28,44.1153,44.1765,43.5355,43.5355
ALCO,2015-01-29,43.5103,43.5783,43.249,43.5277
ALCO,2015-01-30,43.249,43.2937,41.122,41.122
ALCO,2015-02-02,41.6038,41.6571,40.2896,40.6889
ALCO,2015-02-03,40.7695,42.0806,40.0236,40.6636
ALCO,2015-02-04,40.3965,41.8339,39.5728,40.9492
ALCO,2015-02-05,41.2356,41.8495,40.1275,41.3774
ALCO,2015-02-06,41.088,41.7213,40.1712,40.6461
ALCO,2015-02-09,41.3842,41.6668,39.9827,40.6538
ALCO,2015-02-10,39.7904,41.7388,38.2947,39.9556
ALCO,2015-02-11,40.0585,40.1032,38.9765,39.0484
ALCO,2015-02-12,39.2359,39.4709,38.0169,38.0257
ALCO,2015-02-13,38.7017,39.5728,37.8907,39.2708
ALCO,2015-02-17,39.5467,41.2356,39.4272,40.2635
ALCO,2015-02-18,41.3056,43.0859,40.4227,41.4939
ALCO,2015-02-19,41.5542,42.3982,41.4853,41.9339
ALCO,2015-02-20,41.5202,41.8242,41.4755,41.528
ALCO,2015-02-23,41.4853,41.9553,39.7206,39.9963
ALCO,2015-02-24,40.3256,40.5082,39.9556,39.9556
ALCO,2015-02-25,39.5126,40.8277,39.2708,40.4664
ALCO,2015-02-26,39.9556,40.1867,39.7652,39.8439
ALCO,2015-02-27,40.2032,40.2207,39.504,39.504
ALCO,2015-03-02,40.3256,40.5354,39.5292,39.6438
ALCO,2015-03-03,39.6175,39.9051,39.2796,39.3524
ALCO,2015-03-04,38.5443,39.4787,38.5443,38.9503
ALCO,2015-03-05,38.8201,39.2523,38.5036,38.6492
ALCO,2015-03-06,38.5036,39.2455,38.2074,38.6842
ALCO,2015-03-09,38.7687,39.1135,38.6396,38.6657
ALCO,2015-03-10,38.2355,39.0572,38.1102,38.3113
ALCO,2015-03-11,38.2947,38.8639,38.2947,38.5618
ALCO,2015-03-12,38.522,40.077,38.4938,40.0585
ALCO,2015-03-13,38.9591,40.212,38.9591,39.8866
ALCO,2015-03-16,40.077,40.1712,39.5204,40.0682
ALCO,2015-03-17,39.7118,39.8953,39.3602,39.367
ALCO,2015-03-18,39.1406,39.8157,39.1406,39.4709
ALCO,2015-03-19,39.5379,39.9147,39.0309,39.6175
ALCO,2015-03-20,39.9216,41.2765,39.4787,41.2065
ALCO,2015-03-23,41.1734,44.2192,40.7937,43.4511
ALCO,2015-03-24,43.0159,45.1177,43.0159,44.6679
ALCO,2015-03-25,44.7107,44.9807,43.2413,44.194
ALCO,2015-03-26,43.4345,44.3203,43.4345,44.1591
ALCO,2015-03-27,44.0105,44.568,43.9599,44.2038
ALCO,2015-03-30,44.8963,45.6907,44.5243,45.6558
ALCO,2015-03-31,45.4595,45.5945,43.9599,44.3902
ALCO,2015-04-01,44.2192,45.0341,43.7861,44.4523
ALCO,2015-04-02,44.0386,45.3293,43.6122,43.8997
ALCO,2015-04-06,44.33,45.173,43.5714,44.0201
ALCO,2015-04-07,44.1066,44.5427,43.147,44.0813
ALCO,2015-04-08,44.3737,44.3737,42.8158,43.7784
ALCO,2015-04-09,44.0105,44.7544,42.5177,43.3015
ALCO,2015-04-10,43.5618,43.9512,42.7225,43.6627
ALCO,2015-04-13,43.5267,43.5267,42.7478,43.1111
ALCO,2015-04-14,43.3617,44.7631,43.1976,44.194
ALCO,2015-04-15,44.194,45.2896,44.194,45.1264
ALCO,2015-04-16,44.7631,45.6761,43.7433,44.1853
ALCO,2015-04-17,43.7347,44.4174,42.9557,42.9634
ALCO,2015-04-20,43.1878,43.1878,42.7225,43.0576
ALCO,2015-04-21,43.1976,43.1976,42.9373,42.9634
ALCO,2015-04-22,43.18,43.18,41.628,41.6465
ALCO,2015-04-23,41.5677,42.2632,41.1628,41.3648
ALCO,2015-04-24,41.1871,41.8135,40.7121,40.7986
ALCO,2015-04-27,40.7646,41.2482,39.8993,40.445
ALCO,2015-04-28,40.616,40.616,39.8993,40.513
ALCO,2015-04-29,40.312,41.0928,40.312,40.9199
ALCO,2015-04-30,40.7025,41.0667,39.9934,40.5033
ALCO,2015-05-01,40.6684,40.9637,40.1741,40.8151
ALCO,2015-05-04,41.0928,41.7096,40.7471,41.5085
ALCO,2015-05-05,41.2638,41.7446,39.9245,39.9332
ALCO,2015-05-06,40.7723,43.2927,40.7723,42.0777
ALCO,2015-05-07,42.3302,43.1276,42.1058,42.8256
ALCO,2015-05-08,43.2927,43.2927,41.6552,41.8222
ALCO,2015-05-11,41.9223,42.4497,41.5677,41.8135
ALCO,2015-05-12,41.8563,41.8563,40.8151,41.1104
ALCO,2015-05-13,41.292,41.9135,41.0978,41.5677
ALCO,2015-05-14,41.9913,42.4759,41.628,42.3497
ALCO,2015-05-15,42.7877,42.7877,42.2117,42.7877
ALCO,2015-05-18,42.372,42.9897,42.372,42.6886
ALCO,2015-05-19,42.4157,42.4235,41.9135,42.2117
ALCO,2015-05-20,42.0446,42.0446,41.1929,41.8397
ALCO,2015-05-21,42.2457,42.372,41.8874,42.1864
ALCO,2015-05-22,41.9815,42.7721,41.9815,42.7654
ALCO,2015-05-26,42.4565,42.5128,41.7601,41.9038
ALCO,2015-05-27,42.3497,42.6886,41.8563,42.6789
ALCO,2015-05-28,42.339,43.0402,42.339,43.0402
ALCO,2015-05-29,42.7051,43.2403,42.4662,42.7313
ALCO,2015-06-01,43.0052,43.0052,42.5128,42.8256
ALCO,2015-06-02,42.7051,43.1976,42.4331,42.8352
ALCO,2015-06-03,43.1723,43.1723,42.9188,43.1111
ALCO,2015-06-04,42.9984,43.1111,42.5206,42.6527
ALCO,2015-06-05,43.0052,43.0052,42.4331,42.8352
ALCO,2015-06-08,42.6352,43.2927,42.6352,43.1373
ALCO,2015-06-09,42.9897,43.7171,42.9897,43.2227
ALCO,2015-06-10,43.855,44.8584,43.3889,44.7535
ALCO,2015-06-11,44.9603,44.9603,40.8578,42.9557
ALCO,2015-06-12,42.539,43.1276,41.5426,41.9495
ALCO,2015-06-15,42.0175,43.4501,41.4998,42.5992
ALCO,2015-06-16,42.4331,43.147,41.965,42.8411
ALCO,2015-06-17,42.6449,43.3976,41.9038,42.8352
ALCO,2015-06-18,42.6527,43.1723,42.4331,42.9022
ALCO,2015-06-19,43.0314,43.248,42.4565,42.5206
ALCO,2015-06-22,42.9897,43.0674,42.1243,42.4157
ALCO,2015-06-23,42.2534,42.5128,41.1347,41.8942
ALCO,2015-06-24,41.5241,42.4331,40.8151,40.8238
ALCO,2015-06-25,41.1347,41.9738,40.7549,41.1793
ALCO,2015-06-26,41.0754,41.7193,40.7462,40.7636
ALCO,2015-06-29,40.8481,41.0055,39.9235,39.9973
ALCO,2015-06-30,40.5208,41.024,38.6027,39.3339
ALCO,2015-07-01,39.2455,40.2246,39.2455,39.8079
ALCO,2015-07-02,39.7477,39.87,39.0892,39.6011
ALCO,2015-07-06,39.2106,39.7671,39.2106,39.7477
ALCO,2015-07-07,39.7137,40.7539,38.8717,40.4518
ALCO,2015-07-08,39.6098,40.6578,39.297,39.4729
ALCO,2015-07-09,40.0255,40.0255,39.0309,39.4456
ALCO,2015-07-10,40.006,40.7539,39.4456,40.5635
ALCO,2015-07-13,40.5976,41.2318,39.6098,39.8273
ALCO,2015-07-14,39.8614,41.0841,39.7866,40.7374
ALCO,2015-07-15,41.0142,41.0841,40.5635,40.8753
ALCO,2015-07-16,41.0501,42.0534,40.6674,41.4464
ALCO,2015-07-17,41.1628,41.8883,39.8885,41.6834
ALCO,2015-07-20,42.2039,42.4351,41.6018,41.7193
ALCO,2015-07-21,42.2476,42.2476,40.4781,41.0579
ALCO,2015-07-22,40.9035,42.1612,40.885,41.6377
ALCO,2015-07-23,41.6193,41.9738,40.0158,40.0789
ALCO,2015-07-24,40.2673,42.1874,39.9069,39.9749
ALCO,2015-07-27,40.1478,40.4091,38.8804,39.2796
ALCO,2015-07-28,39.7059,39.941,39.1057,39.3437
ALCO,2015-07-29,39.6283,39.6516,39.0212,39.0484
ALCO,2015-07-30,39.0212,39.0397,36.4533,37.206
ALCO,2015-07-31,37.4915,39.0824,37.1196,38.8639
ALCO,2015-08-03,39.0659,39.1931,37.7693,37.8256
ALCO,2015-08-04,38.1782,38.3249,37.2963,37.2963
ALCO,2015-08-05,37.0777,37.5974,37.0341,37.1283
ALCO,2015-08-06,37.0777,38.1529,36.8408,37.2245
ALCO,2015-08-07,36.9923,37.0263,32.2226,36.1658
ALCO,2015-08-10,35.1712,36.09,34.2505,35.1188
ALCO,2015-08-11,34.4224,34.7701,33.6085,34.0339
ALCO,2015-08-12,33.929,36.7058,32.9938,36.6718
ALCO,2015-08-13,36.4979,38.6483,36.4115,38.5347
ALCO,2015-08-14,38.6113,38.9591,37.0079,37.678
ALCO,2015-08-17,37.2963,39.0125,35.6394,38.6735
ALCO,2015-08-18,38.1083,38.284,36.7213,36.9661
ALCO,2015-08-19,36.8787,37.339,36.3736,36.4203
ALCO,2015-08-20,36.4814,37.2526,36.193,36.7213
ALCO,2015-08-21,36.1842,37.0603,36.0639,36.7301
ALCO,2015-08-24,35.4034,36.2639,34.6943,35.0148
ALCO,2015-08-25,36.0725,36.0725,34.9605,35.4907
ALCO,2015-08-26,36.0396,36.5145,35.2063,36.1571
ALCO,2015-08-27,35.9327,36.6806,35.9075,36.6806
ALCO,2015-08-28,36.4281,36.7058,36.2464,36.6359
ALCO,2015-08-31,36.6,36.7135,36.09,36.4814
ALCO,2015-09-01,36.09,36.7213,35.9764,36.1231
ALCO,2015-09-02,36.4349,36.6864,35.8978,36.3056
ALCO,2015-09-03,36.4533,36.7213,35.8715,36.7135
ALCO,2015-09-04,36.4718,36.7058,35.6987,35.8793
ALCO,2015-09-08,36.532,37.3138,36.1842,36.3493
ALCO,2015-09-09,36.4203,36.6359,35.1712,35.6987
ALCO,2015-09-10,35.8026,36.4349,35.1878,35.7336
ALCO,2015-09-11,35.6054,36.4281,35.3335,36.4281
ALCO,2015-09-14,36.4203,36.6806,35.9676,36.2377
ALCO,2015-09-15,36.1571,37.3565,36.0114,36.8175
ALCO,2015-09-16,36.7058,37.5372,36.4436,36.4436
ALCO,2015-09-17,36.532,37.1118,36.4203,36.6621
ALCO,2015-09-18,36.0396,36.7398,35.6646,36.1842
ALCO,2015-09-21,36.8272,37.5469,36.3319,37.4828
ALCO,2015-09-22,37.0438,37.1118,36.4203,36.6718
ALCO,2015-09-23,36.7825,36.9564,36.532,36.7641
ALCO,2015-09-24,36.7476,36.8787,36.1085,36.2279
ALCO,2015-09-25,36.4115,36.6,35.2985,35.551
ALCO,2015-09-28,35.4034,36.6455,35.3607,35.4568
ALCO,2015-09-29,35.4034,36.464,34.7934,35.1548
ALCO,2015-09-30,35.518,36.1182,35.1955,35.247
ALCO,2015-10-01,35.2538,36.3328,35.1548,35.3519
ALCO,2015-10-02,35.0663,36.4824,34.8206,35.518
ALCO,2015-10-05,35.4568,37.5119,35.4568,37.1924
ALCO,2015-10-06,36.5514,37.1477,36.194,36.2979
ALCO,2015-10-07,36.4824,37.271,36.2649,36.9865
ALCO,2015-10-08,37.1147,37.5576,36.6009,37.479
ALCO,2015-10-09,37.3847,37.982,37.3847,37.7567
ALCO,2015-10-12,37.6974,38.1044,35.2334,38.0267
ALCO,2015-10-13,37.914,37.9908,37.7207,37.8198
ALCO,2015-10-14,37.9985,37.9985,36.3503,36.8466
ALCO,2015-10-15,36.9865,37.6722,36.6455,37.4702
ALCO,2015-10-16,37.6722,38.5065,37.4527,38.2617
ALCO,2015-10-19,38.1655,38.5909,36.4921,38.0791
ALCO,2015-10-20,38.4696,38.6958,37.7207,38.1209
ALCO,2015-10-21,37.8538,38.5744,36.9166,37.8003
ALCO,2015-10-22,38.2967,38.4783,37.9325,38.4162
ALCO,2015-10-23,38.4531,39.7894,38.0967,39.6165
ALCO,2015-10-26,39.5554,39.5554,37.8907,38.2092
ALCO,2015-10-27,38.2092,38.2092,37.1924,37.4371
ALCO,2015-10-28,37.7207,38.7891,37.3497,37.982
ALCO,2015-10-29,38.0082,38.2967,36.9943,37.271
ALCO,2015-10-30,37.5915,37.5915,36.5757,37.071
ALCO,2015-11-02,36.8535,37.4702,36.4737,36.9943
ALCO,2015-11-03,36.4737,37.7634,36.393,36.698
ALCO,2015-11-04,36.4737,36.7835,36.4737,36.6369
ALCO,2015-11-05,36.7145,36.8631,36.3746,36.8194
ALCO,2015-11-06,36.4213,36.9078,36.3503,36.9078
ALCO,2015-11-09,36.9078,37.0011,36.4824,36.8631
ALCO,2015-11-10,36.4999,36.7923,36.4291,36.5242
ALCO,2015-11-11,36.766,37.1739,36.3328,36.6728
ALCO,2015-11-12,36.6281,37.105,35.281,35.4296
ALCO,2015-11-13,35.3782,36.7145,34.8381,35.1363
ALCO,2015-11-16,34.942,36.1094,34.942,35.959
ALCO,2015-11-17,36.4737,36.5077,35.2382,35.3782
ALCO,2015-11-18,35.6394,35.9502,33.9524,34.1991
ALCO,2015-11-19,34.1728,35.0936,34.1728,34.942
ALCO,2015-11-20,35.1548,35.3607,34.675,35.3247
ALCO,2015-11-23,35.6889,36.0123,35.6889,35.82
ALCO,2015-11-24,35.7773,35.8473,35.179,35.8473
ALCO,2015-11-25,35.6394,37.0807,35.3072,36.8631
ALCO,2015-11-27,36.4921,37.0622,36.4921,36.9943
ALCO,2015-11-30,36.9943,37.0807,36.7068,37.0622
ALCO,2015-12-01,36.7068,36.9078,36.4213,36.6884
ALCO,2015-12-02,36.124,37.0622,35.4995,35.82
ALCO,2015-12-03,36.3746,37.0098,36.092,36.4125
ALCO,2015-12-04,36.0735,36.9943,36.0735,36.5931
ALCO,2015-12-07,36.698,36.9243,36.0492,36.0648
ALCO,2015-12-08,34.4302,36.0405,34.4302,35.6054
ALCO,2015-12-09,35.3431,35.4568,34.6935,34.8469
ALCO,2015-12-10,34.7934,35.5092,34.7934,35.2382
ALCO,2015-12-11,34.2563,35.3868,34.2563,34.7362
ALCO,2015-12-14,34.8206,35.08,34.7099,34.7623
ALCO,2015-12-15,34.7362,35.1363,34.6935,34.8556
ALCO,2015-12-16,34.9099,35.3937,34.44,35.146
ALCO,2015-12-17,35.3937,35.3937,34.7362,34.7362
ALCO,2015-12-18,34.5351,35.0042,34.1281,34.2914
ALCO,2015-12-21,34.1815,34.5351,34.0582,34.301
ALCO,2015-12-22,33.9524,34.607,33.6843,34.3108
ALCO,2015-12-23,33.9611,34.0126,33.2337,33.3103
ALCO,2015-12-24,33.355,33.355,33.0423,33.2054
ALCO,2015-12-28,32.9996,33.22,32.6072,32.7888
ALCO,2015-12-29,32.9656,33.5901,32.9656,33.5901
ALCO,2015-12-30,33.5901,33.6581,33.4765,33.4765
ALCO,2015-12-31,33.4599,33.9029,33.3512,33.6503
ALCO,2016-01-04,33.2676,33.5387,32.6373,32.7626
ALCO,2016-01-05,32.7888,33.3113,31.8069,32.0973
ALCO,2016-01-06,31.7729,32.6286,31.7729,32.1138
ALCO,2016-01-07,31.8341,32.4761,31.0882,31.3106
ALCO,2016-01-08,31.5039,31.8069,30.4618,30.6706
ALCO,2016-01-11,30.9105,31.3727,29.8285,30.1471
ALCO,2016-01-12,30.5113,30.9201,29.5818,29.9013
ALCO,2016-01-13,29.4235,29.8858,28.9884,29.1283
ALCO,2016-01-14,29.1205,29.5196,28.798,29.0593
ALCO,2016-01-15,28.5018,29.2302,27.2499,27.582
ALCO,2016-01-19,27.9385,28.3027,26.7798,26.9896
ALCO,2016-01-20,26.7895,27.6665,25.8834,27.5034
ALCO,2016-01-21,26.9808,27.8326,26.1048,27.5355
ALCO,2016-01-22,27.752,28.1007,27.4859,27.8754
ALCO,2016-01-25,27.7355,28.0696,26.5079,26.5972
ALCO,2016-01-26,26.8245,26.9449,26.233,26.605
ALCO,2016-01-27,26.5544,26.5544,26.0951,26.0951
ALCO,2016-01-28,26.1194,26.4846,25.9678,26.1048
ALCO,2016-01-29,26.233,26.5749,25.9979,26.4136
ALCO,2016-02-01,26.468,27.2654,26.3797,26.7604
ALCO,2016-02-02,26.4593,26.4593,25.5347,25.7037
ALCO,2016-02-03,25.9086,25.9086,25.321,25.4415
ALCO,2016-02-04,25.2229,25.2229,24.0934,24.2226
ALCO,2016-02-05,24.1788,24.1788,23.397,23.4047
ALCO,2016-02-08,23.4009,25.6784,22.1791,23.4835
ALCO,2016-02-09,22.4471,23.1881,22.2238,22.2325
ALCO,2016-02-10,22.7521,23.8574,21.371,21.371
ALCO,2016-02-11,21.1894,22.0402,19.7889,19.8064
ALCO,2016-02-12,19.8413,19.986,19.4636,19.8413
ALCO,2016-02-16,19.5801,19.8326,18.9342,19.3431
ALCO,2016-02-17,19.5616,19.9773,18.4039,18.5447
ALCO,2016-02-18,18.6991,18.8992,18.2573,18.8381
ALCO,2016-02-19,18.8992,19.9773,18.7448,19.4664
ALCO,2016-02-22,19.6937,20.188,19.4412,19.8908
ALCO,2016-02-23,19.8064,20.0482,19.7179,19.7801
ALCO,2016-02-24,19.7354,20.5775,19.614,20.3697
ALCO,2016-02-25,20.5348,20.7008,20.1706,20.4648
ALCO,2016-02-26,20.4124,20.6416,20.1628,20.3356
ALCO,2016-02-29,20.4387,21.0738,20.1978,20.8805
ALCO,2016-03-01,20.3522,21.4118,20.3522,21.3972
ALCO,2016-03-02,21.2311,22.3791,20.9078,22.1198
ALCO,2016-03-03,22.2995,24.0224,22.2995,23.6942
ALCO,2016-03-04,23.6767,24.2226,22.9793,23.1435
ALCO,2016-03-07,23.4009,23.7262,22.518,22.7978
ALCO,2016-03-08,22.7433,23.3698,22.2558,22.2645
ALCO,2016-03-09,22.3442,22.6151,21.371,21.7002
ALCO,2016-03-10,21.642,21.7439,21.1166,21.5885
ALCO,2016-03-11,21.5789,21.9363,21.5429,21.8538
ALCO,2016-03-14,21.9266,21.9537,21.4992,21.8634
ALCO,2016-03-15,21.7439,21.7439,21.4575,21.5973
ALCO,2016-03-16,21.7002,21.9703,21.5701,21.9091
ALCO,2016-03-17,22.4296,23.3261,22.3393,23.2746
ALCO,2016-03-18,23.4494,24.0147,23.2581,23.9011
ALCO,2016-03-21,24.0322,25.1375,24.0147,25.0316
ALCO,2016-03-22,24.7897,24.8742,24.5334,24.7276
ALCO,2016-03-23,24.8431,24.8431,23.9175,23.9438
ALCO,2016-03-24,23.9797,24.0749,23.3086,23.7019
ALCO,2016-03-28,24.0147,24.4236,23.7107,24.1031
ALCO,2016-03-29,24.2313,24.3274,23.8738,24.1293
ALCO,2016-03-30,24.1293,24.1293,23.936,24.1031
ALCO,2016-03-31,24.1546,24.1546,24.0593,24.0671
ALCO,2016-04-01,23.8477,24.1371,23.7272,24.0593
ALCO,2016-04-04,24.0749,24.3002,23.9895,24.0671
ALCO,2016-04-05,23.936,24.0156,23.5884,23.6301
ALCO,2016-04-06,23.5971,23.9526,23.5437,23.6582
ALCO,2016-04-07,23.4553,23.8,22.7948,22.9862
ALCO,2016-04-08,23.0377,23.3115,22.6812,22.6967
ALCO,2016-04-11,22.9677,23.2047,22.6793,22.7948
ALCO,2016-04-12,22.8026,23.1163,22.6793,23.0114
ALCO,2016-04-13,22.8969,23.6136,22.8969,23.5971
ALCO,2016-04-14,23.6495,23.8292,23.4903,23.6495
ALCO,2016-04-15,23.464,24.1031,23.3854,23.8477
ALCO,2016-04-18,23.7515,25.052,23.7515,24.9985
ALCO,2016-04-19,24.885,25.016,24.0934,24.1468
ALCO,2016-04-20,24.006,24.1963,24.006,24.0322
ALCO,2016-04-21,24.0419,24.2226,23.4038,23.4038
ALCO,2016-04-22,23.7447,27.9832,23.6213,24.7295
ALCO,2016-04-25,24.6742,25.2326,24.1876,24.3196
ALCO,2016-04-26,23.8816,25.3375,23.5087,25.2734
ALCO,2016-04-27,25.2259,25.8426,25.2259,25.7076
ALCO,2016-04-28,25.6202,26.1087,25.3084,25.4259
ALCO,2016-04-29,26.7584,26.7584,24.7295,25.1977
ALCO,2016-05-02,25.9232,26.569,25.052,25.2259
ALCO,2016-05-03,25.052,25.6289,25.052,25.0782
ALCO,2016-05-04,25.052,25.9678,24.9985,25.052
ALCO,2016-05-05,25.2695,25.2773,23.7272,24.0224
ALCO,2016-05-06,24.1245,24.1361,23.5349,23.7603
ALCO,2016-05-09,23.7603,24.442,23.7603,24.3634
ALCO,2016-05-10,24.1963,24.3712,23.5533,23.8195
ALCO,2016-05-11,24.2488,24.546,23.8467,24.31
ALCO,2016-05-12,24.5625,25.0947,24.5334,24.8451
ALCO,2016-05-13,24.8762,26.5963,24.8762,26.4369
ALCO,2016-05-16,26.6711,26.7458,26.03,26.5865
ALCO,2016-05-17,26.5175,26.5175,25.3637,25.6017
ALCO,2016-05-18,25.593,25.8523,24.4965,25.2064
ALCO,2016-05-19,24.5217,25.2133,24.006,24.7013
ALCO,2016-05-20,24.7907,25.7076,24.3974,25.2259
ALCO,2016-05-23,25.2006,25.6706,24.9209,25.1579
ALCO,2016-05-24,25.1142,26.0727,24.6479,25.6104
ALCO,2016-05-25,25.6289,26.2961,25.5123,26.132
ALCO,2016-05-26,26.403,26.4729,26.0242,26.1087
ALCO,2016-05-27,25.3055,25.6531,25.2967,25.6377
ALCO,2016-05-31,25.7494,26.978,25.7494,26.5438
ALCO,2016-06-01,26.6982,26.6982,25.6794,26.4117
ALCO,2016-06-02,25.9678,26.8138,25.9678,26.5273
ALCO,2016-06-03,26.3719,26.569,24.8762,25.0607
ALCO,2016-06-06,25.5842,26.3408,25.251,26.332
ALCO,2016-06-07,26.2097,26.403,26.03,26.065
ALCO,2016-06-08,26.0378,26.569,25.9309,26.1398
ALCO,2016-06-09,26.0912,26.269,25.7484,25.8872
ALCO,2016-06-10,25.4541,26.2466,25.3988,26.2466
ALCO,2016-06-13,25.9678,26.3049,25.6706,26.065
ALCO,2016-06-14,26.0484,26.8817,25.6377,26.8196
ALCO,2016-06-15,26.7497,27.5345,26.7371,27.214
ALCO,2016-06-16,27.2227,27.7511,26.2592,27.6879
ALCO,2016-06-17,27.6412,27.8414,27.3208,27.3626
ALCO,2016-06-20,27.4567,28.4678,27.4567,27.8414
ALCO,2016-06-21,27.6753,27.9308,26.7526,27.0478
ALCO,2016-06-22,27.0722,27.3344,25.9134,26.1087
ALCO,2016-06-23,26.2622,26.4729,24.6742,25.1579
ALCO,2016-06-24,24.1128,26.8109,24.1128,25.7736
ALCO,2016-06-27,25.3473,25.3473,24.2041,24.3196
ALCO,2016-06-28,24.4245,24.9131,24.2138,24.4022
ALCO,2016-06-29,24.5372,25.1433,24.3585,25.1433
ALCO,2016-06-30,25.0442,26.5137,24.9092,26.4243
ALCO,2016-07-01,26.5652,27.9103,26.4078,26.5836
ALCO,2016-07-05,26.1184,26.336,25.7678,26.2233
ALCO,2016-07-06,25.997,26.4243,24.8238,26.1796
ALCO,2016-07-07,25.9485,26.6944,25.5065,25.623
ALCO,2016-07-08,25.8911,26.7924,25.8561,26.7546
ALCO,2016-07-11,26.4321,27.2469,26.3903,26.3903
ALCO,2016-07-12,26.5564,27.1198,25.8998,25.9882
ALCO,2016-07-13,25.9076,26.2592,25.9076,26.0951
ALCO,2016-07-14,26.0737,26.2048,26.0737,26.0853
ALCO,2016-07-15,26.2427,26.2427,25.8115,25.8377
ALCO,2016-07-18,25.6036,26.0251,25.2628,25.9882
ALCO,2016-07-19,25.3501,26.2048,25.3501,26.0767
ALCO,2016-07-20,25.9435,26.2738,25.9435,26.2048
ALCO,2016-07-21,26.2369,26.2369,26.0767,26.0853
ALCO,2016-07-22,26.0767,26.2825,26.0329,26.1796
ALCO,2016-07-25,26.3194,26.3194,25.9941,26.0494
ALCO,2016-07-26,26.1184,26.2592,25.9485,26.1184
ALCO,2016-07-27,26.266,26.2913,26.1728,26.198
ALCO,2016-07-28,26.2048,26.2233,26.1339,26.1339
ALCO,2016-07-29,26.2048,26.2048,25.7678,25.8377
ALCO,2016-08-01,25.5356,25.9786,25.1598,25.3162
ALCO,2016-08-02,25.0083,25.2821,24.9219,24.9724
ALCO,2016-08-03,24.9529,25.1258,24.9451,25.1258
ALCO,2016-08-04,25.8561,25.8561,25.2394,25.4871
ALCO,2016-08-05,25.2443,25.2948,24.9374,24.9374
ALCO,2016-08-08,25.1064,26.0329,24.9374,24.9451
ALCO,2016-08-09,24.9374,25.1161,24.7256,25.1064
ALCO,2016-08-10,25.1666,25.1666,24.7208,24.9724
ALCO,2016-08-11,24.9305,25.0578,24.3712,24.4333
ALCO,2016-08-12,24.4965,24.8946,24.3712,24.5984
ALCO,2016-08-15,25.0646,25.0646,24.4149,24.7382
ALCO,2016-08-16,25.0354,25.0354,24.4149,24.8859
ALCO,2016-08-17,24.7305,24.8946,24.5372,24.8946
ALCO,2016-08-18,24.6256,24.747,24.2653,24.4061
ALCO,2016-08-19,24.4867,24.9917,24.4867,24.7917
ALCO,2016-08-22,24.8364,24.8364,24.5595,24.747
ALCO,2016-08-23,24.6343,24.8102,24.2313,24.8102
ALCO,2016-08-24,24.6752,24.8102,24.477,24.7645
ALCO,2016-08-25,24.8014,24.8014,24.5382,24.6343
ALCO,2016-08-26,24.7917,24.8102,24.5547,24.7965
ALCO,2016-08-29,24.5848,24.6848,24.5266,24.5809
ALCO,2016-08-30,24.4867,24.8014,24.4683,24.6159
ALCO,2016-08-31,24.6256,24.7033,24.3974,24.5304
ALCO,2016-09-01,24.2556,24.5547,24.2313,24.4149
ALCO,2016-09-02,24.5547,24.5984,24.4508,24.5984
ALCO,2016-09-06,24.5052,24.5577,24.2041,24.4149
ALCO,2016-09-07,24.3196,24.5284,24.2011,24.2827
ALCO,2016-09-08,24.1963,24.4605,24.1963,24.3634
ALCO,2016-09-09,24.1876,24.3886,24.1546,24.2041
ALCO,2016-09-12,24.1546,24.5547,24.1118,24.5217
ALCO,2016-09-13,24.2003,24.3974,23.2115,23.3746
ALCO,2016-09-14,23.3407,23.4922,23.1484,23.1931
ALCO,2016-09-15,23.2795,23.5068,23.2377,23.2377
ALCO,2016-09-16,23.4193,24.0312,23.4193,23.9001
ALCO,2016-09-19,23.9069,24.2741,23.3445,23.8806
ALCO,2016-09-20,24.0224,24.3974,23.4358,24.1701
ALCO,2016-09-21,23.634,24.1332,23.4281,23.5952
ALCO,2016-09-22,23.7165,24.0224,23.4534,23.7437
ALCO,2016-09-23,23.6476,24.3634,23.6476,24.0662
ALCO,2016-09-26,23.7262,23.7681,23.633,23.6913
ALCO,2016-09-27,23.803,23.8136,23.4631,23.5679
ALCO,2016-09-28,23.4699,23.7681,23.4281,23.497
ALCO,2016-09-29,23.7437,24.0507,23.5952,23.5952
ALCO,2016-09-30,23.7777,23.971,23.429,23.5154
ALCO,2016-10-03,23.5611,23.9438,23.5068,23.6379
ALCO,2016-10-04,23.5592,24.3216,23.3572,23.4534
ALCO,2016-10-05,23.665,23.665,23.4106,23.497
ALCO,2016-10-06,23.3746,23.4795,23.3572,23.4193
ALCO,2016-10-07,23.3746,23.4582,23.3746,23.3834
ALCO,2016-10-10,23.3844,24.2167,23.3844,23.5776
ALCO,2016-10-11,23.497,23.497,23.3931,23.3931
ALCO,2016-10-12,23.4019,23.4631,23.4019,23.4019
ALCO,2016-10-13,23.6185,23.6185,23.4019,23.4019
ALCO,2016-10-14,23.4019,23.6835,23.4019,23.4795
ALCO,2016-10-17,23.4456,23.4699,23.4019,23.4699
ALCO,2016-10-18,23.3931,23.5242,23.3931,23.5242
ALCO,2016-10-19,23.5515,23.8816,23.5515,23.7505
ALCO,2016-10-20,23.6379,23.7088,23.4019,23.6476
ALCO,2016-10-21,23.5417,23.7001,23.4281,23.4631
ALCO,2016-10-24,23.6534,23.6534,23.3746,23.5068
ALCO,2016-10-25,23.4261,23.4456,23.2368,23.2368
ALCO,2016-10-26,23.2872,23.5417,23.2474,23.4358
ALCO,2016-10-27,23.2222,23.3786,22.8832,22.8832
ALCO,2016-10-28,23.1658,23.8661,22.8317,23.1211
ALCO,2016-10-31,22.8453,23.025,22.7618,22.8919
ALCO,2016-11-01,22.9366,22.9415,22.5471,22.6735
ALCO,2016-11-02,22.6326,22.6958,22.5433,22.5889
ALCO,2016-11-03,22.4986,22.5889,22.3247,22.3247
ALCO,2016-11-04,22.2752,22.2752,21.8945,22.1063
ALCO,2016-11-07,22.4112,22.7618,22.4112,22.72
ALCO,2016-11-08,22.7783,22.8919,22.72,22.7618
ALCO,2016-11-09,22.7618,23.2435,22.1558,23.2435
ALCO,2016-11-10,23.1143,23.9011,22.724,23.9011
ALCO,2016-11-11,23.7262,25.0831,23.3746,25.0831
ALCO,2016-11-14,25.1704,25.1704,23.8117,24.0749
ALCO,2016-11-15,24.2507,24.5139,23.2018,24.0749
ALCO,2016-11-16,23.6379,24.0749,23.5515,23.9895
ALCO,2016-11-17,23.9011,24.0749,23.6835,24.0749
ALCO,2016-11-18,24.3381,24.3818,24.0322,24.3818
ALCO,2016-11-21,24.2934,24.5139,24.2507,24.3381
ALCO,2016-11-22,24.5139,24.5139,24.3381,24.3818
ALCO,2016-11-23,24.4692,24.5139,24.2061,24.4692
ALCO,2016-11-25,24.3381,24.4692,24.0322,24.4692
ALCO,2016-11-28,24.3381,24.3381,23.7039,23.7681
ALCO,2016-11-29,23.8564,24.2061,23.6379,24.0322
ALCO,2016-11-30,24.1205,24.2934,23.7262,24.0322
ALCO,2016-12-01,24.0322,24.2673,23.5952,23.9011
ALCO,2016-12-02,23.7262,23.939,22.5889,22.6326
ALCO,2016-12-05,22.6326,23.0697,22.5433,22.9823
ALCO,2016-12-06,23.0697,24.2934,23.0697,24.2507
ALCO,2016-12-07,24.2934,24.3381,24.1633,24.1633
ALCO,2016-12-08,24.4265,24.949,23.7476,24.949
ALCO,2016-12-09,24.8635,26.5225,24.8635,26.133
ALCO,2016-12-12,26.3505,26.3505,25.4764,25.8687
ALCO,2016-12-13,25.7406,26.2632,25.7406,25.9581
ALCO,2016-12-14,25.9581,25.9581,25.0394,25.0394
ALCO,2016-12-15,25.2569,25.3627,24.9073,24.9073
ALCO,2016-12-16,25.0831,25.7823,24.7819,24.8441
ALCO,2016-12-19,24.9073,25.3453,24.6451,25.0394
ALCO,2016-12-20,25.3453,25.4337,24.6878,25.4337
ALCO,2016-12-21,25.2938,25.2938,24.7334,24.8635
ALCO,2016-12-22,24.6878,24.9073,24.6014,24.6014
ALCO,2016-12-23,24.7771,24.8597,24.3381,24.5577
ALCO,2016-12-27,24.5577,24.9646,24.5577,24.7334
ALCO,2016-12-28,24.7917,24.8034,24.5663,24.6091
ALCO,2016-12-29,24.5936,24.6518,23.6893,23.9972
ALCO,2016-12-30,24.0827,24.0827,23.4718,23.8176
ALCO,2017-01-03,23.9972,24.478,23.429,23.5583
ALCO,2017-01-04,23.9069,24.5663,23.162,23.162
ALCO,2017-01-05,23.3367,23.9069,23.3367,23.8642
ALCO,2017-01-06,27.1,27.1,27.1,27.1
ALCO,2017-01-09,23.6447,23.8409,23.5583,23.6019
ALCO,2017-01-10,23.6893,24.1293,23.5796,23.8642
ALCO,2017-01-11,23.6893,23.9273,23.5583,23.5583
ALCO,2017-01-12,23.5583,23.6893,23.2066,23.293
ALCO,2017-01-13,23.293,23.4252,23.1833,23.2484
ALCO,2017-01-17,23.162,23.4174,23.162,23.293
ALCO,2017-01-18,23.2484,23.3367,23.1668,23.2484
ALCO,2017-01-19,23.293,23.3367,23.162,23.162
ALCO,2017-01-20,23.1183,23.7292,23.1183,23.2484
ALCO,2017-01-23,23.2086,23.3367,23.2066,23.3367
ALCO,2017-01-24,23.1668,23.5786,23.1668,23.2484
ALCO,2017-01-25,23.5146,23.5146,23.1183,23.3367
ALCO,2017-01-26,23.3367,23.3814,23.1668,23.3814
ALCO,2017-01-27,23.126,23.4038,23.0736,23.293
ALCO,2017-01-30,23.2484,23.3417,23.0309,23.1183
ALCO,2017-01-31,23.1999,23.9506,23.1999,23.6447
ALCO,2017-02-01,23.9923,24.1293,23.5174,23.6893
ALCO,2017-02-02,23.9069,24.4343,23.6893,24.2372
ALCO,2017-02-03,24.171,24.6926,23.4252,24.5226
ALCO,2017-02-06,24.04,24.5663,23.9506,23.9506
ALCO,2017-02-07,24.0448,24.2148,24.0448,24.2148
ALCO,2017-02-08,23.9069,23.9069,23.1183,23.1183
ALCO,2017-02-09,22.8969,23.6019,22.8357,22.8969
ALCO,2017-02-10,22.9871,23.2484,22.8969,23.0736
ALCO,2017-02-13,23.2348,23.2533,22.9424,23.0309
ALCO,2017-02-14,22.9424,22.9424,22.5034,22.5938
ALCO,2017-02-15,22.4151,22.8969,22.4151,22.8969
ALCO,2017-02-16,23.0309,23.6447,22.6375,23.0522
ALCO,2017-02-17,23.293,23.3814,22.7667,23.0736
ALCO,2017-02-21,23.0309,23.1736,22.7667,22.9424
ALCO,2017-02-22,22.855,22.855,22.6783,22.855
ALCO,2017-02-23,22.859,23.0736,22.5938,22.8969
ALCO,2017-02-24,22.7667,22.7667,22.5471,22.724
ALCO,2017-02-27,22.6375,22.7667,22.4588,22.5938
ALCO,2017-02-28,22.7667,22.7667,22.3724,22.4588
ALCO,2017-03-01,22.9871,22.9871,22.6375,22.6783
ALCO,2017-03-02,22.7258,22.7258,22.4151,22.4588
ALCO,2017-03-03,22.6783,22.8104,22.6375,22.724
ALCO,2017-03-06,22.855,22.8969,22.4151,22.6375
ALCO,2017-03-07,22.724,22.724,22.5714,22.6375
ALCO,2017-03-08,22.724,22.8104,22.4151,22.4151
ALCO,2017-03-09,22.5034,22.724,22.3724,22.5938
ALCO,2017-03-10,22.6375,22.7667,22.4588,22.5471
ALCO,2017-03-13,23.0309,23.3367,22.5034,22.6375
ALCO,2017-03-14,22.6375,22.79,22.5471,22.6375
ALCO,2017-03-15,23.162,23.162,22.5938,22.724
ALCO,2017-03-16,22.6375,22.9424,22.6375,22.8104
ALCO,2017-03-17,22.724,23.2066,22.5938,22.8104
ALCO,2017-03-20,23.0309,23.0309,22.8104,22.8969
ALCO,2017-03-21,22.9424,23.0309,22.8104,22.8104
ALCO,2017-03-22,22.855,22.855,22.5938,22.6375
ALCO,2017-03-23,22.6375,23.0309,22.6375,22.7667
ALCO,2017-03-24,22.724,23.0309,22.6375,22.6375
ALCO,2017-03-27,22.5938,22.8969,22.5938,22.7667
ALCO,2017-03-28,22.724,23.2066,22.724,23.2066
ALCO,2017-03-29,22.9512,23.3232,22.9512,23.1717
ALCO,2017-03-30,23.2232,23.3902,22.9949,23.1717
ALCO,2017-03-31,23.126,23.3018,23.0832,23.2144
ALCO,2017-04-03,23.0832,23.5223,23.0832,23.4777
ALCO,2017-04-04,24.3032,24.3032,23.5223,23.6544
ALCO,2017-04-05,23.9175,24.0429,23.0832,23.2144
ALCO,2017-04-06,23.3018,23.6544,23.3018,23.6117
ALCO,2017-04-07,23.6981,23.8738,23.567,23.567
ALCO,2017-04-10,23.6544,23.6544,23.567,23.6544
ALCO,2017-04-11,23.567,24.4907,23.567,24.4907
ALCO,2017-04-12,24.4907,24.5334,24.0934,24.0934
ALCO,2017-04-13,24.2546,24.4907,24.2546,24.2691
ALCO,2017-04-17,24.446,24.7091,24.446,24.7091
ALCO,2017-04-18,24.446,24.8431,24.0507,24.7985
ALCO,2017-04-19,24.883,25.1938,24.7528,25.1064
ALCO,2017-04-20,26.775,26.775,25.3249,25.8523
ALCO,2017-04-21,25.897,26.468,25.897,26.0727
ALCO,2017-04-24,26.335,26.6876,26.1164,26.6001
ALCO,2017-04-25,26.6438,26.7323,26.335,26.335
ALCO,2017-04-26,26.4234,26.5137,26.2903,26.468
ALCO,2017-04-27,26.5574,26.5574,26.3797,26.468
ALCO,2017-04-28,26.4234,26.4234,26.268,26.335
ALCO,2017-05-01,26.2903,26.2903,25.7211,26.1164
ALCO,2017-05-02,25.9844,26.2903,25.9844,26.2903
ALCO,2017-05-03,26.1164,26.3797,26.1164,26.1591
ALCO,2017-05-04,26.2505,26.335,26.1591,26.2038
ALCO,2017-05-05,26.2903,26.6001,26.2505,26.6001
ALCO,2017-05-08,26.5137,26.7323,26.5137,26.6438
ALCO,2017-05-09,26.6438,26.8196,26.1786,26.775
ALCO,2017-05-10,27.212,27.5237,27.1703,27.3907
ALCO,2017-05-11,27.1284,27.6976,27.1284,27.6976
ALCO,2017-05-12,28.0269,29.1963,28.0269,28.4901
ALCO,2017-05-15,28.4901,28.9729,28.4901,28.7096
ALCO,2017-05-16,28.8883,28.8883,27.3072,27.4364
ALCO,2017-05-17,28.0511,28.0511,25.9397,25.9397
ALCO,2017-05-18,26.03,26.6788,26.03,26.5574
ALCO,2017-05-19,26.5574,27.348,26.5574,26.9517
ALCO,2017-05-22,27.0604,27.0838,26.8633,26.907
ALCO,2017-05-23,27.0838,27.0838,26.6438,26.6438
ALCO,2017-05-24,26.9517,27.2762,26.5137,26.5137
ALCO,2017-05-25,26.7323,26.907,26.0727,26.2505
ALCO,2017-05-26,26.1164,26.1164,26.03,26.0727
ALCO,2017-05-30,26.2505,26.2505,25.9397,25.9397
ALCO,2017-05-31,26.6876,26.7323,26.335,26.335
ALCO,2017-06-01,26.468,26.6001,26.4234,26.468
ALCO,2017-06-02,26.5574,26.9974,26.2505,26.9974
ALCO,2017-06-05,26.9974,26.9974,26.468,26.6438
ALCO,2017-06-06,26.5137,27.0411,26.5137,26.9974
ALCO,2017-06-07,26.6438,26.775,26.6438,26.775
ALCO,2017-06-08,26.775,27.0838,26.775,26.907
ALCO,2017-06-09,26.6876,27.7637,26.6876,27.7413
ALCO,2017-06-12,27.787,28.227,27.787,28.0511
ALCO,2017-06-13,28.1823,28.227,27.1713,28.1823
ALCO,2017-06-14,27.7413,28.1774,27.5674,27.9657
ALCO,2017-06-15,27.4801,28.0055,27.4801,28.0055
ALCO,2017-06-16,27.5674,27.8317,27.4364,27.6976
ALCO,2017-06-19,27.5237,27.7015,27.2625,27.3907
ALCO,2017-06-20,27.3023,27.8317,27.3023,27.5674
ALCO,2017-06-21,27.7413,27.8812,27.5237,27.6976
ALCO,2017-06-22,27.5674,27.8628,27.5674,27.6568
ALCO,2017-06-23,27.6773,27.921,27.4364,27.787
ALCO,2017-06-26,27.9657,27.9657,27.8744,27.9336
ALCO,2017-06-27,28.664,28.664,27.5674,27.7413
ALCO,2017-06-28,28.0648,28.0648,27.6199,27.7064
ALCO,2017-06-29,27.8414,27.9472,27.3101,27.3101
ALCO,2017-06-30,27.4888,28.0375,27.3985,27.5772
ALCO,2017-07-03,27.7734,27.8821,27.685,27.8821
ALCO,2017-07-05,27.787,27.787,27.3781,27.3781
ALCO,2017-07-06,27.3985,27.3985,26.6069,26.6506
ALCO,2017-07-07,26.739,26.8701,26.672,26.8701
ALCO,2017-07-10,26.8701,27.0925,26.8701,26.8701
ALCO,2017-07-11,26.8701,27.0227,26.8701,27.0032
ALCO,2017-07-12,27.1129,27.178,27.0915,27.0925
ALCO,2017-07-13,26.8274,27.178,26.8274,27.178
ALCO,2017-07-14,27.1703,27.6199,27.1703,27.6199
ALCO,2017-07-17,27.7491,28.2376,27.7491,28.0608
ALCO,2017-07-18,28.0142,28.2152,28.0142,28.0608
ALCO,2017-07-19,28.1482,28.6757,28.1482,28.6757
ALCO,2017-07-20,28.8544,29.0282,28.4581,28.6329
ALCO,2017-07-21,28.8981,29.1612,28.4581,28.4581
ALCO,2017-07-24,28.5008,28.9019,26.3418,26.4282
ALCO,2017-07-25,26.6069,27.3101,26.6069,26.7827
ALCO,2017-07-26,27.2654,27.3101,26.5205,26.6069
ALCO,2017-07-27,26.6069,26.7633,26.2107,26.7633
ALCO,2017-07-28,26.9595,27.3985,26.8701,27.2237
ALCO,2017-07-31,26.6069,26.6069,26.6069,26.6069
ALCO,2017-08-01,26.6506,27.2654,26.6506,27.2654
ALCO,2017-08-02,27.246,27.3101,27.2237,27.3101
ALCO,2017-08-03,27.3101,27.3101,27.0081,27.0478
ALCO,2017-08-04,26.5205,26.7167,26.5205,26.7167
ALCO,2017-08-07,26.6069,27.178,26.5205,26.9595
ALCO,2017-08-08,26.8274,26.9595,26.4962,26.9138
ALCO,2017-08-09,26.5632,27.5305,26.4738,27.3567
ALCO,2017-08-10,27.3985,27.5305,27.2654,27.3567
ALCO,2017-08-11,27.2237,27.3315,27.2237,27.2654
ALCO,2017-08-14,27.3985,27.7967,27.3985,27.7967
ALCO,2017-08-15,27.685,28.2814,27.5772,27.7967
ALCO,2017-08-16,28.0608,28.4134,28.0608,28.3678
ALCO,2017-08-17,28.192,28.192,27.7491,27.9308
ALCO,2017-08-18,27.8414,28.0142,27.6646,27.6646
ALCO,2017-08-21,27.7491,27.856,27.7491,27.8414
ALCO,2017-08-22,27.8414,28.0142,27.8414,28.0142
ALCO,2017-08-23,27.7491,27.9308,27.3985,27.5772
ALCO,2017-08-24,27.7967,27.8414,27.4888,27.8414
ALCO,2017-08-25,27.7064,28.4134,27.7064,28.1036
ALCO,2017-08-28,28.1036,28.4581,28.0608,28.192
ALCO,2017-08-29,28.1482,28.2814,27.7491,28.2814
ALCO,2017-08-30,28.3027,28.5892,28.3027,28.3241
ALCO,2017-08-31,28.3241,28.5892,27.4888,28.192
ALCO,2017-09-01,28.192,28.3678,28.1036,28.3678
ALCO,2017-09-05,28.0142,28.8087,28.0142,28.3241
ALCO,2017-09-06,28.192,29.0719,28.192,28.9855
ALCO,2017-09-07,28.765,29.0282,27.6199,28.8544
ALCO,2017-09-08,28.7204,28.7204,26.1214,26.2107
ALCO,2017-09-11,25.7697,28.765,25.7697,28.765
ALCO,2017-09-12,28.8981,30.0441,28.6757,29.5565
ALCO,2017-09-13,29.2934,29.2934,27.3101,28.1482
ALCO,2017-09-14,28.2814,30.3073,28.2814,29.9528
ALCO,2017-09-15,29.9975,30.2578,27.3101,27.5772
ALCO,2017-09-18,26.8701,28.7204,26.8701,28.2376
ALCO,2017-09-19,28.192,28.9418,28.1036,28.5892
ALCO,2017-09-20,28.2814,29.4245,28.2814,29.2934
ALCO,2017-09-21,29.5138,29.7789,28.8087,28.8087
ALCO,2017-09-22,28.0608,29.9091,28.0608,29.2506
ALCO,2017-09-25,29.3391,29.9091,29.3391,29.6459
ALCO,2017-09-26,29.8664,30.6608,29.8664,30.3948
ALCO,2017-09-27,30.1917,30.3073,29.3827,29.9975
ALCO,2017-09-28,29.8324,30.6259,29.8324,30.4025
ALCO,2017-09-29,29.9626,30.4025,29.743,30.1393
ALCO,2017-10-02,30.4491,30.5346,30.2714,30.5346
ALCO,2017-10-03,30.5346,30.5822,30.3617,30.4491
ALCO,2017-10-04,30.317,30.5822,29.9626,30.3617
ALCO,2017-10-05,30.2714,30.5152,30.0072,30.2286
ALCO,2017-10-06,30.0072,30.317,29.743,30.0956
ALCO,2017-10-09,29.7877,30.3617,29.4322,29.6109
ALCO,2017-10-10,29.9169,30.5822,29.8752,30.5346
ALCO,2017-10-11,30.3617,30.5822,30.3617,30.5822
ALCO,2017-10-12,30.4491,30.5822,30.317,30.317
ALCO,2017-10-13,29.302,30.4919,29.302,30.1393
ALCO,2017-10-16,29.8324,30.3617,29.8324,30.3617
ALCO,2017-10-17,30.5346,30.5346,30.0072,30.0529
ALCO,2017-10-18,30.0072,30.4491,29.8752,30.3617
ALCO,2017-10-19,29.8324,29.8324,29.0787,29.3458
ALCO,2017-10-20,29.743,29.743,29.3914,29.3914
ALCO,2017-10-23,29.4322,29.743,28.3299,28.3746
ALCO,2017-10-24,28.8622,29.3914,28.2882,28.5513
ALCO,2017-10-25,28.5513,28.8165,28.5048,28.8165
ALCO,2017-10-26,28.7272,28.8622,28.6388,28.7728
ALCO,2017-10-27,29.4322,29.6983,28.8622,29.6109
ALCO,2017-10-30,29.6537,29.6537,28.7272,28.7272
ALCO,2017-10-31,29.0787,29.1933,28.6815,29.036
ALCO,2017-11-01,28.7272,28.8622,27.8879,28.0201
ALCO,2017-11-02,27.8375,28.0648,27.8375,28.0201
ALCO,2017-11-03,28.1522,28.2435,27.8879,27.8879
ALCO,2017-11-06,28.1095,28.1978,27.7549,27.9346
ALCO,2017-11-07,27.9803,28.1706,27.5355,27.5355
ALCO,2017-11-08,27.5355,27.9803,27.5355,27.7112
ALCO,2017-11-09,27.5355,28.5048,27.5355,28.4639
ALCO,2017-11-10,28.596,28.596,28.596,28.596
ALCO,2017-11-13,28.596,28.596,28.1522,28.4202
ALCO,2017-11-14,28.1191,28.2328,28.1191,28.1522
ALCO,2017-11-15,28.1522,28.1522,27.7549,27.8472
ALCO,2017-11-16,28.5513,28.5804,27.9346,28.2435
ALCO,2017-11-17,28.0648,28.4639,28.0648,28.4639
ALCO,2017-11-20,28.5028,28.5048,27.9803,28.3299
ALCO,2017-11-21,28.1978,28.2435,27.9841,28.2435
ALCO,2017-11-22,28.1095,28.2435,28.0648,28.0648
ALCO,2017-11-24,28.2435,28.2435,27.8472,28.1522
ALCO,2017-11-27,28.1745,28.5048,28.0201,28.1978
ALCO,2017-11-28,27.8472,28.5048,27.8472,28.1978
ALCO,2017-11-29,27.8472,28.5048,27.8472,28.5048
ALCO,2017-11-30,27.7112,28.6815,27.7112,28.596
ALCO,2017-12-01,28.3299,28.6815,28.1318,28.596
ALCO,2017-12-04,28.5048,28.596,27.4033,28.1978
ALCO,2017-12-05,28.2882,28.2882,28.0433,28.2435
ALCO,2017-12-06,28.1522,28.5048,27.9346,27.9803
ALCO,2017-12-07,28.2639,28.5513,28.1095,28.1978
ALCO,2017-12-08,28.3211,28.5048,27.6248,28.5048
ALCO,2017-12-11,28.4202,28.8165,27.8879,28.3532
ALCO,2017-12-12,28.5048,28.7272,28.1978,28.4202
ALCO,2017-12-13,27.6675,27.7549,27.449,27.7112
ALCO,2017-12-14,27.582,28.0648,27.5355,27.9803
ALCO,2017-12-15,27.8879,27.9569,27.449,27.9346
ALCO,2017-12-18,27.6248,27.8472,27.3616,27.582
ALCO,2017-12-19,27.8015,27.8015,26.4758,26.7409
ALCO,2017-12-20,26.7409,27.0469,26.3001,26.3894
ALCO,2017-12-21,26.4758,26.7409,26.3894,26.4758
ALCO,2017-12-22,26.4933,26.8303,26.2951,26.6089
ALCO,2017-12-26,27.582,27.7112,26.3001,26.4311
ALCO,2017-12-27,26.4399,27.3616,26.4399,26.874
ALCO,2017-12-28,26.5321,26.9711,26.0028,26.2213
ALCO,2017-12-29,26.3078,26.4836,26.0873,26.0873
ALCO,2018-01-02,26.1757,27.0596,25.1209,25.556
ALCO,2018-01-03,25.556,25.6794,25.2452,25.4676
ALCO,2018-01-04,25.556,25.8659,25.556,25.6454
ALCO,2018-01-05,25.7338,26.0873,25.5113,25.556
ALCO,2018-01-08,25.4249,25.4249,24.4751,24.5838
ALCO,2018-01-09,24.4965,24.6295,24.4965,24.4965
ALCO,2018-01-10,24.3634,24.8509,24.3634,24.5838
ALCO,2018-01-11,24.5392,24.6052,24.3634,24.5392
ALCO,2018-01-12,24.4061,24.6702,24.4061,24.6295
ALCO,2018-01-16,24.6295,24.6295,24.3196,24.4061
ALCO,2018-01-17,24.4061,24.4061,24.2294,24.2731
ALCO,2018-01-18,24.2731,24.3712,24.0972,24.0972
ALCO,2018-01-19,24.1856,24.4061,24.1429,24.3196
ALCO,2018-01-22,24.9821,25.1598,24.8062,25.1161
ALCO,2018-01-23,24.9364,24.9364,24.2731,24.2731
ALCO,2018-01-24,24.2731,24.3196,23.9652,23.9652
ALCO,2018-01-25,23.9205,23.9652,23.8748,23.8748
ALCO,2018-01-26,23.9652,24.0098,23.8321,23.9205
ALCO,2018-01-29,23.8321,23.9205,23.8321,23.8748
ALCO,2018-01-30,23.8321,24.4965,23.7437,23.8321
ALCO,2018-01-31,23.9652,23.9652,23.7437,23.7884
ALCO,2018-02-01,23.9205,23.9205,23.6554,23.6554
ALCO,2018-02-02,23.6554,24.5392,23.6117,23.6117
ALCO,2018-02-05,23.6019,23.6019,22.9027,22.9027
ALCO,2018-02-06,22.8599,22.9027,22.5957,22.5957
ALCO,2018-02-07,23.2125,23.6991,22.925,23.6991
ALCO,2018-02-08,23.4135,23.4135,23.0814,23.1251
ALCO,2018-02-09,24.3196,24.7616,22.7705,22.7705
ALCO,2018-02-12,22.7705,23.2571,22.7705,23.2571
ALCO,2018-02-13,23.8321,25.1598,23.8321,24.3196
ALCO,2018-02-14,24.4061,24.4061,23.2571,23.6991
ALCO,2018-02-15,23.8748,23.8748,23.5232,23.6991
ALCO,2018-02-16,23.5679,24.9364,23.5679,23.6554
ALCO,2018-02-20,23.7437,23.7437,22.7705,22.8599
ALCO,2018-02-21,23.6554,23.7884,23.2125,23.4339
ALCO,2018-02-22,23.4213,23.4777,23.3367,23.4339
ALCO,2018-02-23,23.5456,23.7884,23.2435,23.6991
ALCO,2018-02-26,23.7437,23.7884,23.4339,23.5679
ALCO,2018-02-27,23.5232,23.8748,23.4524,23.8748
ALCO,2018-02-28,23.7884,23.7884,23.2824,23.5232
ALCO,2018-03-01,23.5631,23.7884,23.4562,23.7884
ALCO,2018-03-02,23.6554,24.2731,23.3455,24.2731
ALCO,2018-03-05,24.3196,25.0452,24.3196,24.5392
ALCO,2018-03-06,24.5392,24.6295,24.1429,24.2294
ALCO,2018-03-07,24.0545,24.6702,23.9205,24.0098
ALCO,2018-03-08,24.1429,24.2294,23.9652,23.9652
ALCO,2018-03-09,23.6554,24.1429,23.5679,24.0098
ALCO,2018-03-12,24.0545,24.0545,23.5679,23.8748
ALCO,2018-03-13,23.9205,24.1429,23.7884,23.8748
ALCO,2018-03-14,23.9885,24.1429,23.7437,23.9205
ALCO,2018-03-15,23.9205,24.0098,23.8748,23.8748
ALCO,2018-03-16,23.8748,24.0972,23.7437,24.0972
ALCO,2018-03-19,23.8321,24.2294,23.7884,24.0545
ALCO,2018-03-20,24.0545,24.3196,24.0098,24.1856
ALCO,2018-03-21,24.1856,24.3196,24.1429,24.3196
ALCO,2018-03-22,24.0545,24.3196,24.0545,24.2294
ALCO,2018-03-23,24.1856,24.2439,24.0545,24.0545
ALCO,2018-03-26,24.3196,24.5838,23.8321,24.0098
ALCO,2018-03-27,23.6777,24.0545,23.6777,24.0545
ALCO,2018-03-28,23.9292,24.238,23.9292,24.238
ALCO,2018-03-29,24.0623,24.107,23.8846,24.107
ALCO,2018-04-02,23.7972,24.3721,23.7972,24.2837
ALCO,2018-04-03,24.3721,24.5946,24.3284,24.3284
ALCO,2018-04-04,24.4624,24.817,24.4624,24.7723
ALCO,2018-04-05,24.7771,25.7241,24.7771,25.7017
ALCO,2018-04-06,25.8785,26.2349,25.5687,26.1893
ALCO,2018-04-09,26.1427,26.4545,26.1427,26.3671
ALCO,2018-04-10,25.7464,26.5448,25.3026,26.4108
ALCO,2018-04-11,26.8546,27.2965,26.2728,26.8546
ALCO,2018-04-12,26.4068,27.919,26.4068,27.784
ALCO,2018-04-13,27.8773,28.0055,27.784,28.0055
ALCO,2018-04-16,28.1386,28.1823,27.653,28.1386
ALCO,2018-04-17,27.4296,28.1823,27.3849,28.1386
ALCO,2018-04-18,28.1823,28.3173,28.1386,28.1386
ALCO,2018-04-19,27.7375,28.3173,27.5636,28.3173
ALCO,2018-04-20,28.0511,28.3173,27.784,28.1823
ALCO,2018-04-23,28.1823,28.1823,26.941,27.4742
ALCO,2018-04-24,27.2965,27.784,27.2528,27.7375
ALCO,2018-04-25,27.4296,28.5367,27.0751,28.3173
ALCO,2018-04-26,27.919,28.6688,27.919,28.494
ALCO,2018-04-27,28.3173,28.6688,28.3173,28.4047
ALCO,2018-04-30,28.4503,28.7135,28.4047,28.6271
ALCO,2018-05-01,28.4503,28.4503,28.2726,28.4503
ALCO,2018-05-02,27.919,28.8038,27.919,28.7135
ALCO,2018-05-03,28.6271,28.6271,28.4047,28.5367
ALCO,2018-05-04,28.3173,29.068,28.2726,29.068
ALCO,2018-05-07,28.8038,29.0243,28.494,29.0243
ALCO,2018-05-08,28.7135,28.8932,28.0055,28.494
ALCO,2018-05-09,28.7135,28.7135,27.1334,28.4047
ALCO,2018-05-10,28.732,28.7388,28.2726,28.4047
ALCO,2018-05-11,28.0269,28.6688,27.7024,28.6688
ALCO,2018-05-14,28.361,28.5048,28.0511,28.0511
ALCO,2018-05-15,29.0243,29.0243,27.3412,27.5636
ALCO,2018-05-16,27.5636,27.9637,27.4742,27.7375
ALCO,2018-05-17,27.8734,28.0929,26.9866,26.9866
ALCO,2018-05-18,27.2082,27.2082,26.7642,27.1645
ALCO,2018-05-21,27.2965,27.3548,26.7642,26.941
ALCO,2018-05-22,27.1207,27.1207,26.5448,26.5448
ALCO,2018-05-23,26.7215,26.9866,26.4991,26.8983
ALCO,2018-05-24,26.5923,26.8983,26.5923,26.8983
ALCO,2018-05-25,27.0323,27.1645,26.9507,27.1645
ALCO,2018-05-29,26.4545,27.6937,26.4545,27.5636
ALCO,2018-05-30,27.784,27.8346,27.0323,27.2528
ALCO,2018-05-31,27.4296,28.3046,27.0751,27.8287
ALCO,2018-06-01,27.6121,27.9637,27.5636,27.919
ALCO,2018-06-04,27.7607,27.784,27.6937,27.6937
ALCO,2018-06-05,27.8734,28.0929,27.4296,27.653
ALCO,2018-06-06,27.4742,27.6937,27.4296,27.4296
ALCO,2018-06-07,27.6083,27.653,26.8109,26.941
ALCO,2018-06-08,26.8546,27.2082,26.8546,26.8983
ALCO,2018-06-11,26.9866,27.1645,26.8546,27.0751
ALCO,2018-06-12,27.0751,27.0751,26.7642,26.8546
ALCO,2018-06-13,27.1207,27.1207,26.8983,27.0323
ALCO,2018-06-14,27.009,27.009,26.8546,26.9866
ALCO,2018-06-15,26.8983,26.8983,26.6992,26.8546
ALCO,2018-06-18,26.6769,27.3849,26.6769,27.2082
ALCO,2018-06-19,26.8546,28.2726,26.7215,28.0511
ALCO,2018-06-20,27.653,28.6465,27.5636,28.361
ALCO,2018-06-21,28.5824,28.7135,28.0929,28.6271
ALCO,2018-06-22,28.7601,28.937,28.361,28.4503
ALCO,2018-06-25,28.4503,28.5417,28.0511,28.1823
ALCO,2018-06-26,27.653,28.6271,27.4509,28.5824
ALCO,2018-06-27,28.6271,29.3808,28.6271,28.7135
ALCO,2018-06-28,28.1464,28.4358,27.9715,28.4134
ALCO,2018-06-29,28.4134,28.4134,27.8793,28.1464
ALCO,2018-07-02,27.9268,28.2357,27.7918,27.9715
ALCO,2018-07-03,27.7792,27.9715,27.6151,27.6151
ALCO,2018-07-05,27.7006,27.8365,27.481,27.8365
ALCO,2018-07-06,28.0133,28.4134,27.5714,28.1901
ALCO,2018-07-09,28.4134,28.7232,28.0133,28.5912
ALCO,2018-07-10,28.7689,28.967,27.5267,27.6597
ALCO,2018-07-11,27.7918,28.1464,27.7918,27.9715
ALCO,2018-07-12,28.3678,28.8582,28.3678,28.5018
ALCO,2018-07-13,28.4591,29.0778,28.2357,29.034
ALCO,2018-07-16,28.5465,28.8126,28.363,28.8126
ALCO,2018-07-17,28.5912,28.5912,28.1464,28.2357
ALCO,2018-07-18,28.1017,28.1017,27.7685,27.8793
ALCO,2018-07-19,27.9268,28.4134,27.9268,27.9268
ALCO,2018-07-20,28.1017,28.1017,27.7006,28.1017
ALCO,2018-07-23,28.1901,28.1901,28.1901,28.1901
ALCO,2018-07-24,27.8793,27.9268,27.6151,27.6151
ALCO,2018-07-25,27.6374,27.9268,27.6374,27.7443
ALCO,2018-07-26,28.3076,28.3076,27.7006,27.8793
ALCO,2018-07-27,28.4134,28.4134,27.6597,27.6597
ALCO,2018-07-30,28.1464,28.1464,27.8793,27.8793
ALCO,2018-07-31,28.2357,28.5018,28.0133,28.4134
ALCO,2018-08-01,27.8793,27.8793,27.8793,27.8793
ALCO,2018-08-02,27.9268,28.3241,27.8365,28.0589
ALCO,2018-08-03,27.6597,27.6597,27.6597,27.6597
ALCO,2018-08-06,27.6597,28.6776,27.6597,28.6776
ALCO,2018-08-07,27.7112,28.4591,27.7112,28.4591
ALCO,2018-08-08,28.6096,28.8126,28.4775,28.8126
ALCO,2018-08-09,28.8582,28.9243,28.5465,28.6776
ALCO,2018-08-10,28.2814,28.6349,28.2814,28.6349
ALCO,2018-08-13,28.3931,28.8126,28.3163,28.5912
ALCO,2018-08-14,28.8582,28.9903,28.8582,28.8582
ALCO,2018-08-15,28.5485,28.8582,28.5465,28.5912
ALCO,2018-08-16,28.7232,28.9408,28.5912,28.7689
ALCO,2018-08-17,28.5465,29.034,28.5018,28.5018
ALCO,2018-08-20,28.5018,28.7689,28.5018,28.6776
ALCO,2018-08-21,28.6349,28.6776,28.4134,28.4134
ALCO,2018-08-22,28.5465,28.5912,28.2444,28.5912
ALCO,2018-08-23,28.4134,28.6349,28.4134,28.6349
ALCO,2018-08-24,28.7232,28.7232,28.4591,28.5018
ALCO,2018-08-27,28.6349,28.8126,28.5465,28.5465
ALCO,2018-08-28,28.4591,28.6776,28.2357,28.2357
ALCO,2018-08-29,28.3989,28.6776,28.3289,28.5018
ALCO,2018-08-30,28.5319,28.6349,28.4591,28.4591
ALCO,2018-08-31,28.7232,28.8126,28.6776,28.6776
ALCO,2018-09-04,28.361,29.034,28.361,28.7232
ALCO,2018-09-05,28.6349,28.8126,28.6349,28.6776
ALCO,2018-09-06,29.3458,29.8343,29.3458,29.8343
ALCO,2018-09-07,30.0121,30.0121,29.8343,29.8343
ALCO,2018-09-10,29.9217,29.9217,29.4779,29.6129
ALCO,2018-09-11,29.6129,29.6343,29.4779,29.4779
ALCO,2018-09-12,29.6556,29.7003,29.5236,29.5673
ALCO,2018-09-13,29.745,29.745,29.5236,29.5236
ALCO,2018-09-14,29.5236,29.7003,29.5236,29.5236
ALCO,2018-09-17,29.5673,29.6129,29.4779,29.5236
ALCO,2018-09-18,29.6129,29.6556,29.5236,29.5673
ALCO,2018-09-19,29.6556,29.6556,29.4779,29.4779
ALCO,2018-09-20,29.6556,29.8343,29.5673,29.5673
ALCO,2018-09-21,29.5673,30.7657,29.4779,30.7657
ALCO,2018-09-24,30.2781,30.2781,30.0121,30.0567
ALCO,2018-09-25,30.0121,30.1441,29.9654,29.9654
ALCO,2018-09-26,29.9654,30.0344,29.8343,29.879
ALCO,2018-09-27,29.8888,30.0655,29.8888,30.0218
ALCO,2018-09-28,30.0655,30.0655,29.9528,30.0655
ALCO,2018-10-01,29.9742,30.1985,29.9081,29.9295
ALCO,2018-10-02,29.9043,30.0306,29.9043,30.0306
ALCO,2018-10-03,29.981,30.2345,29.981,30.1636
ALCO,2018-10-04,29.8888,30.1898,29.5401,29.948
ALCO,2018-10-05,29.913,30.2248,29.8528,30.0121
ALCO,2018-10-08,29.8431,29.9654,29.3002,29.4516
ALCO,2018-10-09,29.4604,29.8082,29.4604,29.6119
ALCO,2018-10-10,30.2161,30.2161,29.1991,29.4235
ALCO,2018-10-11,29.4691,29.8431,29.2661,29.2661
ALCO,2018-10-12,29.5304,29.7003,29.272,29.5934
ALCO,2018-10-15,29.5838,29.6158,29.1963,29.1963
ALCO,2018-10-16,29.2108,29.7809,29.2108,29.6119
ALCO,2018-10-17,29.442,29.6459,29.2302,29.442
ALCO,2018-10-18,29.7984,30.117,29.3449,29.7188
ALCO,2018-10-19,29.6459,30.1082,29.576,29.7635
ALCO,2018-10-22,29.5401,30.1355,29.5401,30.1355
ALCO,2018-10-23,29.9742,30.0023,29.6983,29.9576
ALCO,2018-10-24,29.9654,29.9654,29.7188,29.8256
ALCO,2018-10-25,29.745,29.9576,29.5304,29.6556
ALCO,2018-10-26,29.442,29.7275,29.442,29.7275
ALCO,2018-10-29,29.4643,29.9217,29.4643,29.745
ALCO,2018-10-30,29.7906,29.7906,29.4516,29.6828
ALCO,2018-10-31,29.8693,29.8693,29.442,29.442
ALCO,2018-11-01,29.3536,29.6828,29.1963,29.3633
ALCO,2018-11-02,29.1991,29.913,29.1991,29.8615
ALCO,2018-11-05,29.5488,29.9576,29.442,29.5838
ALCO,2018-11-06,29.7537,29.7537,29.3856,29.4051
ALCO,2018-11-07,29.7537,29.7537,29.5401,29.6828
ALCO,2018-11-08,29.6644,29.8082,29.4516,29.5838
ALCO,2018-11-09,29.5934,29.745,29.442,29.4516
ALCO,2018-11-12,29.506,29.6828,29.442,29.442
ALCO,2018-11-13,29.6915,29.7809,29.5304,29.7809
ALCO,2018-11-14,29.5663,29.6508,29.1768,29.1768
ALCO,2018-11-15,29.6915,29.6915,29.1827,29.6741
ALCO,2018-11-16,29.6459,29.7809,29.2108,29.5401
ALCO,2018-11-19,29.2807,30.0567,29.1865,29.7275
ALCO,2018-11-20,29.2574,29.7721,29.1817,29.4137
ALCO,2018-11-21,29.2904,29.5565,29.2904,29.5565
ALCO,2018-11-23,29.8431,29.8431,29.2205,29.7721
ALCO,2018-11-26,29.7906,29.7906,29.4857,29.4857
ALCO,2018-11-27,29.7091,29.7091,29.2031,29.5041
ALCO,2018-11-28,29.5304,29.6459,29.3536,29.6459
ALCO,2018-11-29,29.5138,29.7721,29.5138,29.6915
ALCO,2018-11-30,30.1898,30.1898,29.3808,29.3973
ALCO,2018-12-03,29.7809,29.7809,29.2574,29.5226
ALCO,2018-12-04,29.4604,29.4604,28.7844,28.935
ALCO,2018-12-06,28.7398,29.1225,28.4202,28.8106
ALCO,2018-12-07,29.0942,29.0942,28.3833,28.865
ALCO,2018-12-10,28.425,29.6119,28.4154,29.0671
ALCO,2018-12-11,29.1671,29.2661,28.4678,29.0856
ALCO,2018-12-12,29.1225,29.442,28.9059,29.442
ALCO,2018-12-13,29.2661,29.3293,28.5164,28.7582
ALCO,2018-12-14,28.6757,29.0418,28.6757,28.6853
ALCO,2018-12-17,28.4911,28.865,28.4328,28.5533
ALCO,2018-12-18,28.4057,28.6407,27.8656,28.1522
ALCO,2018-12-19,28.0181,28.2959,27.4228,27.7501
ALCO,2018-12-20,27.6976,27.9316,27.5762,27.6015
ALCO,2018-12-21,27.5859,27.8715,27.3955,27.4762
ALCO,2018-12-24,27.3955,27.6189,26.5797,26.5797
ALCO,2018-12-26,26.8624,27.2538,26.604,26.9323
ALCO,2018-12-27,26.8011,26.8507,26.5594,26.7215
ALCO,2018-12-28,26.739,26.739,26.3204,26.5865
ALCO,2018-12-31,27.1392,27.1392,26.1136,26.2923
ALCO,2019-01-02,26.1767,26.5157,26.1136,26.5157
ALCO,2019-01-03,26.5341,27.7569,26.5341,26.7468
ALCO,2019-01-04,26.774,27.5772,26.6555,27.4675
ALCO,2019-01-07,27.0955,27.4053,26.8721,27.4053
ALCO,2019-01-08,27.0042,27.3033,26.6584,26.8284
ALCO,2019-01-09,27.6384,27.6384,26.569,26.7555
ALCO,2019-01-10,26.8983,26.8983,26.6206,26.7468
ALCO,2019-01-11,26.6487,26.6487,26.4253,26.5341
ALCO,2019-01-14,26.4962,26.5049,25.6337,26.0679
ALCO,2019-01-15,26.435,26.906,26.2796,26.469
ALCO,2019-01-16,26.9138,27.3257,26.7837,26.941
ALCO,2019-01-17,27.0576,27.1392,26.6555,27.0323
ALCO,2019-01-18,27.0139,28.0648,26.9323,27.0498
ALCO,2019-01-22,27.0498,27.211,25.9445,25.9445
ALCO,2019-01-23,27.4956,27.4956,26.337,26.7303
ALCO,2019-01-24,26.2923,27.076,26.2923,27.076
ALCO,2019-01-25,26.2923,27.282,26.2923,26.5787
ALCO,2019-01-28,26.3204,26.6846,26.3204,26.337
ALCO,2019-01-29,27.4868,27.4868,26.5594,26.6118
ALCO,2019-01-30,27.5578,27.5578,26.6118,26.739
ALCO,2019-01-31,26.337,27.2353,26.333,26.3816
ALCO,2019-02-01,26.6031,27.0955,26.6031,26.6934
ALCO,2019-02-04,26.5759,27.1217,26.5759,26.7021
ALCO,2019-02-05,26.9497,27.1314,26.2582,26.9866
ALCO,2019-02-06,27.0081,27.0081,26.469,26.469
ALCO,2019-02-07,26.3437,26.8119,26.3437,26.5594
ALCO,2019-02-08,26.233,26.5049,26.233,26.3816
ALCO,2019-02-11,26.5389,26.6661,26.2311,26.469
ALCO,2019-02-12,26.774,27.282,26.1523,26.6031
ALCO,2019-02-13,26.3437,27.2907,26.3292,26.639
ALCO,2019-02-14,26.3019,26.774,26.2126,26.2126
ALCO,2019-02-15,26.2835,26.7303,26.2311,26.7303
ALCO,2019-02-19,26.6031,27.5044,26.6031,27.4238
ALCO,2019-02-20,27.3538,27.3635,26.7507,27.0498
ALCO,2019-02-21,27.0498,27.1217,26.7555,27.1217
ALCO,2019-02-22,27.0042,27.2547,26.9148,27.1673
ALCO,2019-02-25,26.7837,27.3538,26.7837,27.1673
ALCO,2019-02-26,26.9323,27.5869,26.7944,27.5869
ALCO,2019-02-27,27.076,27.2994,26.6846,26.9964
ALCO,2019-02-28,26.4962,26.9692,26.4962,26.9692
ALCO,2019-03-01,26.9236,26.9866,26.5594,26.9323
ALCO,2019-03-04,26.4467,26.941,26.4467,26.9323
ALCO,2019-03-05,26.5011,26.7468,26.469,26.739
ALCO,2019-03-06,26.6206,26.9323,26.6031,26.6031
ALCO,2019-03-07,26.5953,26.5953,26.2213,26.2408
ALCO,2019-03-08,26.4088,26.4612,26.2311,26.2495
ALCO,2019-03-11,26.269,26.6206,26.1106,26.6206
ALCO,2019-03-12,26.3107,26.5594,26.1767,26.469
ALCO,2019-03-13,27.3965,27.3965,26.2582,26.2582
ALCO,2019-03-14,26.2126,26.2835,25.7143,25.7319
ALCO,2019-03-15,25.659,26.2213,25.4006,25.5697
ALCO,2019-03-18,25.6862,25.8649,25.1433,25.1617
ALCO,2019-03-19,25.3832,25.526,24.9451,24.9626
ALCO,2019-03-20,25.153,25.4676,24.6023,25.1074
ALCO,2019-03-21,24.8461,24.9529,24.7053,24.7053
ALCO,2019-03-22,24.6878,24.7053,24.1361,24.2245
ALCO,2019-03-25,24.0643,24.5023,24.0643,24.4109
ALCO,2019-03-26,27.35,27.35,27.35,27.35
ALCO,2019-03-27,24.4207,24.4207,24.1371,24.2245
ALCO,2019-03-28,24.1273,24.3051,23.7603,24.1662
ALCO,2019-03-29,24.5547,24.5547,24.2954,24.3051
ALCO,2019-04-01,24.3236,24.8247,24.3236,24.7975
ALCO,2019-04-02,25.6357,25.6357,23.9933,24.4304
ALCO,2019-04-03,24.3896,24.6266,24.0098,24.1361
ALCO,2019-04-04,24.0895,25.0374,24.0895,24.3051
ALCO,2019-04-05,24.4751,25.2871,24.3187,25.0996
ALCO,2019-04-08,25.0374,25.1899,24.5547,24.8431
ALCO,2019-04-09,25.0753,25.2608,24.2303,24.7616
ALCO,2019-04-10,24.9471,25.0442,24.242,24.9937
ALCO,2019-04-11,24.1177,24.8431,24.1177,24.7422
ALCO,2019-04-12,25.324,25.324,25.0559,25.2414
ALCO,2019-04-15,25.1899,25.1899,24.9296,24.9296
ALCO,2019-04-16,25.1899,25.1899,24.7422,24.7616
ALCO,2019-04-17,24.8334,24.884,24.7382,24.7518
ALCO,2019-04-18,24.5731,24.6343,24.3002,24.51
ALCO,2019-04-22,24.5236,24.5645,24.3497,24.4304
ALCO,2019-04-23,24.377,24.4207,24.3236,24.3838
ALCO,2019-04-24,24.2595,24.2595,24.1089,24.1177
ALCO,2019-04-25,24.1089,24.5362,24.1089,24.1177
ALCO,2019-04-26,24.1089,24.2876,24.1089,24.1273
ALCO,2019-04-29,24.1944,24.4478,24.0283,24.0467
ALCO,2019-04-30,24.1177,24.9422,24.1177,24.815
ALCO,2019-05-01,24.9209,24.9209,24.2517,24.2517
ALCO,2019-05-02,24.1177,24.4304,24.1177,24.2517
ALCO,2019-05-03,24.3148,24.5994,24.2061,24.5994
ALCO,2019-05-06,24.5673,24.7703,24.3051,24.3051
ALCO,2019-05-07,24.0098,24.4207,23.9933,24.038
ALCO,2019-05-08,24.3585,25.2414,23.9554,24.1177
ALCO,2019-05-09,24.1177,24.3935,24.0467,24.0643
ALCO,2019-05-10,24.1449,24.2061,24.0467,24.1177
ALCO,2019-05-13,24.0283,25.0102,24.0283,24.0895
ALCO,2019-05-14,24.9975,24.9975,23.2348,23.3582
ALCO,2019-05-15,23.2426,23.6165,23.2426,23.4203
ALCO,2019-05-16,23.5407,23.6632,23.5369,23.6253
ALCO,2019-05-17,23.6253,23.6253,23.2426,23.3135
ALCO,2019-05-20,23.4271,23.5,23.225,23.3669
ALCO,2019-05-21,23.225,23.4203,23.1416,23.3989
ALCO,2019-05-22,23.2348,23.5728,23.2348,23.5728
ALCO,2019-05-23,23.1348,23.225,22.553,22.991
ALCO,2019-05-24,22.8745,23.8991,22.7569,23.027
ALCO,2019-05-28,23.3756,23.3756,22.7104,23.1426
ALCO,2019-05-29,22.8929,23.2912,22.8929,22.9561
ALCO,2019-05-30,23.1522,23.296,22.8658,23.1348
ALCO,2019-05-31,22.859,23.1095,22.7783,23.0182
ALCO,2019-06-03,22.5724,23.225,22.5724,23.1785
ALCO,2019-06-04,23.0455,24.1895,22.9609,24.1895
ALCO,2019-06-05,24.0186,24.7887,22.6871,23.7078
ALCO,2019-06-06,23.9107,25.0102,23.734,24.7518
ALCO,2019-06-07,24.7616,25.324,24.6169,25.3152
ALCO,2019-06-10,25.459,26.2699,25.4502,26.1009
ALCO,2019-06-11,26.065,26.2622,25.7794,26.0825
ALCO,2019-06-12,25.7949,26.2262,25.7522,25.7522
ALCO,2019-06-13,26.2078,26.7429,25.6367,26.2622
ALCO,2019-06-14,26.3059,26.9934,26.3059,26.6545
ALCO,2019-06-17,26.7516,27.1372,26.5749,26.77
ALCO,2019-06-18,26.9479,26.975,26.6778,26.9119
ALCO,2019-06-19,26.9032,26.9575,26.8516,26.9575
ALCO,2019-06-20,27.0556,27.3518,26.9245,27.1984
ALCO,2019-06-21,27.0109,27.3149,26.5749,26.5749
ALCO,2019-06-24,26.7604,26.9934,26.6448,26.6448
ALCO,2019-06-25,26.5749,26.9206,26.5749,26.9206
ALCO,2019-06-26,26.9663,26.9663,26.5836,26.5913
ALCO,2019-06-27,26.5749,27.0119,26.5749,26.9488
ALCO,2019-06-28,27.1294,28.6407,26.6351,27.1557
ALCO,2019-07-01,27.5674,28.1939,26.5836,26.6807
ALCO,2019-07-02,26.9585,27.2635,26.672,27.2178
ALCO,2019-07-03,28.1619,28.1619,27.4053,27.4946
ALCO,2019-07-05,27.4238,27.4238,26.7429,27.11
ALCO,2019-07-08,27.1916,27.2091,26.9128,27.1653
ALCO,2019-07-09,27.2091,27.2994,26.7429,27.2907
ALCO,2019-07-10,27.7443,27.7443,27.4461,27.5674
ALCO,2019-07-11,27.3354,28.3027,27.3354,28.3027
ALCO,2019-07-12,27.9715,28.6241,27.8715,28.3804
ALCO,2019-07-15,28.3114,28.9019,27.6121,28.8748
ALCO,2019-07-16,29.2944,29.2944,27.2509,27.8365
ALCO,2019-07-17,27.5578,28.0686,27.2557,27.7297
ALCO,2019-07-18,27.5228,28.3085,27.3965,27.9268
ALCO,2019-07-19,27.6918,28.8971,27.6918,28.1036
ALCO,2019-07-22,28.6757,28.6757,27.6617,28.0046
ALCO,2019-07-23,28.0764,28.3377,27.7607,27.7734
ALCO,2019-07-24,28.6329,28.6329,27.4198,27.7443
ALCO,2019-07-25,27.3538,27.8365,27.3257,27.7355
ALCO,2019-07-26,27.7006,28.6155,27.5578,28.2493
ALCO,2019-07-29,28.3979,28.5425,28.1851,28.1939
ALCO,2019-07-30,28.7038,28.7669,28.3464,28.6155
ALCO,2019-07-31,28.865,29.0505,28.5523,28.5523
ALCO,2019-08-01,28.9107,28.9107,28.6067,28.6067
ALCO,2019-08-02,28.1939,28.9107,27.9084,28.6669
ALCO,2019-08-05,28.5056,28.5056,26.8691,26.8691
ALCO,2019-08-06,27.3179,27.6957,27.2373,27.5044
ALCO,2019-08-07,27.649,27.9647,26.8963,26.976
ALCO,2019-08-08,27.4383,27.72,27.1653,27.5578
ALCO,2019-08-09,27.5674,27.7822,27.2577,27.5947
ALCO,2019-08-12,27.6655,28.9019,27.6655,28.3979
ALCO,2019-08-13,28.4076,28.9019,27.6374,28.9019
ALCO,2019-08-14,28.4532,28.7398,28.021,28.3114
ALCO,2019-08-15,28.7398,28.7767,28.4629,28.7669
ALCO,2019-08-16,28.7495,28.8203,27.8462,28.6155
ALCO,2019-08-19,28.7116,28.73,28.6582,28.73
ALCO,2019-08-20,28.6582,28.73,28.5329,28.5523
ALCO,2019-08-21,28.427,28.7116,28.3794,28.7116
ALCO,2019-08-22,28.4863,28.7038,28.4863,28.6407
ALCO,2019-08-23,28.6329,28.73,27.989,27.989
ALCO,2019-08-26,28.1017,28.3716,27.8879,28.3454
ALCO,2019-08-27,28.6853,28.6853,27.6394,28.0842
ALCO,2019-08-28,28.2298,28.2396,27.5267,27.7297
ALCO,2019-08-29,27.855,28.1181,27.4772,27.7539
ALCO,2019-08-30,27.5772,27.5772,26.4234,26.7176
ALCO,2019-09-03,26.9041,27.2907,26.3767,26.9673
ALCO,2019-09-04,27.3344,27.5228,27.1819,27.3801
ALCO,2019-09-05,27.5044,27.5947,27.3965,27.5869
ALCO,2019-09-06,27.6121,27.6121,27.4675,27.4675
ALCO,2019-09-09,28.5377,28.5377,27.7443,28.2298
ALCO,2019-09-10,28.1716,28.362,27.9618,28.222
ALCO,2019-09-11,28.3979,28.597,28.3979,28.597
ALCO,2019-09-12,28.6329,29.3575,28.6329,29.3399
ALCO,2019-09-13,29.2846,30.2403,28.8437,29.8052
ALCO,2019-09-16,30.0908,30.2073,29.5721,30.181
ALCO,2019-09-17,30.0908,30.6579,30.0908,30.2248
ALCO,2019-09-18,30.4754,30.7541,30.2199,30.6191
ALCO,2019-09-19,30.7541,31.0532,30.521,30.6997
ALCO,2019-09-20,30.7279,30.9862,29.5624,29.6518
ALCO,2019-09-23,29.9207,29.9207,29.6168,29.7693
ALCO,2019-09-24,29.8149,30.2695,29.8149,30.0645
ALCO,2019-09-25,30.1539,30.2161,29.8401,30.1451
ALCO,2019-09-26,30.1724,30.5705,30.1724,30.3073
ALCO,2019-09-27,30.4938,30.7103,30.2695,30.3714
ALCO,2019-09-30,30.4219,30.7366,30.1539,30.5035
ALCO,2019-10-01,30.6657,30.6657,30.1985,30.4598
ALCO,2019-10-02,30.1539,30.4763,30.047,30.1724
ALCO,2019-10-03,30.0296,30.0557,29.9159,30.0557
ALCO,2019-10-04,29.947,30.4598,29.9285,30.4598
ALCO,2019-10-07,30.181,30.62,30.181,30.4317
ALCO,2019-10-08,30.4851,30.755,30.352,30.4413
ALCO,2019-10-09,30.5366,30.6492,30.4122,30.4676
ALCO,2019-10-10,30.555,30.8347,30.4714,30.691
ALCO,2019-10-11,30.755,30.8075,30.4501,30.4501
ALCO,2019-10-14,30.4763,30.7279,30.4763,30.5753
ALCO,2019-10-15,30.6657,30.6657,30.4588,30.6579
ALCO,2019-10-16,30.7249,30.7249,30.181,30.4132
ALCO,2019-10-17,30.7103,30.7103,30.4413,30.62
ALCO,2019-10-18,30.4501,30.4763,29.6071,29.6071
ALCO,2019-10-21,29.8489,29.9742,29.7061,29.9111
ALCO,2019-10-22,30.0111,30.1004,29.8664,30.0383
ALCO,2019-10-23,30.0208,30.047,28.6921,28.6921
ALCO,2019-10-24,29.0243,29.0243,28.3493,28.6038
ALCO,2019-10-25,28.1901,28.6038,28.1901,28.4241
ALCO,2019-10-28,29.1778,29.1778,28.3415,28.53
ALCO,2019-10-29,28.5494,29.1584,28.5038,28.7368
ALCO,2019-10-30,29.0952,29.2031,28.3512,29.2031
ALCO,2019-10-31,30.0665,30.0665,28.5008,29.4556
ALCO,2019-11-01,29.5186,29.5186,29.1001,29.4361
ALCO,2019-11-04,29.509,29.8586,29.2972,29.7595
ALCO,2019-11-05,29.6604,29.9693,29.2166,29.5886
ALCO,2019-11-06,29.3419,29.9645,29.1827,29.5401
ALCO,2019-11-07,29.5537,29.8314,29.4264,29.7149
ALCO,2019-11-08,29.0952,30.0111,29.0952,29.5186
ALCO,2019-11-11,29.5186,29.5614,28.6213,28.6213
ALCO,2019-11-12,29.3118,29.3118,28.6921,28.8078
ALCO,2019-11-13,28.8262,28.8359,28.0822,28.1541
ALCO,2019-11-14,28.3959,28.4047,28.0269,28.1725
ALCO,2019-11-15,28.3415,28.4863,28.155,28.294
ALCO,2019-11-18,28.1541,28.5222,28.0997,28.291
ALCO,2019-11-19,27.6588,29.24,27.6588,29.24
ALCO,2019-11-20,28.1725,30.0014,28.1725,29.4089
ALCO,2019-11-21,29.947,30.4267,29.947,30.2161
ALCO,2019-11-22,30.2161,30.2422,29.3381,30.0383
ALCO,2019-11-25,30.1267,30.1267,28.4047,29.7595
ALCO,2019-11-26,29.814,30.4501,29.814,30.4132
ALCO,2019-11-27,30.3617,30.6657,29.814,30.2831
ALCO,2019-11-29,30.4044,30.4044,29.7906,30.3617
ALCO,2019-12-02,30.1082,30.252,30.0111,30.2073
ALCO,2019-12-03,29.9382,30.3569,29.1584,29.5808
ALCO,2019-12-04,29.3642,29.5886,29.3642,29.373
ALCO,2019-12-05,29.373,29.5808,28.9962,29.4993
ALCO,2019-12-06,29.4993,29.5886,28.7563,29.5449
ALCO,2019-12-09,29.5886,31.3825,29.5128,31.1844
ALCO,2019-12-10,31.3737,31.9924,30.8522,31.9924
ALCO,2019-12-11,31.7875,32.4848,31.6418,32.3877
ALCO,2019-12-12,32.2789,32.7092,31.669,32.038
ALCO,2019-12-13,32.038,32.0556,31.5291,32.0556
ALCO,2019-12-16,32.038,32.038,31.4495,31.5446
ALCO,2019-12-17,31.6058,31.7875,30.6744,31.3922
ALCO,2019-12-18,31.7594,31.7594,31.3465,31.6515
ALCO,2019-12-19,31.3825,31.3825,31.1397,31.3106
ALCO,2019-12-20,31.2582,31.3825,31.2582,31.3184
ALCO,2019-12-23,31.3184,31.3825,31.1493,31.3465
ALCO,2019-12-24,31.3368,31.3825,31.1581,31.2844
ALCO,2019-12-26,31.194,31.6884,31.194,31.6068
ALCO,2019-12-27,31.633,32.3178,31.5738,32.3178
ALCO,2019-12-30,32.1031,32.3634,31.6427,32.2275
ALCO,2019-12-31,32.1906,32.3352,31.9672,32.209
ALCO,2020-01-02,32.2818,32.4732,32.1381,32.3721
ALCO,2020-01-03,32.2556,32.713,32.1031,32.209
ALCO,2020-01-06,32.1468,32.4343,30.8444,32.2469
ALCO,2020-01-07,32.1828,32.5149,31.9934,32.3352
ALCO,2020-01-08,32.2993,32.5334,31.9575,32.5247
ALCO,2020-01-09,32.4595,32.478,31.7787,31.9128
ALCO,2020-01-10,31.9303,32.3547,31.8633,32.2993
ALCO,2020-01-13,32.2906,32.6237,31.6311,32.6237
ALCO,2020-01-14,32.579,33.0355,32.579,32.8121
ALCO,2020-01-15,32.8296,33.6707,32.5567,33.6027
ALCO,2020-01-16,33.5231,34.1514,33.355,34.1514
ALCO,2020-01-17,34.1602,34.3855,33.3405,33.5231
ALCO,2020-01-21,33.5309,33.8824,33.3405,33.8824
ALCO,2020-01-22,33.8911,33.9262,33.0452,33.154
ALCO,2020-01-23,33.1725,33.3405,32.8024,33.2346
ALCO,2020-01-24,33.3153,33.5143,33.1569,33.1637
ALCO,2020-01-27,33.054,33.9436,32.3761,33.3239
ALCO,2020-01-28,33.6202,33.6202,33.2405,33.558
ALCO,2020-01-29,33.6474,33.6474,33.2793,33.4958
ALCO,2020-01-30,33.423,33.6202,33.1113,33.2793
ALCO,2020-01-31,33.2793,33.4958,32.345,32.3547
ALCO,2020-02-03,32.3547,32.9384,32.3547,32.3906
ALCO,2020-02-04,32.6597,32.6597,32.1828,32.1828
ALCO,2020-02-05,32.3984,32.6237,32.209,32.4266
ALCO,2020-02-06,32.5247,32.984,32.5247,32.8296
ALCO,2020-02-07,31.4728,32.9015,31.4728,32.8024
ALCO,2020-02-10,32.7558,33.3317,31.8593,32.1031
ALCO,2020-02-11,32.3091,32.3178,31.8428,32.0935
ALCO,2020-02-12,32.1731,32.614,32.1119,32.614
ALCO,2020-02-13,32.7752,33.728,32.7752,33.6202
ALCO,2020-02-14,33.7834,33.7912,33.2259,33.6202
ALCO,2020-02-18,33.7912,33.7912,32.6053,32.9015
ALCO,2020-02-19,32.9112,33.0899,32.7228,32.7383
ALCO,2020-02-20,32.7053,33.0588,31.7506,32.2275
ALCO,2020-02-21,32.1119,32.6597,31.8332,32.1031
ALCO,2020-02-24,31.7885,32.1158,31.1639,31.7156
ALCO,2020-02-25,31.5709,31.5709,30.6181,30.6181
ALCO,2020-02-26,30.5735,30.8065,29.6459,30.114
ALCO,2020-02-27,29.7926,30.0266,28.9874,29.7829
ALCO,2020-02-28,27.6442,29.8353,27.6442,29.2769
ALCO,2020-03-02,29.2526,30.6375,29.2526,30.0441
ALCO,2020-03-03,29.373,30.3092,29.373,29.4129
ALCO,2020-03-04,29.7197,30.5356,28.8563,29.5934
ALCO,2020-03-05,29.2526,30.4588,28.9117,29.2059
ALCO,2020-03-06,28.7767,29.71,28.4212,28.8388
ALCO,2020-03-09,27.4266,28.0279,26.9595,27.6879
ALCO,2020-03-10,28.7116,28.7116,26.4272,26.9138
ALCO,2020-03-11,26.5389,28.3173,26.5389,27.1042
ALCO,2020-03-12,26.1679,27.7326,24.3712,26.5205
ALCO,2020-03-13,26.5205,27.3189,25.862,27.1751
ALCO,2020-03-16,25.593,25.6658,20.4299,20.6853
ALCO,2020-03-17,20.2716,22.1392,20.2716,22.0509
ALCO,2020-03-18,21.2612,22.2403,20.7572,21.574
ALCO,2020-03-19,21.4846,24.9451,20.5454,24.4518
ALCO,2020-03-20,24.4051,30.3044,23.1386,26.0164
ALCO,2020-03-23,26.708,27.5714,22.7521,24.2546
ALCO,2020-03-24,24.7121,27.5335,24.6965,27.5335
ALCO,2020-03-25,27.2014,29.172,26.5205,28.1473
ALCO,2020-03-26,28.3261,29.2021,26.8934,28.3261
ALCO,2020-03-27,26.0552,28.7417,24.0545,24.4596
ALCO,2020-03-30,24.4227,27.8035,24.1895,26.7856
ALCO,2020-03-31,26.6769,28.5786,24.2099,27.9851
ALCO,2020-04-01,27.0294,27.6043,24.1808,24.5226
ALCO,2020-04-02,24.243,26.0592,23.8816,25.9659
ALCO,2020-04-03,25.1277,26.7487,24.2332,26.604
ALCO,2020-04-06,27.0828,27.9754,26.3699,27.3257
ALCO,2020-04-07,27.381,27.5519,24.9325,25.3346
ALCO,2020-04-08,25.4676,26.1437,25.4676,25.7309
ALCO,2020-04-09,26.2708,26.9186,25.7941,26.2359
ALCO,2020-04-13,26.1437,26.1437,24.9451,25.558
ALCO,2020-04-14,25.9999,26.131,25.4774,25.8202
ALCO,2020-04-15,25.4239,25.4289,24.3643,24.882
ALCO,2020-04-16,24.477,24.4867,23.6845,24.2604
ALCO,2020-04-17,24.2604,25.4239,24.2604,25.4152
ALCO,2020-04-20,24.7927,25.1986,24.3507,25.1443
ALCO,2020-04-21,24.4683,24.7567,23.5942,23.6203
ALCO,2020-04-22,24.7927,24.7927,24.1478,24.2691
ALCO,2020-04-23,24.1614,25.0723,24.1614,24.7927
ALCO,2020-04-24,24.513,25.4152,24.2741,25.0646
ALCO,2020-04-27,25.5045,26.672,24.95,26.64
ALCO,2020-04-28,27.0294,27.8015,26.6593,27.3169
ALCO,2020-04-29,28.0375,29.8324,27.8831,29.0573
ALCO,2020-04-30,28.4892,28.4892,25.9678,26.4234
ALCO,2020-05-01,25.829,26.776,25.2151,26.6944
ALCO,2020-05-04,26.1437,27.1372,25.5133,25.9659
ALCO,2020-05-05,26.1699,26.268,25.2424,25.2618
ALCO,2020-05-06,25.2424,25.6852,24.6392,24.882
ALCO,2020-05-07,25.4608,26.2262,25.4006,25.9475
ALCO,2020-05-08,26.4321,27.6782,26.4321,26.64
ALCO,2020-05-11,26.4962,26.4962,25.5133,26.4612
ALCO,2020-05-12,26.1437,26.5963,25.9562,26.1437
ALCO,2020-05-13,25.7843,25.7843,24.7927,25.0646
ALCO,2020-05-14,24.5848,26.3757,23.8914,24.9724
ALCO,2020-05-15,25.0899,25.8008,24.8286,25.3511
ALCO,2020-05-18,26.1437,27.6782,26.0494,27.5791
ALCO,2020-05-19,27.2528,27.7316,26.3845,27.2994
ALCO,2020-05-20,27.8113,28.0842,26.5963,27.01
ALCO,2020-05-21,26.6759,27.8929,26.6759,27.6422
ALCO,2020-05-22,27.3169,28.3261,27.0556,28.3261
ALCO,2020-05-26,28.9563,29.1457,26.8575,27.4966
ALCO,2020-05-27,27.8676,28.5698,27.1091,28.1473
ALCO,2020-05-28,28.5056,29.4079,27.8929,28.7601
ALCO,2020-05-29,28.4989,29.0495,27.9978,28.9301
ALCO,2020-06-01,28.8311,29.2565,27.9851,27.9948
ALCO,2020-06-02,28.0648,28.5329,27.7772,27.8492
ALCO,2020-06-03,27.9025,28.8951,27.8588,28.3891
ALCO,2020-06-04,28.1473,28.4755,27.9667,28.1997
ALCO,2020-06-05,28.7864,29.4983,28.3445,28.3445
ALCO,2020-06-08,29.0108,29.6207,28.3979,29.2807
ALCO,2020-06-09,29.0204,29.5643,28.4892,28.8854
ALCO,2020-06-10,28.8951,29.4255,28.5329,28.732
ALCO,2020-06-11,28.2094,28.7786,27.3887,27.4966
ALCO,2020-06-12,28.2541,28.2541,27.0459,27.1645
ALCO,2020-06-15,27.0459,29.2089,26.7944,29.2089
ALCO,2020-06-16,29.3002,30.185,28.631,29.9752
ALCO,2020-06-17,29.1506,30.0228,27.9754,28.4795
ALCO,2020-06-18,28.6155,28.9932,27.6782,27.7394
ALCO,2020-06-19,27.9948,28.732,26.6497,27.0644
ALCO,2020-06-22,26.7399,28.3794,26.7399,27.922
ALCO,2020-06-23,27.4062,28.0375,27.1284,27.1984
ALCO,2020-06-24,27.4519,27.4519,24.9917,26.1815
ALCO,2020-06-25,26.2359,27.2654,26.2262,27.0129
ALCO,2020-06-26,26.6962,26.6962,25.3764,25.7115
ALCO,2020-06-29,26.0815,27.5111,26.0815,27.483
ALCO,2020-06-30,27.1042,28.3415,27.1042,28.1793
ALCO,2020-07-01,28.4872,28.8893,28.0977,28.6145
ALCO,2020-07-02,28.5134,29.2574,28.5134,28.9388
ALCO,2020-07-06,29.3827,29.9023,28.7407,28.8028
ALCO,2020-07-07,28.6232,29.2282,28.4872,28.5407
ALCO,2020-07-08,28.6232,28.7096,27.9433,28.5688
ALCO,2020-07-09,28.4416,28.5601,27.2936,27.8171
ALCO,2020-07-10,27.9627,29.3827,27.9627,28.6669
ALCO,2020-07-13,28.9214,29.2593,28.4872,28.8116
ALCO,2020-07-14,28.6397,29.6556,28.5407,29.373
ALCO,2020-07-15,29.3924,30.7472,29.3924,30.0607
ALCO,2020-07-16,29.9839,30.2966,26.8322,27.1042
ALCO,2020-07-17,26.7594,28.0803,26.7594,27.9725
ALCO,2020-07-20,27.7355,28.6863,27.2022,28.6319
ALCO,2020-07-21,29.1603,29.7712,28.9438,29.3303
ALCO,2020-07-22,28.9388,29.3303,28.6863,29.0748
ALCO,2020-07-23,29.102,29.102,26.7002,28.4416
ALCO,2020-07-24,28.1172,28.4513,27.4976,28.1706
ALCO,2020-07-27,28.1444,28.8485,27.8889,28.8301
ALCO,2020-07-28,28.596,28.8359,28.3512,28.3512
ALCO,2020-07-29,28.5503,28.7776,28.2968,28.6319
ALCO,2020-07-30,27.6821,28.6669,27.2479,28.2162
ALCO,2020-07-31,28.1706,28.1706,26.9352,27.2936
ALCO,2020-08-03,27.719,27.8268,27.2936,27.7918
ALCO,2020-08-04,27.8074,28.3872,27.1751,28.3319
ALCO,2020-08-05,28.3319,29.6712,27.6588,29.509
ALCO,2020-08-06,28.9932,29.5148,27.9278,29.2729
ALCO,2020-08-07,29.2089,29.8431,28.4017,29.3206
ALCO,2020-08-10,29.5274,29.5274,29.0622,29.2729
ALCO,2020-08-11,29.4731,29.7712,28.9661,28.9661
ALCO,2020-08-12,29.4361,29.5226,28.9214,29.2661
ALCO,2020-08-13,29.1652,29.1652,28.5038,28.5038
ALCO,2020-08-14,28.5134,29.1846,27.9316,28.0337
ALCO,2020-08-17,29.0545,29.0545,28.0249,28.2968
ALCO,2020-08-18,28.3415,28.3415,27.9278,27.9278
ALCO,2020-08-19,27.9084,28.8028,27.9084,28.1793
ALCO,2020-08-20,27.9181,29.6624,27.9181,29.4177
ALCO,2020-08-21,29.0836,29.3458,28.6319,29.3458
ALCO,2020-08-24,29.4361,29.7712,28.428,29.238
ALCO,2020-08-25,29.137,29.4177,29.137,29.2089
ALCO,2020-08-26,29.3012,29.3012,28.9388,28.9388
ALCO,2020-08-27,29.3012,29.4556,28.7591,29.2089
ALCO,2020-08-28,29.2574,29.7081,28.8806,29.7081
ALCO,2020-08-31,29.6983,30.0432,29.2282,29.2282
ALCO,2020-09-01,29.3924,29.8072,28.5649,28.7222
ALCO,2020-09-02,29.0108,29.1943,26.9401,27.3295
ALCO,2020-09-03,27.2207,28.023,26.9857,27.2752
ALCO,2020-09-04,27.3839,27.4733,26.6914,27.3927
ALCO,2020-09-08,27.0129,27.483,26.5166,27.4014
ALCO,2020-09-09,27.3577,27.8686,27.2353,27.7627
ALCO,2020-09-10,28.0074,28.0074,26.9595,27.3927
ALCO,2020-09-11,27.5364,27.6326,27.076,27.4471
ALCO,2020-09-14,27.4033,28.3066,27.4033,28.0803
ALCO,2020-09-15,28.2337,28.6232,27.8074,27.9812
ALCO,2020-09-16,28.2677,28.2677,27.3577,27.3577
ALCO,2020-09-17,27.2752,27.5044,27.2567,27.483
ALCO,2020-09-18,27.483,27.8171,27.1314,27.1314
ALCO,2020-09-21,26.7497,27.8006,26.2262,26.3068
ALCO,2020-09-22,26.4146,26.8944,26.3428,26.6788
ALCO,2020-09-23,26.5875,26.6322,25.051,25.051
ALCO,2020-09-24,24.7791,25.2686,24.0876,24.1895
ALCO,2020-09-25,24.4974,25.3404,24.4343,25.1772
ALCO,2020-09-28,25.5396,26.3107,25.3142,25.8756
ALCO,2020-09-29,26.2301,26.2301,25.5775,26.0019
ALCO,2020-09-30,26.2738,26.4661,25.6493,25.9678
ALCO,2020-10-01,25.6551,26.5476,25.6551,25.9941
ALCO,2020-10-02,26.1591,26.6575,26.1591,26.6575
ALCO,2020-10-05,26.7924,27.2916,26.7565,27.2732
ALCO,2020-10-06,27.2188,27.5199,27.0381,27.0381
ALCO,2020-10-07,27.4549,28.6416,26.874,28.4892
ALCO,2020-10-08,28.4892,28.796,27.9822,28.2172
ALCO,2020-10-09,28.4532,28.6562,28.1891,28.2814
ALCO,2020-10-12,28.1891,28.698,28.1891,28.4707
ALCO,2020-10-13,28.358,28.6165,27.6996,27.7529
ALCO,2020-10-14,27.7529,28.0716,27.0925,27.855
ALCO,2020-10-15,27.4635,27.9278,26.5117,27.9278
ALCO,2020-10-16,27.4635,28.6165,27.4635,27.8715
ALCO,2020-10-19,27.719,27.719,27.2285,27.2285
ALCO,2020-10-20,27.4635,27.5733,27.4549,27.5733
ALCO,2020-10-21,26.8556,27.7918,26.8556,27.6996
ALCO,2020-10-22,27.6723,28.2347,27.6723,28.1454
ALCO,2020-10-23,28.3794,28.6611,27.6996,28.0541
ALCO,2020-10-26,27.7822,28.4076,27.7676,27.7822
ALCO,2020-10-27,27.9433,28.1619,27.9433,27.9531
ALCO,2020-10-28,27.6462,27.6462,26.638,26.638
ALCO,2020-10-29,26.4923,26.4923,25.3589,26.1126
ALCO,2020-10-30,26.2923,26.4748,25.7872,26.2029
ALCO,2020-11-02,25.7211,26.3641,25.422,25.623
ALCO,2020-11-03,25.8853,26.6098,25.3725,26.5846
ALCO,2020-11-04,26.1942,26.5526,25.695,25.9397
ALCO,2020-11-05,26.1126,26.9469,26.1126,26.502
ALCO,2020-11-06,26.7021,26.7021,26.2398,26.2398
ALCO,2020-11-09,27.8715,27.8715,25.9222,25.9222
ALCO,2020-11-10,26.3476,28.5106,26.3302,28.3085
ALCO,2020-11-11,27.9433,28.4892,27.4908,28.4892
ALCO,2020-11-12,27.7822,28.1532,27.2644,28.0347
ALCO,2020-11-13,28.1619,29.0535,27.7948,28.4795
ALCO,2020-11-16,28.9077,29.6235,28.9077,29.4604
ALCO,2020-11-17,29.0487,29.3012,28.427,28.9428
ALCO,2020-11-18,29.3254,29.3419,27.8841,27.9725
ALCO,2020-11-19,28.2027,28.2027,28.0716,28.0716
ALCO,2020-11-20,27.7433,28.5124,27.3887,28.2444
ALCO,2020-11-23,28.1269,28.598,28.1269,28.2444
ALCO,2020-11-24,28.7621,29.4516,28.7252,29.1972
ALCO,2020-11-25,28.5844,29.1253,28.5844,29.034
ALCO,2020-11-27,29.0612,29.3497,28.2172,29.17
ALCO,2020-11-30,29.2623,29.306,28.1181,28.1181
ALCO,2020-12-01,28.8796,28.9699,28.1036,28.8981
ALCO,2020-12-02,28.7126,28.8058,27.9433,27.9433
ALCO,2020-12-03,28.3085,28.7252,27.5199,28.3435
ALCO,2020-12-04,28.5056,28.665,28.1716,28.2716
ALCO,2020-12-07,28.1045,29.2332,27.9822,28.3085
ALCO,2020-12-08,28.6989,29.17,27.9627,28.7709
ALCO,2020-12-09,29.0778,29.0778,28.1978,28.6077
ALCO,2020-12-10,28.3979,28.9039,28.1211,28.4892
ALCO,2020-12-11,28.291,28.8758,28.0696,28.3979
ALCO,2020-12-14,28.4348,28.8845,28.4348,28.5056
ALCO,2020-12-15,28.5794,28.5794,28.3707,28.3979
ALCO,2020-12-16,28.598,29.4322,28.598,28.8155
ALCO,2020-12-17,29.0194,29.3322,28.5435,28.5794
ALCO,2020-12-18,28.9243,29.4895,27.719,28.3251
ALCO,2020-12-21,28.0812,28.4892,27.8462,28.0628
ALCO,2020-12-22,28.3979,29.3798,28.2629,28.3979
ALCO,2020-12-23,28.3435,28.564,28.29,28.564
ALCO,2020-12-24,28.7174,28.8407,28.2978,28.6999
ALCO,2020-12-28,28.9272,29.1205,28.5902,28.8825
ALCO,2020-12-29,29.0729,29.0729,27.7403,27.9793
ALCO,2020-12-30,28.5212,28.5212,28.1337,28.2804
ALCO,2020-12-31,28.2804,28.9146,27.9336,28.3076
ALCO,2021-01-04,28.5902,28.5902,27.785,27.9248
ALCO,2021-01-05,27.9695,28.1978,27.6675,27.9055
ALCO,2021-01-06,28.1434,28.6271,27.9248,28.0064
ALCO,2021-01-07,28.2337,28.9185,28.0919,28.4629
ALCO,2021-01-08,28.6358,28.6358,27.9055,28.125
ALCO,2021-01-11,27.9695,28.3979,27.9695,28.29
ALCO,2021-01-12,28.3979,28.9923,28.3532,28.9923
ALCO,2021-01-13,28.7902,29.0282,28.3163,28.4348
ALCO,2021-01-14,28.5164,29.0816,28.2435,28.6087
ALCO,2021-01-15,28.3532,28.6853,27.9414,28.29
ALCO,2021-01-19,28.3891,28.6815,28.1337,28.2619
ALCO,2021-01-20,28.4231,28.7358,28.1065,28.3076
ALCO,2021-01-21,28.2435,28.5232,27.651,28.3076
ALCO,2021-01-22,28.1522,28.5174,27.8861,28.2337
ALCO,2021-01-25,28.0424,28.4998,27.8773,27.9793
ALCO,2021-01-26,28.1065,28.156,27.8326,27.852
ALCO,2021-01-27,27.6957,28.2114,27.3305,27.4577
ALCO,2021-01-28,27.6957,27.7588,27.3771,27.4499
ALCO,2021-01-29,27.4665,27.4665,26.8332,27.1033
ALCO,2021-02-01,27.3586,27.4402,26.9196,27.1033
ALCO,2021-02-02,27.3392,27.9793,27.1207,27.8326
ALCO,2021-02-03,27.9695,27.9695,27.55,27.9695
ALCO,2021-02-04,28.1065,28.2619,27.7491,27.8705
ALCO,2021-02-05,28.1181,28.1929,27.7423,28.1881
ALCO,2021-02-08,28.125,28.8728,28.1065,28.8728
ALCO,2021-02-09,28.6534,28.7902,27.7782,27.8132
ALCO,2021-02-10,27.7491,28.5882,27.179,27.6316
ALCO,2021-02-11,28.1065,28.1065,27.3081,27.5403
ALCO,2021-02-12,27.4577,27.7491,26.9838,27.4499
ALCO,2021-02-16,27.7248,27.7248,26.6739,26.8196
ALCO,2021-02-17,26.7468,27.3771,26.4816,27.2479
ALCO,2021-02-18,27.2401,27.4762,26.9838,26.9838
ALCO,2021-02-19,27.1304,27.4966,26.9196,27.0654
ALCO,2021-02-22,26.9934,27.5044,26.9012,27.2022
ALCO,2021-02-23,27.3305,27.3305,26.538,27.2315
ALCO,2021-02-24,27.3441,27.5957,26.7837,27.5588
ALCO,2021-02-25,27.3771,28.1609,27.3771,27.6219
ALCO,2021-02-26,27.5141,27.7054,27.0469,27.0469
ALCO,2021-03-01,27.7403,27.7685,26.9575,27.0304
ALCO,2021-03-02,27.1936,27.5451,26.7837,27.3208
ALCO,2021-03-03,27.4315,27.852,27.0848,27.1751
ALCO,2021-03-04,27.1576,27.7326,26.1087,26.5827
ALCO,2021-03-05,26.9381,28.2804,26.8516,27.4665
ALCO,2021-03-08,27.413,28.125,27.3771,28.0142
ALCO,2021-03-09,28.0618,28.4173,27.8326,28.0618
ALCO,2021-03-10,28.2337,28.6436,27.6859,28.3794
ALCO,2021-03-11,28.2804,28.663,28.0327,28.4707
ALCO,2021-03-12,28.427,28.4707,27.9055,28.29
ALCO,2021-03-15,28.2435,28.4707,28.0055,28.1978
ALCO,2021-03-16,27.9336,28.6358,27.9103,28.6087
ALCO,2021-03-17,28.6534,28.7358,27.8773,28.0793
ALCO,2021-03-18,28.1434,28.5854,27.8861,28.0327
ALCO,2021-03-19,28.2066,28.294,27.4315,27.4315
ALCO,2021-03-22,27.5588,27.7491,27.1304,27.1838
ALCO,2021-03-23,27.2946,27.349,26.1262,26.1262
ALCO,2021-03-24,26.4088,27.2479,26.3185,26.4816
ALCO,2021-03-25,26.3272,27.2266,26.3272,26.8867
ALCO,2021-03-26,27.2907,27.5937,26.9041,27.5373
ALCO,2021-03-29,27.585,27.8317,27.1334,27.3091
ALCO,2021-03-30,27.3907,27.5209,26.9964,27.3354
ALCO,2021-03-31,27.3635,27.6296,27.0508,27.4188
ALCO,2021-04-01,27.4188,27.5373,26.9507,27.0983
ALCO,2021-04-05,27.3819,27.3819,26.6749,26.9507
ALCO,2021-04-06,27.1576,27.2246,26.771,26.8672
ALCO,2021-04-07,27.0149,27.0149,26.4088,26.5292
ALCO,2021-04-08,26.638,26.9857,26.2883,26.8303
ALCO,2021-04-09,26.7215,26.9828,26.5001,26.7487
ALCO,2021-04-12,26.7944,26.9964,26.4554,26.5458
ALCO,2021-04-13,26.5292,26.7215,26.2058,26.638
ALCO,2021-04-14,26.5933,26.9692,26.5933,26.8129
ALCO,2021-04-15,27.0051,27.1071,26.6477,26.8585
ALCO,2021-04-16,27.0789,27.0789,26.6575,26.9226
ALCO,2021-04-19,26.8585,27.1071,26.5458,26.9507
ALCO,2021-04-20,26.8303,26.978,26.3991,26.5544
ALCO,2021-04-21,26.638,27.2625,26.3962,27.0692
ALCO,2021-04-22,27.0245,27.1149,26.3622,26.5458
ALCO,2021-04-23,26.7118,27.2072,26.5544,27.0149
ALCO,2021-04-26,27.0692,27.3995,26.9692,27.2907
ALCO,2021-04-27,27.483,27.5471,27.0983,27.4733
ALCO,2021-04-28,27.5373,27.5373,27.1246,27.4373
ALCO,2021-04-29,27.5471,27.7229,27.2907,27.684
ALCO,2021-04-30,27.585,27.684,27.4188,27.5209
ALCO,2021-05-03,27.483,28.1619,27.483,28.1522
ALCO,2021-05-04,28.1522,28.2726,28.0191,28.1347
ALCO,2021-05-05,27.9695,30.2306,27.7394,28.9709
ALCO,2021-05-06,29.2914,29.3507,28.2357,28.3367
ALCO,2021-05-07,28.3736,28.796,28.1172,28.3823
ALCO,2021-05-10,28.4843,29.6664,28.3921,28.9709
ALCO,2021-05-11,28.6125,29.0622,28.2774,28.6223
ALCO,2021-05-12,28.4649,28.864,28.2823,28.4007
ALCO,2021-05-13,28.4377,29.2001,28.4377,29.0894
ALCO,2021-05-14,29.0991,29.3934,28.9165,29.2914
ALCO,2021-05-17,29.1185,30.1004,29.0545,29.8702
ALCO,2021-05-18,29.778,30.1179,29.3846,29.6595
ALCO,2021-05-19,29.4488,29.4488,28.5212,28.9515
ALCO,2021-05-20,28.9855,29.3846,28.7864,29.3108
ALCO,2021-05-21,29.475,30.2646,29.2613,29.7964
ALCO,2021-05-24,29.9626,30.2102,29.3108,29.475
ALCO,2021-05-25,29.7518,29.7518,28.7407,28.7786
ALCO,2021-05-26,28.1396,29.2467,28.1396,29.2176
ALCO,2021-05-27,29.2274,29.5857,29.2001,29.375
ALCO,2021-05-28,29.4109,29.5575,29.2565,29.3846
ALCO,2021-06-01,28.598,30.183,28.598,30.0354
ALCO,2021-06-02,30.1548,30.2646,29.6712,30.082
ALCO,2021-06-03,29.8897,30.6608,29.88,30.2927
ALCO,2021-06-04,30.0723,30.523,29.6682,29.98
ALCO,2021-06-07,29.8897,29.9538,29.2914,29.9538
ALCO,2021-06-08,29.8702,30.1004,29.6595,29.7693
ALCO,2021-06-09,30.1732,30.2927,29.5128,29.6595
ALCO,2021-06-10,29.8897,29.8897,29.2001,29.3303
ALCO,2021-06-11,29.3846,29.6042,28.933,29.2274
ALCO,2021-06-14,29.4662,32.1226,29.4662,31.468
ALCO,2021-06-15,31.7341,33.1763,31.33,32.9549
ALCO,2021-06-16,32.8093,32.8636,31.4184,31.4592
ALCO,2021-06-17,31.5233,32.5839,30.8065,31.5233
ALCO,2021-06-18,31.5233,31.6787,30.8531,31.0368
ALCO,2021-06-21,31.23,32.1196,30.9911,31.3029
ALCO,2021-06-22,31.4407,31.4407,30.5492,31.0552
ALCO,2021-06-23,30.7978,32.1381,30.623,31.7069
ALCO,2021-06-24,31.9118,33.0666,31.2504,32.9461
ALCO,2021-06-25,33.0015,33.3279,32.0935,32.853
ALCO,2021-06-28,32.8345,32.984,32.4188,32.5179
ALCO,2021-06-29,32.648,32.919,32.4615,32.6101
ALCO,2021-06-30,32.648,33.3094,32.4052,33.1695
ALCO,2021-07-01,33.3376,33.356,32.6043,32.6577
ALCO,2021-07-02,32.6577,32.9364,32.0293,32.3683
ALCO,2021-07-06,32.5179,32.5179,31.8467,32.1352
ALCO,2021-07-07,32.108,32.1915,31.5865,32.1915
ALCO,2021-07-08,31.9118,32.3498,31.7263,31.772
ALCO,2021-07-09,32.0701,32.6529,31.7341,31.9118
ALCO,2021-07-12,31.9584,32.2576,31.9118,32.108
ALCO,2021-07-13,32.0789,32.3498,31.8564,32.3304
ALCO,2021-07-14,32.3877,32.6296,32.1633,32.4246
ALCO,2021-07-15,33.1744,33.1744,32.2177,32.8714
ALCO,2021-07-16,32.9743,33.0578,32.5265,32.7791
ALCO,2021-07-19,32.6013,32.9646,32.0137,32.6761
ALCO,2021-07-20,32.7694,33.3376,32.6198,33.2064
ALCO,2021-07-21,33.2162,33.6872,33.1268,33.5056
ALCO,2021-07-22,33.4493,34.2078,32.984,33.793
ALCO,2021-07-23,34.0271,34.2039,33.6542,34.0078
ALCO,2021-07-26,34.0825,34.4467,34.0388,34.4467
ALCO,2021-07-27,34.4089,34.5575,34.1942,34.5575
ALCO,2021-07-28,34.6885,34.8051,34.2224,34.6885
ALCO,2021-07-29,34.6516,34.707,34.1019,34.1476
ALCO,2021-07-30,34.1942,35.2296,34.1476,35.2296
ALCO,2021-08-02,35.453,35.9463,34.6322,34.8556
ALCO,2021-08-03,34.875,35.0226,34.2039,34.539
ALCO,2021-08-04,34.1291,34.4555,33.8678,34.1291
ALCO,2021-08-05,34.1117,35.2538,33.9902,34.8002
ALCO,2021-08-06,34.5575,34.7818,34.0174,34.2777
ALCO,2021-08-09,34.3904,34.6351,34.0456,34.372
ALCO,2021-08-10,34.437,34.5768,32.8995,34.2039
ALCO,2021-08-11,34.3341,34.9867,33.7106,34.5021
ALCO,2021-08-12,34.4837,35.111,34.0922,34.4089
ALCO,2021-08-13,34.4089,34.8284,34.2398,34.4924
ALCO,2021-08-16,34.5021,34.9304,33.6542,34.1855
ALCO,2021-08-17,34.0078,34.3437,33.4211,33.5056
ALCO,2021-08-18,33.5512,34.9217,33.356,33.4493
ALCO,2021-08-19,33.4958,33.8407,33.0763,33.5804
ALCO,2021-08-20,33.6823,33.9057,33.3463,33.6911
ALCO,2021-08-23,33.728,34.437,33.6358,34.0174
ALCO,2021-08-24,34.2224,34.7721,33.9805,34.4739
ALCO,2021-08-25,34.6137,34.9867,34.2826,34.7352
ALCO,2021-08-26,34.8284,35.08,34.4924,34.5953
ALCO,2021-08-27,34.7818,35.2567,34.6235,35.0896
ALCO,2021-08-30,35.2946,35.383,34.8187,35.08
ALCO,2021-08-31,35.1819,35.6102,34.5575,34.7818
ALCO,2021-09-01,34.8935,34.8935,34.0271,34.2039
ALCO,2021-09-02,34.3525,34.707,33.8105,34.4273
ALCO,2021-09-03,34.4739,34.4875,33.793,33.9242
ALCO,2021-09-07,33.933,34.3622,33.4493,34.0922
ALCO,2021-09-08,34.1203,34.4467,33.5425,33.793
ALCO,2021-09-09,33.8028,33.9242,33.3288,33.5425
ALCO,2021-09-10,33.6823,33.6823,33.3279,33.3463
ALCO,2021-09-13,33.9057,34.2224,33.5425,33.7756
ALCO,2021-09-14,33.8223,33.8999,33.1695,33.3191
ALCO,2021-09-15,33.4493,33.6727,33.189,33.3929
ALCO,2021-09-16,33.5512,33.5512,33.1045,33.1793
ALCO,2021-09-17,33.1511,33.3191,32.9918,32.9918
ALCO,2021-09-20,32.9918,33.0297,32.4527,32.8811
ALCO,2021-09-21,33.0112,33.2064,32.3226,32.3964
ALCO,2021-09-22,32.5732,33.5765,32.4052,33.291
ALCO,2021-09-23,33.2433,33.4094,32.6859,32.8093
ALCO,2021-09-24,32.8471,33.0375,32.3789,32.5819
ALCO,2021-09-27,32.6956,33.2142,32.5189,32.9792
ALCO,2021-09-28,33.0452,33.0967,32.3839,32.7053
ALCO,2021-09-29,32.8558,32.8937,32.5159,32.7714
ALCO,2021-09-30,32.8937,33.0452,32.2187,32.3556
ALCO,2021-10-01,32.5062,32.7237,31.9206,32.478
ALCO,2021-10-04,32.3839,33.6027,32.3644,32.5538
ALCO,2021-10-05,32.8179,33.1298,32.4683,32.6296
ALCO,2021-10-06,32.6859,33.4347,32.3839,32.9976
ALCO,2021-10-07,33.0734,33.3608,32.7568,33.055
ALCO,2021-10-08,33.0452,33.0452,32.6761,33.0171
ALCO,2021-10-11,33.0355,33.0355,32.5538,32.9792
ALCO,2021-10-12,33.0452,33.0452,32.5538,32.6013
ALCO,2021-10-13,32.7053,32.8753,32.0721,32.5159
ALCO,2021-10-14,32.2265,32.8374,32.2265,32.7431
ALCO,2021-10-15,32.8471,33.2531,32.4878,32.5159
ALCO,2021-10-18,32.412,32.7752,32.3294,32.5917
ALCO,2021-10-19,32.7335,33.1443,32.4878,32.9511
ALCO,2021-10-20,32.8656,33.1968,32.714,33.1773
ALCO,2021-10-21,33.0636,33.5367,32.9695,33.3755
ALCO,2021-10-22,33.1424,33.7629,33.1394,33.4046
ALCO,2021-10-25,33.4891,33.6503,33.2433,33.5367
ALCO,2021-10-26,33.5648,33.7251,33.2647,33.6406
ALCO,2021-10-27,33.6027,33.659,33.3667,33.6125
ALCO,2021-10-28,33.6027,33.7912,33.4133,33.6125
ALCO,2021-10-29,33.6125,33.7727,33.4891,33.6406
ALCO,2021-11-01,33.6125,33.6882,33.4512,33.4512
ALCO,2021-11-02,33.423,33.4677,33.0161,33.2812
ALCO,2021-11-03,33.2715,33.7824,33.0734,33.659
ALCO,2021-11-04,33.6503,34.4904,33.4133,34.2078
ALCO,2021-11-05,34.4157,35.5122,34.4157,35.0868
ALCO,2021-11-08,35.0955,35.5268,33.9902,34.3301
ALCO,2021-11-09,34.5856,34.6137,34.2544,34.6137
ALCO,2021-11-10,34.8595,35.1626,34.302,34.9731
ALCO,2021-11-11,34.5856,35.5918,34.5856,35.5296
ALCO,2021-11-12,35.5122,35.6909,35.0577,35.2946
ALCO,2021-11-15,35.5782,35.5782,34.6322,35.1897
ALCO,2021-11-16,35.0577,35.2655,34.3301,34.7643
ALCO,2021-11-17,34.7837,34.7837,33.8863,34.3399
ALCO,2021-11-18,34.4623,34.4719,33.8863,34.4157
ALCO,2021-11-19,34.3962,34.8343,33.897,34.1127
ALCO,2021-11-22,34.132,34.5331,34.066,34.066
ALCO,2021-11-23,34.066,34.3253,33.6503,33.6882
ALCO,2021-11-24,33.7348,33.7727,33.0258,33.3094
ALCO,2021-11-26,33.7824,33.7824,32.4974,33.5746
ALCO,2021-11-29,35.4073,35.653,33.0734,33.5269
ALCO,2021-11-30,33.5269,34.1719,32.7616,32.9034
ALCO,2021-12-01,33.1298,33.5979,32.4499,32.4595
ALCO,2021-12-02,32.6392,33.7552,32.5684,32.8656
ALCO,2021-12-03,33.0355,33.7688,32.4595,33.0831
ALCO,2021-12-06,33.291,34.945,33.2054,34.5098
ALCO,2021-12-07,33.1298,34.9226,33.0831,34.0379
ALCO,2021-12-08,34.1699,34.7274,33.5464,33.933
ALCO,2021-12-09,33.8961,34.7274,33.8669,34.3301
ALCO,2021-12-10,34.3214,34.8722,34.0844,34.4623
ALCO,2021-12-13,34.5147,34.7837,34.0844,34.1127
ALCO,2021-12-14,34.0379,34.4535,33.5269,33.7348
ALCO,2021-12-15,33.8961,34.1272,33.0452,33.6882
ALCO,2021-12-16,34.0184,34.1408,33.2249,33.3094
ALCO,2021-12-17,33.4425,33.6687,33.0773,33.3094
ALCO,2021-12-20,33.8863,33.8863,32.6276,33.3191
ALCO,2021-12-21,33.5833,33.6503,32.8937,33.2628
ALCO,2021-12-22,33.187,33.8299,33.187,33.7445
ALCO,2021-12-23,33.9242,34.1981,33.593,34.1981
ALCO,2021-12-27,34.2641,34.8595,33.8582,34.6711
ALCO,2021-12-28,34.8498,35.0896,34.74,34.8974
ALCO,2021-12-29,35.0955,35.5394,34.9731,35.0577
ALCO,2021-12-30,35.2683,35.3471,35.01,35.0294
ALCO,2021-12-31,35.1538,35.891,34.9721,35.4694
ALCO,2022-01-03,35.4121,36.294,35.4121,36.1017
ALCO,2022-01-04,36.1017,37.0021,35.9016,36.734
ALCO,2022-01-05,36.8583,37.405,36.6096,36.8495
ALCO,2022-01-06,36.9068,37.3565,36.294,36.3989
ALCO,2022-01-07,36.025,36.8583,35.8239,36.5524
ALCO,2022-01-10,36.5426,36.5426,35.8239,36.092
ALCO,2022-01-11,36.2173,36.8204,35.2499,35.4791
ALCO,2022-01-12,35.5753,36.0551,35.4412,35.7288
ALCO,2022-01-13,35.891,36.3027,35.4607,35.9201
ALCO,2022-01-14,35.9201,36.226,35.4412,35.8433
ALCO,2022-01-18,35.7384,35.8433,34.9984,35.518
ALCO,2022-01-19,36.3076,36.3989,34.7322,34.8663
ALCO,2022-01-20,34.7614,35.1062,34.2535,34.8566
ALCO,2022-01-21,34.7517,34.9362,34.1097,34.4166
ALCO,2022-01-24,34.0806,34.4302,33.6687,34.1097
ALCO,2022-01-25,34.0427,34.268,33.1948,33.8416
ALCO,2022-01-26,34.0806,35.213,33.9087,34.0038
ALCO,2022-01-27,34.2243,34.9508,33.6464,34.0038
ALCO,2022-01-28,33.9951,34.0038,33.4774,33.8514
ALCO,2022-01-31,33.9465,34.4642,33.5823,34.4545
ALCO,2022-02-01,34.3486,34.4079,33.8989,34.1865
ALCO,2022-02-02,34.0329,34.167,33.559,33.6115
ALCO,2022-02-03,33.2667,33.2667,31.7913,31.7913
ALCO,2022-02-04,31.7535,32.0983,31.1493,31.6671
ALCO,2022-02-07,31.6671,32.2993,31.6194,32.041
ALCO,2022-02-08,32.0119,32.0119,31.2261,31.3796
ALCO,2022-02-09,31.4854,31.4854,31.0445,31.0445
ALCO,2022-02-10,31.1882,31.7913,31.0348,31.1786
ALCO,2022-02-11,31.2358,31.6194,31.0348,31.2164
ALCO,2022-02-14,31.2077,31.2261,30.9008,31.0348
ALCO,2022-02-15,31.3699,31.3699,30.9387,31.0066
ALCO,2022-02-16,31.0153,31.4563,30.9387,31.2164
ALCO,2022-02-17,31.2164,31.332,30.9105,31.1591
ALCO,2022-02-18,31.1309,31.4087,31.0348,31.1309
ALCO,2022-02-22,31.2261,31.2552,30.9387,31.1309
ALCO,2022-02-23,31.1786,31.3029,30.8531,31.1116
ALCO,2022-02-24,31.0348,31.6098,30.5559,31.6098
ALCO,2022-02-25,31.5039,31.9157,31.1688,31.7535
ALCO,2022-02-28,31.6098,31.8302,31.2358,31.3514
ALCO,2022-03-01,31.4466,31.8584,31.1786,31.6573
ALCO,2022-03-02,31.7632,32.5674,31.7632,32.2896
ALCO,2022-03-03,32.2896,33.0462,32.2896,32.5576
ALCO,2022-03-04,32.3955,32.4906,31.907,31.9642
ALCO,2022-03-07,32.0789,32.4198,31.6194,31.8487
ALCO,2022-03-08,31.974,32.3469,31.6962,31.84
ALCO,2022-03-09,32.041,32.5004,31.8487,32.2517
ALCO,2022-03-10,32.2799,33.5823,32.2799,33.5823
ALCO,2022-03-11,33.5347,34.0213,32.9122,32.9218
ALCO,2022-03-14,32.9122,33.119,32.3284,32.414
ALCO,2022-03-15,32.548,33.4677,32.1177,32.6062
ALCO,2022-03-16,32.8161,32.8161,32.548,32.682
ALCO,2022-03-17,32.5101,33.1035,32.3955,32.749
ALCO,2022-03-18,32.9511,33.1326,32.6538,32.8548
ALCO,2022-03-21,32.9413,33.0462,32.242,32.2799
ALCO,2022-03-22,32.5101,32.5101,31.7243,31.8487
ALCO,2022-03-23,32.0119,35.0577,32.0119,34.7992
ALCO,2022-03-24,34.7507,35.1295,33.7795,33.7795
ALCO,2022-03-25,34.032,34.7021,34.032,34.6827
ALCO,2022-03-28,34.7799,34.9159,33.8572,34.877
ALCO,2022-03-29,34.6875,35.4306,34.6147,35.3335
ALCO,2022-03-30,35.1975,35.2743,34.741,34.9546
ALCO,2022-03-31,35.1684,36.6252,35.1373,36.4795
ALCO,2022-04-01,36.6154,37.3439,36.5087,36.8874
ALCO,2022-04-04,36.8194,36.8194,36.091,36.1687
ALCO,2022-04-05,36.2949,36.5767,35.7899,36.3533
ALCO,2022-04-06,36.2562,37.1108,36.0424,37.1108
ALCO,2022-04-07,37.1886,37.3834,36.349,36.6154
ALCO,2022-04-08,36.9068,38.1209,36.7709,37.8198
ALCO,2022-04-11,37.8683,37.9266,36.9068,36.9943
ALCO,2022-04-12,36.8388,38.204,36.8097,37.9072
ALCO,2022-04-13,37.9363,38.3055,37.6936,38.1209
ALCO,2022-04-14,38.1695,39.2864,38.1695,39.199
ALCO,2022-04-18,39.4029,41.5591,39.2184,41.4425
ALCO,2022-04-19,41.5785,42.1515,40.8598,41.8407
ALCO,2022-04-20,41.6756,42.3944,41.3208,41.763
ALCO,2022-04-21,41.763,41.763,38.8979,39.0921
ALCO,2022-04-22,39.2573,39.2573,37.4993,38.2666
ALCO,2022-04-25,38.218,38.218,36.4698,37.9946
ALCO,2022-04-26,37.9752,38.8105,37.6935,38.0432
ALCO,2022-04-27,38.0432,39.1893,37.8635,38.6745
ALCO,2022-04-28,38.7134,39.4029,37.9947,39.1406
ALCO,2022-04-29,38.8979,39.0921,38.3637,38.5289
ALCO,2022-05-02,38.5289,39.3253,38.1695,38.3831
ALCO,2022-05-03,38.6162,39.3058,38.3734,38.8007
ALCO,2022-05-04,39.1115,39.7332,38.5094,39.3835
ALCO,2022-05-05,39.165,40.9923,38.105,38.4802
ALCO,2022-05-06,38.2277,38.3249,37.4459,38.3151
ALCO,2022-05-09,38.3151,38.3151,36.596,37.4605
ALCO,2022-05-10,38.0626,39.3155,37.4896,38.7716
ALCO,2022-05-11,39.0047,40.2964,38.8105,39.6458
ALCO,2022-05-12,39.6263,39.7234,38.9367,39.4903
ALCO,2022-05-13,39.8788,40.2381,39.4709,39.8399
ALCO,2022-05-16,40.0634,40.4809,39.6845,40.3936
ALCO,2022-05-17,40.2479,41.2677,39.5375,40.4809
ALCO,2022-05-18,40.4809,40.4809,38.3637,39.0144
ALCO,2022-05-19,38.626,39.3253,37.8878,38.5774
ALCO,2022-05-20,38.9173,39.5,38.422,39.5
ALCO,2022-05-23,39.5,40.6752,39.3058,40.1897
ALCO,2022-05-24,39.8399,41.5202,39.8205,41.0443
ALCO,2022-05-25,41.258,41.3453,40.3062,41.2191
ALCO,2022-05-26,41.2773,41.3066,40.4655,40.8209
ALCO,2022-05-27,41.1414,41.394,39.5874,39.9857
ALCO,2022-05-31,40.2576,40.9957,39.9274,40.9569
ALCO,2022-06-01,41.2773,41.2773,40.3062,40.7141
ALCO,2022-06-02,40.6461,41.2191,40.0828,41.0152
ALCO,2022-06-03,40.8889,42.0155,40.277,40.7723
ALCO,2022-06-06,41.1317,41.9087,40.8646,41.6271
ALCO,2022-06-07,41.6659,41.6659,39.4584,40.8403
ALCO,2022-06-08,40.9569,41.5007,40.5587,41.1317
ALCO,2022-06-09,41.2773,41.8505,40.6072,41.0637
ALCO,2022-06-10,41.0346,41.2823,40.209,40.209
ALCO,2022-06-13,39.8205,39.8205,37.8198,37.985
ALCO,2022-06-14,38.1792,39.3446,37.2371,37.849
ALCO,2022-06-15,38.1792,39.1795,37.7761,38.5871
ALCO,2022-06-16,38.4802,38.4802,37.1982,37.4896
ALCO,2022-06-17,37.577,39.0144,37.3051,37.4798
ALCO,2022-06-21,37.8295,38.4754,37.4896,37.8878
ALCO,2022-06-22,37.6158,38.0529,36.9554,37.2371
ALCO,2022-06-23,37.3945,37.8472,36.3417,36.5187
ALCO,2022-06-24,36.6565,37.0993,34.6933,34.708
ALCO,2022-06-27,35.1016,36.4105,34.8753,36.1546
ALCO,2022-06-28,36.2432,36.4498,35.6724,35.9873
ALCO,2022-06-29,35.9184,35.9184,34.2553,34.3242
ALCO,2022-06-30,34.2357,35.1213,33.9995,35.0623
ALCO,2022-07-01,34.9344,35.574,34.7474,35.1213
ALCO,2022-07-05,34.8458,34.8458,33.9503,34.7375
ALCO,2022-07-06,34.9344,35.2788,34.0733,34.5702
ALCO,2022-07-07,34.7966,35.188,34.5407,34.9442
ALCO,2022-07-08,35.0426,36.1725,34.8261,35.9184
ALCO,2022-07-11,35.761,37.2371,34.9737,35.2689
ALCO,2022-07-12,35.2689,35.8545,34.6696,34.9245
ALCO,2022-07-13,34.7277,34.9618,34.1866,34.3439
ALCO,2022-07-14,34.0192,34.4915,33.9503,34.3636
ALCO,2022-07-15,34.7179,34.7867,34.1077,34.6982
ALCO,2022-07-18,34.6391,34.649,34.1569,34.1865
ALCO,2022-07-19,34.403,35.1508,34.403,34.9245
ALCO,2022-07-20,34.9344,35.3378,34.6441,34.8556
ALCO,2022-07-21,34.8163,35.2886,34.0684,34.4423
ALCO,2022-07-22,34.5014,34.646,33.3598,33.7535
ALCO,2022-07-25,34.0093,34.5899,33.8716,34.0093
ALCO,2022-07-26,33.9208,34.9737,33.6551,34.708
ALCO,2022-07-27,34.708,34.7375,34.3046,34.5702
ALCO,2022-07-28,34.6293,35.5248,34.5112,35.2886
ALCO,2022-07-29,35.2788,36.0365,35.1705,35.8594
ALCO,2022-08-01,35.8594,36.0463,35.3772,35.4953
ALCO,2022-08-02,35.5051,35.6429,34.9442,34.9639
ALCO,2022-08-03,35.6134,35.8681,34.6391,34.8458
ALCO,2022-08-04,33.9601,34.3578,31.3031,31.8739
ALCO,2022-08-05,31.5787,32.9465,31.5787,31.8936
ALCO,2022-08-08,31.8837,32.051,31.3228,31.6673
ALCO,2022-08-09,31.6476,31.812,31.3819,31.6869
ALCO,2022-08-10,31.6968,32.4938,31.5527,32.1002
ALCO,2022-08-11,32.2872,33.4091,32.2872,33.3402
ALCO,2022-08-12,33.6059,34.6096,33.0056,34.2849
ALCO,2022-08-15,33.9306,34.8163,33.862,34.2061
ALCO,2022-08-16,34.3144,34.6588,33.7338,33.9896
ALCO,2022-08-17,33.8027,34.2849,33.5567,33.7633
ALCO,2022-08-18,33.842,34.5752,33.6363,34.3538
ALCO,2022-08-19,34.1274,34.3341,33.4484,33.6452
ALCO,2022-08-22,33.4878,33.4878,32.6907,32.9761
ALCO,2022-08-23,33.0449,33.5468,33.0253,33.3008
ALCO,2022-08-24,33.4779,33.66,33.202,33.4189
ALCO,2022-08-25,33.4681,33.9011,33.3598,33.7338
ALCO,2022-08-26,33.6059,33.9321,33.3648,33.4386
ALCO,2022-08-29,33.3598,34.5014,33.0572,34.0487
ALCO,2022-08-30,33.9306,34.0782,33.4583,33.5567
ALCO,2022-08-31,33.4681,33.9538,33.4091,33.4091
ALCO,2022-09-01,33.3303,33.4583,32.8285,33.0646
ALCO,2022-09-02,33.35,33.5468,32.8088,32.9662
ALCO,2022-09-06,32.917,32.917,31.3149,31.6771
ALCO,2022-09-07,31.6279,32.4004,31.6279,32.2675
ALCO,2022-09-08,32.1986,32.425,31.9822,32.2675
ALCO,2022-09-09,32.5628,33.0646,32.2872,32.9367
ALCO,2022-09-12,33.5075,33.5075,32.8777,33.3008
ALCO,2022-09-13,33.0843,33.3004,32.73,32.9662
ALCO,2022-09-14,33.0745,33.5567,32.9662,33.0056
ALCO,2022-09-15,33.0056,33.0745,32.0609,32.3266
ALCO,2022-09-16,32.2675,32.2921,31.5492,31.8542
ALCO,2022-09-19,31.8345,32.3217,31.6869,32.0117
ALCO,2022-09-20,31.933,32.0117,31.7263,31.7853
ALCO,2022-09-21,32.051,32.2626,31.3031,31.3917
ALCO,2022-09-22,31.4901,31.7545,30.8997,31.0571
ALCO,2022-09-23,30.8997,30.9784,30.3584,30.5651
ALCO,2022-09-26,30.4667,30.7521,29.6598,29.7483
ALCO,2022-09-27,29.955,30.4175,29.8467,30.2502
ALCO,2022-09-28,30.2207,31.3917,30.0927,30.88
ALCO,2022-09-29,30.8,30.8,28.17,28.24
ALCO,2022-09-30,28.53,28.7857,27.8,28.24
ALCO,2022-10-03,28.5,29.51,28.24,29.48
ALCO,2022-10-04,29.75,30.615,29.75,30.46
ALCO,2022-10-05,30.2,30.3935,29.11,29.2
ALCO,2022-10-06,29.32,29.32,28.03,28.2
ALCO,2022-10-07,28.25,29.61,27.5,27.79
ALCO,2022-10-10,27.76,28.33,27.575,28.14
ALCO,2022-10-11,28.14,28.79,28.04,28.63
ALCO,2022-10-12,28.55,29.0267,28.19,28.76
ALCO,2022-10-13,28.39,29.7267,28.21,29.5
ALCO,2022-10-14,29.63,29.95,28.56,28.87
ALCO,2022-10-17,29.32,29.419,28.78,28.95
ALCO,2022-10-18,29.15,29.414,28.66,28.97
ALCO,2022-10-19,28.93,28.93,27.92,28.59
ALCO,2022-10-20,28.53,28.99,27.86,28.08
ALCO,2022-10-21,28.13,28.53,27.84,28.15
ALCO,2022-10-24,28.24,29.09,28.17,28.81
ALCO,2022-10-25,28.95,29.5,28.49,29.49
ALCO,2022-10-26,29.43,30.47,29.43,29.95
ALCO,2022-10-27,30.26,30.39,29.79,29.89
ALCO,2022-10-28,29.83,30.7,29.83,30.54
ALCO,2022-10-31,30.36,30.72,30.255,30.62
ALCO,2022-11-01,30.83,31.49,30.5198,31.09
ALCO,2022-11-02,31.0,32.14,30.834,31.37
ALCO,2022-11-03,31.13,31.4,30.415,30.67
ALCO,2022-11-04,31.18,31.87,30.975,31.84
ALCO,2022-11-07,32.09,32.21,31.5701,32.13
ALCO,2022-11-08,32.13,32.51,31.54,32.23
ALCO,2022-11-09,32.04,32.49,31.7601,31.89
ALCO,2022-11-10,32.83,33.2,32.0,32.6
ALCO,2022-11-11,32.58,32.65,32.06,32.39
ALCO,2022-11-14,32.21,32.21,31.0,31.4
ALCO,2022-11-15,31.56,31.84,31.115,31.56
ALCO,2022-11-16,31.56,32.73,31.56,32.15
ALCO,2022-11-17,32.0,32.53,31.7122,32.3
ALCO,2022-11-18,32.72,32.97,32.035,32.36
ALCO,2022-11-21,32.23,32.39,31.83,32.07
ALCO,2022-11-22,32.04,32.45,31.99,32.33
ALCO,2022-11-23,32.2,32.7799,31.885,32.32
ALCO,2022-11-25,32.25,32.85,32.18,32.46
ALCO,2022-11-28,32.37,32.37,31.64,31.75
ALCO,2022-11-29,31.75,31.84,30.92,31.29
ALCO,2022-11-30,31.16,31.16,29.83,30.93
ALCO,2022-12-01,31.06,31.8799,30.01,30.15
ALCO,2022-12-02,30.1,30.51,29.6901,30.19
ALCO,2022-12-05,30.0,30.0,29.06,29.41
ALCO,2022-12-06,28.0,28.67,26.35,26.35
ALCO,2022-12-07,27.0,29.39,26.95,27.76
ALCO,2022-12-08,27.8,28.37,27.235,27.59
ALCO,2022-12-09,27.7,28.06,27.28,27.8
ALCO,2022-12-12,27.91,27.94,26.95,27.67
ALCO,2022-12-13,28.42,28.93,27.51,27.69
ALCO,2022-12-14,25.8,26.0225,24.65,25.05
ALCO,2022-12-15,25.05,25.47,24.61,24.67
ALCO,2022-12-16,24.46,24.47,23.64,23.8
ALCO,2022-12-19,23.6,23.8554,23.1,23.2
ALCO,2022-12-20,23.33,24.6978,23.0,23.47
ALCO,2022-12-21,23.74,24.11,23.4081,24.04
ALCO,2022-12-22,23.83,23.83,23.24,23.65
ALCO,2022-12-23,23.5,24.18,23.2,23.85
ALCO,2022-12-27,23.85,24.0099,23.38,23.65
ALCO,2022-12-28,23.52,23.94,23.41,23.61
ALCO,2022-12-29,23.55,23.89,23.4,23.8
ALCO,2022-12-30,23.66,23.93,23.505,23.87
ALCO,2023-01-03,23.91,24.02,23.42,23.83
ALCO,2023-01-04,23.81,24.37,23.68,23.99
ALCO,2023-01-05,23.75,24.06,23.53,23.79
ALCO,2023-01-06,23.84,24.29,23.62,24.09
ALCO,2023-01-09,24.13,24.305,23.83,24.16
ALCO,2023-01-10,24.19,24.69,24.08,24.57
ALCO,2023-01-11,24.6,24.9099,24.4198,24.81
ALCO,2023-01-12,25.0,25.0,24.57,24.87
ALCO,2023-01-13,24.63,25.235,24.63,25.14
ALCO,2023-01-17,25.08,25.8899,24.66,25.57
ALCO,2023-01-18,25.75,26.71,25.75,26.48
ALCO,2023-01-19,26.33,26.78,26.275,26.52
ALCO,2023-01-20,26.67,27.24,26.45,27.22
ALCO,2023-01-23,27.18,27.46,27.05,27.43
ALCO,2023-01-24,27.39,28.07,26.95,26.98
ALCO,2023-01-25,26.94,27.05,26.57,26.95
ALCO,2023-01-26,26.99,26.99,26.5,26.64
ALCO,2023-01-27,26.46,26.63,25.7,26.13
ALCO,2023-01-30,25.93,26.25,25.7253,25.87
ALCO,2023-01-31,25.9,26.565,25.8804,26.5
ALCO,2023-02-01,26.52,27.5722,26.52,27.28
ALCO,2023-02-02,27.42,28.04,27.4,27.91
ALCO,2023-02-03,27.79,28.03,27.42,27.53
ALCO,2023-02-06,26.49,27.1815,25.7836,26.62
ALCO,2023-02-07,26.38,27.16,26.38,26.91
ALCO,2023-02-08,26.81,27.1925,26.12,26.26
ALCO,2023-02-09,27.145,27.235,25.875,26.32
ALCO,2023-02-10,26.42,26.68,25.92,26.67
ALCO,2023-02-13,26.54,26.9962,26.25,26.87
ALCO,2023-02-14,26.71,27.02,26.35,26.35
ALCO,2023-02-15,26.33,26.86,26.25,26.77
ALCO,2023-02-16,26.62,26.93,26.01,26.17
ALCO,2023-02-17,26.31,26.7853,26.31,26.6
ALCO,2023-02-21,26.43,27.0,26.36,26.53
ALCO,2023-02-22,26.55,26.65,26.24,26.44
ALCO,2023-02-23,26.62,26.75,25.87,26.34
ALCO,2023-02-24,26.02,26.22,25.6101,26.02
ALCO,2023-02-27,26.03,26.38,25.81,25.96
ALCO,2023-02-28,25.99,26.0999,25.57,25.74
ALCO,2023-03-01,25.61,25.77,25.24,25.48
ALCO,2023-03-02,25.32,25.71,25.26,25.64
ALCO,2023-03-03,25.57,25.93,25.4507,25.82
ALCO,2023-03-06,25.79,26.24,25.76,26.16
ALCO,2023-03-07,26.07,26.12,25.72,25.85
ALCO,2023-03-08,25.81,25.94,25.23,25.75
ALCO,2023-03-09,25.64,25.735,25.0601,25.24
ALCO,2023-03-10,25.11,25.11,24.6101,24.85
ALCO,2023-03-13,24.75,25.07,24.52,24.77
ALCO,2023-03-14,25.04,25.45,25.02,25.26
ALCO,2023-03-15,24.89,25.1,24.75,25.0
ALCO,2023-03-16,24.76,25.21,24.53,24.88
ALCO,2023-03-17,24.75,25.025,24.505,24.55
ALCO,2023-03-20,24.55,25.29,24.5349,24.64
ALCO,2023-03-21,24.79,25.14,24.64,24.67
ALCO,2023-03-22,24.68,24.7799,24.55,24.56
ALCO,2023-03-23,24.53,24.5624,23.91,24.02
ALCO,2023-03-24,23.93,24.127,23.655,24.04
ALCO,2023-03-27,24.05,24.67,24.05,24.49
ALCO,2023-03-28,24.38,24.68,24.265,24.38
ALCO,2023-03-29,24.51,24.59,23.91,24.0
ALCO,2023-03-30,24.01,24.11,23.8,24.06
ALCO,2023-03-31,24.03,24.29,23.87,24.2
ALCO,2023-04-03,24.15,24.25,23.8,24.13
ALCO,2023-04-04,24.15,24.15,23.66,24.06
ALCO,2023-04-05,23.92,24.055,23.69,23.75
ALCO,2023-04-06,23.71,23.896,23.65,23.81
ALCO,2023-04-10,23.66,24.8,23.66,24.76
ALCO,2023-04-11,24.81,25.54,24.81,25.46
ALCO,2023-04-12,25.44,25.9225,25.14,25.27
ALCO,2023-04-13,25.22,25.4299,24.55,24.73
ALCO,2023-04-14,24.6,24.68,23.85,24.12
ALCO,2023-04-17,24.17,24.9,24.135,24.86
ALCO,2023-04-18,24.77,25.16,24.76,24.8
ALCO,2023-04-19,24.66,24.71,24.2437,24.31
ALCO,2023-04-20,24.21,24.24,23.82,23.94
ALCO,2023-04-21,23.92,24.12,23.75,24.03
ALCO,2023-04-24,24.09,24.25,23.96,24.05
ALCO,2023-04-25,24.02,24.0704,23.67,23.78
ALCO,2023-04-26,23.71,23.93,23.43,23.61
ALCO,2023-04-27,23.74,23.785,23.51,23.77
ALCO,2023-04-28,23.715,23.87,23.49,23.56
ALCO,2023-05-01,23.66,23.83,23.44,23.69
ALCO,2023-05-02,23.69,23.69,23.45,23.55
ALCO,2023-05-03,23.65,23.99,23.45,23.5
ALCO,2023-05-04,23.17,23.24,22.65,22.82
ALCO,2023-05-05,22.91,23.585,22.91,23.49
ALCO,2023-05-08,23.46,23.46,22.76,22.99
ALCO,2023-05-09,23.05,23.4,22.79,23.32
ALCO,2023-05-10,23.47,23.47,22.75,22.98
ALCO,2023-05-11,22.82,23.13,22.7,22.88
ALCO,2023-05-12,22.83,22.96,22.7,22.8
ALCO,2023-05-15,22.84,23.04,22.77,22.84
ALCO,2023-05-16,22.75,23.0,22.65,22.65
ALCO,2023-05-17,22.69,23.139,22.58,23.04
ALCO,2023-05-18,22.95,23.28,22.77,23.17
ALCO,2023-05-19,23.35,23.46,22.95,23.24
ALCO,2023-05-22,23.4,24.87,23.38,24.48
ALCO,2023-05-23,24.36,25.408,24.36,24.83
ALCO,2023-05-24,24.88,24.88,24.16,24.51
ALCO,2023-05-25,24.49,24.49,23.8,23.87
ALCO,2023-05-26,23.74,24.3156,23.74,23.955
ALCO,2023-05-30,23.9,24.13,23.66,23.81
ALCO,2023-05-31,23.78,23.873,23.1219,23.15
ALCO,2023-06-01,23.14,23.65,23.115,23.32
ALCO,2023-06-02,23.38,24.69,23.38,24.6
ALCO,2023-06-05,24.73,24.79,24.15,24.2
ALCO,2023-06-06,24.2,25.25,24.2,25.15
ALCO,2023-06-07,25.17,25.81,25.17,25.66
ALCO,2023-06-08,25.74,26.3,25.43,26.3
ALCO,2023-06-09,26.14,26.45,26.06,26.24
ALCO,2023-06-12,26.25,26.25,25.3801,25.72
ALCO,2023-06-13,25.61,25.89,24.68,25.03
ALCO,2023-06-14,25.06,25.585,25.035,25.5
ALCO,2023-06-15,25.5,25.69,25.19,25.69
ALCO,2023-06-16,25.85,25.85,25.13,25.33
ALCO,2023-06-20,25.32,25.51,25.04,25.41
ALCO,2023-06-21,25.16,25.3,24.825,25.23
ALCO,2023-06-22,25.03,25.1,24.51,25.1
ALCO,2023-06-23,24.82,25.61,24.57,25.46
ALCO,2023-06-26,25.39,25.57,25.05,25.26
ALCO,2023-06-27,25.22,25.7,25.21,25.52
ALCO,2023-06-28,25.3,25.74,24.55,25.56
ALCO,2023-06-29,25.55,25.92,25.42,25.64
ALCO,2023-06-30,25.64,25.64,25.06,25.46
ALCO,2023-07-03,25.52,25.76,25.33,25.65
ALCO,2023-07-05,25.645,25.66,25.15,25.28
ALCO,2023-07-06,25.19,25.275,24.2,24.35
ALCO,2023-07-07,24.47,25.48,24.26,25.41
ALCO,2023-07-10,25.27,25.39,25.06,25.18
ALCO,2023-07-11,25.27,25.99,25.26,25.81
ALCO,2023-07-12,26.08,26.35,25.7239,25.9
ALCO,2023-07-13,26.06,26.0789,25.72,25.94
ALCO,2023-07-14,25.87,25.87,25.2365,25.6
ALCO,2023-07-17,25.845,25.89,25.4,25.43
ALCO,2023-07-18,25.5,25.84,25.405,25.76
ALCO,2023-07-19,25.79,26.0,25.7,25.9
ALCO,2023-07-20,25.99,26.0358,25.63,25.8
ALCO,2023-07-21,25.87,26.02,25.65,25.8
ALCO,2023-07-24,25.86,26.14,25.66,25.81
ALCO,2023-07-25,25.67,25.745,25.41,25.58
ALCO,2023-07-26,25.63,25.955,25.63,25.79
ALCO,2023-07-27,25.81,25.81,25.475,25.51
ALCO,2023-07-28,25.69,25.93,25.47,25.88
ALCO,2023-07-31,25.97,26.3099,25.51,25.9
ALCO,2023-08-01,25.755,26.32,25.755,26.28
ALCO,2023-08-02,26.2005,26.32,25.78,25.94
ALCO,2023-08-03,24.9,25.02,24.1585,24.79
ALCO,2023-08-04,24.88,25.01,24.75,24.82
ALCO,2023-08-07,24.7885,25.32,24.78,25.0
ALCO,2023-08-08,24.87,25.1029,24.69,24.89
ALCO,2023-08-09,24.6901,24.74,24.4813,24.6
ALCO,2023-08-10,24.61,24.8,24.495,24.63
ALCO,2023-08-11,24.66,24.7518,24.585,24.63
ALCO,2023-08-14,24.59,24.59,23.72,23.72
ALCO,2023-08-15,23.89,23.89,23.215,23.5
ALCO,2023-08-16,23.82,23.82,23.2155,23.55
ALCO,2023-08-17,23.53,23.7435,23.42,23.74
ALCO,2023-08-18,23.62,24.11,23.62,23.87
ALCO,2023-08-21,23.9,24.1,23.7389,23.83
ALCO,2023-08-22,23.84,23.93,23.53,23.56
ALCO,2023-08-23,23.66,24.16,23.628,23.89
ALCO,2023-08-24,23.75,24.245,23.75,23.96
ALCO,2023-08-25,24.01,24.54,23.67,23.89
ALCO,2023-08-28,23.92,23.92,23.4488,23.72
ALCO,2023-08-29,23.59,23.884,23.545,23.79
ALCO,2023-08-30,23.72,23.93,23.51,23.68
ALCO,2023-08-31,23.63,24.0,23.44,23.53
ALCO,2023-09-01,23.55,23.71,23.55,23.56
ALCO,2023-09-05,23.55,23.69,23.46,23.61
ALCO,2023-09-06,23.65,23.88,23.53,23.7
ALCO,2023-09-07,23.6,23.76,23.55,23.71
ALCO,2023-09-08,23.6773,23.78,23.55,23.66
ALCO,2023-09-11,23.68,23.92,23.65,23.67
ALCO,2023-09-12,23.77,23.8,23.65,23.74
ALCO,2023-09-13,23.8,23.905,23.765,23.82
ALCO,2023-09-14,23.8,24.06,23.68,23.98
ALCO,2023-09-15,24.03,25.2499,24.03,24.83
ALCO,2023-09-18,24.96,25.8001,24.74,25.62
ALCO,2023-09-19,26.33,27.48,26.2188,26.69
ALCO,2023-09-20,27.06,27.39,26.87,27.13
ALCO,2023-09-21,27.13,27.13,25.575,25.8
ALCO,2023-09-22,25.73,26.1097,25.5,26.04
ALCO,2023-09-25,26.0,26.33,25.615,25.84
ALCO,2023-09-26,25.71,26.01,25.69,25.76
ALCO,2023-09-27,25.78,25.815,24.87,25.07
ALCO,2023-09-28,24.95,25.17,24.8301,25.1
ALCO,2023-09-29,24.92,25.12,24.85,24.96
ALCO,2023-10-02,24.85,24.95,24.73,24.86
ALCO,2023-10-03,24.9,24.95,24.46,24.5
ALCO,2023-10-04,24.48,24.85,24.46,24.74
ALCO,2023-10-05,24.69,25.25,24.5,24.65
ALCO,2023-10-06,24.53,24.81,24.31,24.74
ALCO,2023-10-09,24.5392,25.37,24.5392,25.06
ALCO,2023-10-10,25.12,25.5193,25.11,25.15
ALCO,2023-10-11,25.19,25.23,25.01,25.13
ALCO,2023-10-12,24.8001,24.955,24.54,24.72
ALCO,2023-10-13,24.76,24.76,24.32,24.42
ALCO,2023-10-16,24.42,25.1,24.42,25.01
ALCO,2023-10-17,25.08,25.2899,24.84,25.06
ALCO,2023-10-18,24.81,24.81,24.28,24.28
ALCO,2023-10-19,24.29,24.54,24.29,24.39
ALCO,2023-10-20,24.44,24.5375,24.08,24.08
ALCO,2023-10-23,24.13,24.13,23.65,23.65
ALCO,2023-10-24,23.65,24.0,23.55,23.75
ALCO,2023-10-25,23.71,23.9229,23.601,23.78
ALCO,2023-10-26,23.7,24.06,23.6,23.8
ALCO,2023-10-27,23.8,23.86,23.63,23.82
ALCO,2023-10-30,23.95,24.27,23.7,24.09
ALCO,2023-10-31,24.1,24.45,23.83,24.44
ALCO,2023-11-01,24.56,24.841,24.35,24.55
ALCO,2023-11-02,24.46,25.39,24.3101,25.21
ALCO,2023-11-03,25.56,25.69,25.35,25.62
ALCO,2023-11-06,25.4,25.6965,25.2583,25.61
ALCO,2023-11-07,25.61,25.82,25.34,25.67
ALCO,2023-11-08,25.3,25.65,25.3,25.52
ALCO,2023-11-09,25.52,25.64,25.4,25.41
ALCO,2023-11-10,25.03,25.47,25.01,25.38
ALCO,2023-11-13,25.1,26.09,25.1,26.04
ALCO,2023-11-14,26.2,27.14,26.06,27.12
ALCO,2023-11-15,27.29,27.98,26.35,27.58
ALCO,2023-11-16,27.095,27.18,26.86,27.18
ALCO,2023-11-17,27.29,27.3,26.72,27.06
ALCO,2023-11-20,26.98,27.35,26.97,27.21
ALCO,2023-11-21,26.99,27.2419,26.834,27.03
ALCO,2023-11-22,27.22,27.31,26.99,27.29
ALCO,2023-11-24,27.24,27.42,27.0955,27.42
ALCO,2023-11-27,26.83,27.98,26.83,27.76
ALCO,2023-11-28,27.7675,28.28,27.64,28.07
ALCO,2023-11-29,28.3,28.38,28.09,28.25
ALCO,2023-11-30,28.43,28.47,27.88,27.96
ALCO,2023-12-01,27.73,28.69,27.73,28.45
ALCO,2023-12-04,28.25,28.8,28.16,28.76
ALCO,2023-12-05,28.5,28.95,28.12,28.95
ALCO,2023-12-06,28.95,29.596,28.59,29.08
ALCO,2023-12-07,29.76,30.23,29.45,29.81
ALCO,2023-12-08,29.99,29.99,29.35,29.9
ALCO,2023-12-11,29.89,29.99,29.675,29.91
ALCO,2023-12-12,30.03,30.2,29.72,30.12
ALCO,2023-12-13,29.98,30.82,29.89,30.56
ALCO,2023-12-14,30.7,31.0,29.83,29.9
ALCO,2023-12-15,30.09,30.25,29.34,29.45
ALCO,2023-12-18,29.5,29.5,28.75,29.05
ALCO,2023-12-19,29.07,29.58,29.01,29.37
ALCO,2023-12-20,29.49,29.91,28.99,29.11
ALCO,2023-12-21,29.25,29.53,28.63,29.39
ALCO,2023-12-22,29.34,29.87,29.265,29.58
ALCO,2023-12-26,29.52,30.11,29.52,29.91
ALCO,2023-12-27,29.86,30.19,28.5164,29.84
ALCO,2023-12-28,29.64,29.7,29.4194,29.45
ALCO,2023-12-29,29.45,29.45,28.98,29.08
ALCO,2024-01-02,29.03,29.46,28.83,29.35
ALCO,2024-01-03,29.34,29.76,29.02,29.66
ALCO,2024-01-04,29.83,29.8999,29.55,29.69
ALCO,2024-01-05,29.53,29.7,29.0,29.11
ALCO,2024-01-08,29.14,29.14,27.87,28.21
ALCO,2024-01-09,28.12,28.495,27.94,28.35
ALCO,2024-01-10,28.1291,28.78,28.1,28.22
ALCO,2024-01-11,28.01,28.01,27.619,27.64
ALCO,2024-01-12,27.89,28.38,27.77,28.28
ALCO,2024-01-16,28.36,28.4998,27.8201,28.0
ALCO,2024-01-17,27.88,28.907,27.88,28.58
ALCO,2024-01-18,28.64,28.985,28.6291,28.9
ALCO,2024-01-19,29.08,29.69,28.73,29.69
ALCO,2024-01-22,29.8,30.27,29.75,30.22
ALCO,2024-01-23,30.38,30.38,29.8,29.94
ALCO,2024-01-24,30.1,30.45,29.795,29.83
ALCO,2024-01-25,30.13,30.75,30.13,30.48
ALCO,2024-01-26,30.67,30.7206,30.0,30.0
ALCO,2024-01-29,30.01,30.17,30.0,30.05
ALCO,2024-01-30,30.0,30.1397,30.0,30.0
ALCO,2024-01-31,30.0,30.18,29.43,29.44
ALCO,2024-02-01,29.65,29.715,29.12,29.22
ALCO,2024-02-02,29.1,29.27,28.32,28.32
ALCO,2024-02-05,28.15,28.15,27.34,27.34
ALCO,2024-02-06,27.37,28.83,27.27,28.76
ALCO,2024-02-07,28.56,28.59,28.18,28.18
ALCO,2024-02-08,28.42,29.36,28.38,28.91
ALCO,2024-02-09,28.71,29.6,28.23,29.01
ALCO,2024-02-12,28.91,30.45,28.91,30.31
ALCO,2024-02-13,29.85,30.51,28.18,28.26
ALCO,2024-02-14,28.415,28.65,27.94,28.51
ALCO,2024-02-15,28.48,29.47,28.48,29.21
ALCO,2024-02-16,28.98,29.44,28.9,29.1
ALCO,2024-02-20,28.83,29.435,28.4,28.63
ALCO,2024-02-21,28.53,28.7,27.92,28.2
ALCO,2024-02-22,28.07,28.82,27.68,28.14
ALCO,2024-02-23,28.03,28.1575,27.19,27.41
ALCO,2024-02-26,27.61,28.17,27.09,27.36
ALCO,2024-02-27,27.32,27.65,27.07,27.51
ALCO,2024-02-28,27.37,27.88,27.15,27.3
ALCO,2024-02-29,27.64,27.9,27.49,27.71
ALCO,2024-03-01,27.585,27.835,27.5,27.77
ALCO,2024-03-04,27.58,28.1632,27.58,27.73
ALCO,2024-03-05,27.83,28.16,27.09,27.09
ALCO,2024-03-06,27.1,27.3787,27.01,27.01
ALCO,2024-03-07,27.2357,27.3,27.0,27.1
ALCO,2024-03-08,27.08,27.4,27.034,27.14
ALCO,2024-03-11,27.2,27.2,26.707,26.72
ALCO,2024-03-12,26.85,27.26,26.825,27.11
ALCO,2024-03-13,27.2279,27.33,26.78,27.18
ALCO,2024-03-14,27.15,27.49,26.96,27.11
ALCO,2024-03-15,26.99,28.23,26.99,28.23
ALCO,2024-03-18,28.09,28.25,27.66,27.66
ALCO,2024-03-19,27.67,28.6,27.67,28.32
ALCO,2024-03-20,28.18,29.205,28.18,29.06
ALCO,2024-03-21,29.05,29.56,28.995,29.48
ALCO,2024-03-22,28.92,28.928,28.6025,28.65
ALCO,2024-03-25,28.96,29.0,28.5138,28.63
ALCO,2024-03-26,28.61,29.02,28.07,28.7
ALCO,2024-03-27,28.94,29.46,28.92,29.35
ALCO,2024-03-28,29.11,30.11,29.07,29.28
ALCO,2024-04-01,29.05,29.32,28.764,29.3
ALCO,2024-04-02,28.98,29.39,28.46,28.63
ALCO,2024-04-03,28.55,29.38,28.55,29.02
ALCO,2024-04-04,29.11,29.73,29.01,29.41
ALCO,2024-04-05,29.34,29.34,28.94,29.11
ALCO,2024-04-08,28.91,29.33,28.91,29.0
ALCO,2024-04-09,28.7034,29.2166,28.7034,29.15
ALCO,2024-04-10,28.66,28.715,28.12,28.53
ALCO,2024-04-11,28.42,28.5,28.14,28.34
ALCO,2024-04-12,28.42,28.61,27.46,27.51
ALCO,2024-04-15,27.74,27.8122,26.855,26.96
ALCO,2024-04-16,27.0,27.18,26.7921,27.0
ALCO,2024-04-17,27.02,27.1553,26.65,26.65
ALCO,2024-04-18,26.86,26.93,26.62,26.86
ALCO,2024-04-19,26.74,28.04,26.74,28.0
ALCO,2024-04-22,27.9,28.47,27.62,27.86
ALCO,2024-04-23,28.31,28.4999,27.99,28.28
ALCO,2024-04-24,28.06,28.28,27.875,28.02
ALCO,2024-04-25,27.83,28.24,27.77,28.24
ALCO,2024-04-26,28.04,29.18,27.9701,28.77
ALCO,2024-04-29,28.3779,28.82,28.31,28.55
ALCO,2024-04-30,28.28,28.6,27.48,27.91
ALCO,2024-05-01,28.05,28.49,27.83,28.3
ALCO,2024-05-02,28.822,28.9657,28.46,28.7
ALCO,2024-05-03,28.725,28.8665,28.1905,28.63
ALCO,2024-05-06,28.765,28.884,28.53,28.73
ALCO,2024-05-07,28.23,28.3072,25.69,26.02
ALCO,2024-05-08,26.01,27.39,26.01,27.12
ALCO,2024-05-09,27.0,27.805,26.88,27.69
ALCO,2024-05-10,27.75,27.88,26.875,27.01
ALCO,2024-05-13,26.99,27.12,26.83,27.0
ALCO,2024-05-14,27.13,27.61,27.0,27.3
ALCO,2024-05-15,27.3,27.71,26.97,27.51
ALCO,2024-05-16,27.19,27.6793,27.01,27.27
ALCO,2024-05-17,27.25,27.4791,27.0001,27.28
ALCO,2024-05-20,27.49,27.49,26.985,27.0
ALCO,2024-05-21,27.0,27.39,26.835,27.39
ALCO,2024-05-22,27.21,27.22,25.7,26.49
ALCO,2024-05-23,26.09,26.295,25.53,25.75
ALCO,2024-05-24,25.69,25.69,24.14,25.22
ALCO,2024-05-28,25.28,26.98,25.28,26.64
ALCO,2024-05-29,26.51,26.51,25.77,25.98
ALCO,2024-05-30,26.27,26.81,26.185,26.75
ALCO,2024-05-31,26.9,27.1999,26.75,26.77
ALCO,2024-06-03,26.86,26.97,25.89,25.89
ALCO,2024-06-04,25.84,26.2692,25.5,25.945
ALCO,2024-06-05,25.9101,26.2018,25.455,26.16
ALCO,2024-06-06,26.17,26.35,25.51,25.55
ALCO,2024-06-07,25.64,26.72,25.58,25.86
ALCO,2024-06-10,25.61,26.724,25.61,26.51
ALCO,2024-06-11,26.2,26.2,25.68,25.77
ALCO,2024-06-12,26.39,26.7049,25.69,25.69
ALCO,2024-06-13,25.71,25.71,25.27,25.34
ALCO,2024-06-14,25.14,25.14,25.07,25.14
ALCO,2024-06-17,25.32,25.32,24.7,24.9
ALCO,2024-06-18,24.9759,25.08,24.675,24.7
ALCO,2024-06-20,24.5,24.975,24.48,24.575
ALCO,2024-06-21,24.71,24.85,24.24,24.6
ALCO,2024-06-24,24.52,25.02,24.52,25.0
ALCO,2024-06-25,25.07,25.49,24.8424,25.44
ALCO,2024-06-26,25.33,26.135,25.33,26.12
ALCO,2024-06-27,26.1,26.6,26.04,26.23
ALCO,2024-06-28,26.25,26.25,25.49,25.91
ALCO,2024-07-01,25.92,26.21,25.3,26.08
ALCO,2024-07-02,26.25,26.25,25.5506,25.74
ALCO,2024-07-03,25.72,25.84,24.92,24.96
ALCO,2024-07-05,24.79,25.2,24.58,25.12
ALCO,2024-07-08,25.37,25.62,25.0,25.35
ALCO,2024-07-09,25.23,25.365,25.02,25.08
ALCO,2024-07-10,25.015,25.13,24.7201,25.06
ALCO,2024-07-11,25.53,26.22,25.53,25.95
ALCO,2024-07-12,26.0,26.57,25.59,25.59
ALCO,2024-07-15,25.71,26.19,25.6,25.85
ALCO,2024-07-16,26.18,26.83,26.0,26.76
ALCO,2024-07-17,26.69,27.44,26.69,27.21
ALCO,2024-07-18,27.21,27.21,26.8,26.81
ALCO,2024-07-19,26.94,27.11,26.7,26.71
ALCO,2024-07-22,26.61,27.025,26.4141,26.93
ALCO,2024-07-23,26.97,27.88,26.97,27.45
ALCO,2024-07-24,27.3,27.73,26.7,26.73
ALCO,2024-07-25,27.07,28.0638,27.07,27.89
ALCO,2024-07-26,28.2,28.6,28.03,28.53
ALCO,2024-07-29,28.3,28.81,28.0378,28.57
ALCO,2024-07-30,28.6,29.26,28.6,29.23
ALCO,2024-07-31,29.37,29.95,29.125,29.48
ALCO,2024-08-01,29.325,30.05,28.85,29.155
ALCO,2024-08-02,28.4,28.79,28.0161,28.74
ALCO,2024-08-05,27.61,27.83,26.745,27.33
ALCO,2024-08-06,26.2,29.2863,26.14,28.66
ALCO,2024-08-07,27.55,27.55,27.55,27.55
ALCO,2024-08-08,27.81,28.2,27.68,27.78
ALCO,2024-08-09,27.745,27.745,27.1101,27.25
ALCO,2024-08-12,27.0085,27.45,26.56,26.87
ALCO,2024-08-13,27.025,27.25,26.5713,27.25
ALCO,2024-08-14,27.05,27.755,26.88,27.5
ALCO,2024-08-15,27.73,27.835,27.17,27.58
ALCO,2024-08-16,27.56,28.15,27.28,27.83
ALCO,2024-08-19,28.13,29.24,27.7501,29.02
ALCO,2024-08-20,29.23,29.23,28.36,28.36
ALCO,2024-08-21,28.71,29.35,28.71,29.25
ALCO,2024-08-22,28.98,29.235,28.33,28.33
ALCO,2024-08-23,28.75,29.4,28.75,29.23
ALCO,2024-08-26,29.05,29.44,28.54,28.72
ALCO,2024-08-27,28.8,29.2899,28.59,29.07
ALCO,2024-08-28,29.44,29.44,28.97,29.11
ALCO,2024-08-29,29.11,29.35,29.0,29.27
ALCO,2024-08-30,29.44,29.44,28.89,29.3
ALCO,2024-09-03,29.0,29.0,28.38,28.38
ALCO,2024-09-04,28.21,28.8993,28.21,28.75
ALCO,2024-09-05,28.805,28.805,28.0,28.0
ALCO,2024-09-06,28.38,28.5,27.54,27.56
ALCO,2024-09-09,27.55,27.75,27.4,27.62
ALCO,2024-09-10,27.545,27.575,27.17,27.5
ALCO,2024-09-11,27.28,27.28,26.62,27.11
ALCO,2024-09-12,27.35,27.53,27.1,27.28
ALCO,2024-09-13,27.51,28.77,27.51,28.68
ALCO,2024-09-16,28.4,29.13,28.3201,29.13
ALCO,2024-09-17,29.27,29.735,28.7,29.12
ALCO,2024-09-18,28.54,29.69,28.54,29.57
ALCO,2024-09-19,29.84,30.1535,29.518,29.85
ALCO,2024-09-20,29.65,29.6935,28.4,28.66
ALCO,2024-09-23,28.5,28.51,27.511,28.15
ALCO,2024-09-24,28.03,28.03,27.7,27.85
ALCO,2024-09-25,27.7157,28.095,27.38,28.0
ALCO,2024-09-26,28.28,28.3482,27.95,28.0
ALCO,2024-09-27,28.7,28.7,27.965,27.99
ALCO,2024-09-30,27.99,27.99,27.5092,27.951
ALCO,2024-10-01,27.71,28.23,27.46,27.46
ALCO,2024-10-02,27.22,27.34,26.8635,27.34
ALCO,2024-10-03,27.38,27.38,27.01,27.27
ALCO,2024-10-04,27.52,28.13,27.52,28.0
ALCO,2024-10-07,27.71,27.71,25.22,25.53
ALCO,2024-10-08,25.49,25.9899,25.17,25.3
ALCO,2024-10-09,25.17,25.26,24.87,25.26
ALCO,2024-10-10,25.26,27.56,25.24,26.91
ALCO,2024-10-11,27.08,27.08,25.78,26.06
ALCO,2024-10-14,26.11,26.405,25.95,26.36
ALCO,2024-10-15,26.47,26.57,25.97,26.07
ALCO,2024-10-16,26.13,26.41,26.05,26.36
ALCO,2024-10-17,26.93,26.93,26.41,26.75
ALCO,2024-10-18,26.0,26.52,25.89,26.17
ALCO,2024-10-21,26.57,26.57,25.87,25.87
ALCO,2024-10-22,25.715,26.109,25.715,26.04
ALCO,2024-10-23,25.735,26.3,25.615,26.02
ALCO,2024-10-24,26.3,26.3,25.9,25.95
ALCO,2024-10-25,26.12,26.285,25.88,25.88
ALCO,2024-10-28,25.94,26.125,25.58,25.58
ALCO,2024-10-29,25.74,25.74,25.0,25.095
ALCO,2024-10-30,25.1,25.1,24.48,24.56
ALCO,2024-10-31,24.56,24.875,24.47,24.51
ALCO,2024-11-01,24.57,24.71,24.25,24.39
ALCO,2024-11-04,24.23,24.82,24.23,24.44
ALCO,2024-11-05,24.3458,26.11,24.3458,25.88
ALCO,2024-11-06,26.29,27.0118,26.11,26.89
ALCO,2024-11-07,27.0,27.08,26.4701,26.58
ALCO,2024-11-08,26.49,26.61,26.315,26.45
ALCO,2024-11-11,26.64,26.81,26.12,26.71
ALCO,2024-11-12,26.64,26.64,25.805,25.84
ALCO,2024-11-13,25.99,26.24,25.765,25.79
ALCO,2024-11-14,25.79,25.9,25.19,25.34
ALCO,2024-11-15,25.52,25.52,24.825,25.35
ALCO,2024-11-18,25.48,25.4824,24.995,25.01
ALCO,2024-11-19,24.9,25.455,24.885,25.27
ALCO,2024-11-20,25.38,25.38,24.85,25.05
ALCO,2024-11-21,25.4,26.31,25.175,26.28
ALCO,2024-11-22,26.45,27.0,26.43,26.44
ALCO,2024-11-25,26.62,26.66,25.89,26.47
ALCO,2024-11-26,26.32,27.0,26.1786,26.92
ALCO,2024-11-27,27.01,27.08,26.52,26.66
ALCO,2024-11-29,26.9627,26.9627,26.66,26.8
ALCO,2024-12-02,26.7,26.75,26.17,26.44
ALCO,2024-12-03,26.57,26.97,26.29,26.8
ALCO,2024-12-04,26.9,26.96,26.5,26.9
ALCO,2024-12-05,26.63,28.0518,26.63,27.6
ALCO,2024-12-06,27.71,28.26,27.65,27.8
ALCO,2024-12-09,27.77,27.84,26.88,26.88
ALCO,2025-01-27,30.94,31.465,30.8501,31.13
ALCO,2025-01-28,31.355,31.47,30.93,31.2
ALCO,2025-01-29,31.0,31.845,30.93,31.06
ALCO,2025-01-30,30.9416,31.6,30.9416,31.32
ALCO,2025-01-31,31.47,31.6,30.82,30.89
ALCO,2025-02-03,30.54,30.97,30.08,30.21
ALCO,2025-02-04,30.01,30.72,29.87,30.65
ALCO,2025-02-05,30.64,30.97,30.18,30.49
ALCO,2025-02-06,30.46,30.74,30.2677,30.39
ALCO,2025-02-07,30.105,30.27,29.84,29.97
ALCO,2025-02-10,30.12,30.2,29.65,29.77
ALCO,2025-02-11,29.93,30.57,29.5247,30.57
ALCO,2025-02-12,30.04,30.56,30.04,30.15
ALCO,2025-02-13,30.25,30.73,30.05,30.39
ALCO,2025-02-14,30.21,30.27,29.11,29.61
ALCO,2025-02-18,29.68,29.8,29.18,29.72
ALCO,2025-02-19,29.47,29.64,29.06,29.45
ALCO,2025-02-20,29.25,29.64,29.15,29.55
ALCO,2025-02-21,29.8,29.94,29.2901,29.75
ALCO,2025-02-24,30.0,30.22,29.7,29.78
ALCO,2025-02-25,29.65,29.65,29.54,29.65
ALCO,2025-02-26,29.65,29.65,29.15,29.31
ALCO,2025-02-27,29.33,29.6,29.14,29.255
ALCO,2025-02-28,29.2,29.44,29.135,29.35
ALCO,2025-03-03,29.61,29.61,28.84,29.02
ALCO,2025-03-04,28.78,29.01,28.55,28.55
ALCO,2025-03-05,28.35,28.58,28.19,28.4
ALCO,2025-03-06,28.09,28.265,27.74,28.04
ALCO,2025-03-07,28.12,28.59,28.0,28.53
ALCO,2025-03-10,28.525,29.53,27.23,28.2
ALCO,2025-03-11,28.44,28.62,27.675,28.53
ALCO,2025-03-12,28.6,28.6,27.85,28.6
ALCO,2025-03-13,28.67,28.67,27.9,28.03
ALCO,2025-03-14,28.31,29.27,28.31,29.005
ALCO,2025-03-17,29.32,29.32,28.74,29.09
ALCO,2025-03-18,28.78,29.03,28.67,28.99
ALCO,2025-03-19,28.84,29.44,28.84,29.34
ALCO,2025-03-20,29.24,29.65,29.08,29.44
ALCO,2025-03-21,29.2,29.36,28.55,28.99
ALCO,2025-03-24,29.18,29.609,28.75,29.13
ALCO,2025-03-25,28.95,29.59,28.885,29.39
ALCO,2025-03-26,29.96,29.96,29.1301,29.32
ALCO,2025-03-27,28.98,30.12,28.98,29.92
ALCO,2025-03-28,30.07,30.3,29.31,29.43
ALCO,2025-03-31,29.13,30.49,29.05,29.84
ALCO,2025-04-01,29.5,29.74,29.1,29.38
ALCO,2025-04-02,29.47,31.045,29.47,30.94
ALCO,2025-04-03,29.85,30.81,29.85,29.95
ALCO,2025-04-04,29.28,29.97,27.96,29.39
ALCO,2025-04-07,28.95,29.73,28.805,29.04
ALCO,2025-04-08,29.47,29.52,27.96,28.46
ALCO,2025-04-09,28.07,30.035,28.07,28.99
ALCO,2025-04-10,28.42,28.93,27.87,28.47
ALCO,2025-04-11,28.24,29.1917,27.73,28.81
ALCO,2025-04-14,28.27,29.28,28.17,29.0
ALCO,2025-04-15,29.0,29.33,28.37,28.66
ALCO,2025-04-16,28.67,29.05,28.34,28.92
ALCO,2025-04-17,28.91,29.45,28.84,29.45
ALCO,2025-04-21,29.36,29.36,28.63,28.83
ALCO,2025-04-22,29.01,29.57,27.86,29.34
ALCO,2025-04-23,28.96,28.96,28.89,28.96
ALCO,2025-04-24,28.91,29.0,28.54,28.59
ALCO,2025-04-25,28.47,28.65,28.2306,28.57
ALCO,2025-04-28,28.62,28.99,28.62,28.91
ALCO,2025-04-29,28.95,28.95,28.6,28.74
ALCO,2025-04-30,28.4,28.96,28.2,28.54
ALCO,2025-05-01,28.64,28.97,28.485,28.7
ALCO,2025-05-02,28.87,29.05,28.6601,28.79
ALCO,2025-05-05,28.79,29.88,28.75,29.29
ALCO,2025-05-06,29.02,29.33,28.7716,29.13
ALCO,2025-05-07,28.96,29.4,28.895,29.13
ALCO,2025-05-08,29.01,29.97,29.0,29.62
ALCO,2025-05-09,29.78,29.83,29.12,29.15
ALCO,2025-05-12,29.83,29.83,29.0414,29.24
ALCO,2025-05-13,29.69,29.69,29.23,29.45
ALCO,2025-05-14,30.25,31.0,29.91,30.61
ALCO,2025-05-15,30.4028,31.12,30.4028,30.85
ALCO,2025-05-16,30.87,31.3601,30.835,31.11
ALCO,2025-05-19,30.8,31.165,29.5,30.74
ALCO,2025-05-20,30.45,31.585,30.45,31.34
ALCO,2025-05-21,31.16,31.55,31.0,31.25
ALCO,2025-05-22,31.15,31.81,31.06,31.13
ALCO,2025-05-23,30.91,31.68,30.91,31.34
ALCO,2025-05-27,31.75,32.08,31.56,32.02
ALCO,2025-05-28,31.92,32.14,31.5512,31.95
ALCO,2025-05-29,31.78,32.34,31.78,32.24
ALCO,2025-05-30,32.01,32.42,31.7907,32.33
ALCO,2025-06-02,32.01,32.5,31.87,32.04
ALCO,2025-06-03,32.12,32.69,31.76,32.38
ALCO,2025-06-04,32.26,32.26,31.15,31.41
ALCO,2025-06-05,31.525,31.69,31.195,31.25
ALCO,2025-06-06,31.22,31.4025,31.1,31.25
ALCO,2025-06-09,31.25,31.465,31.13,31.27
ALCO,2025-06-10,31.18,31.515,30.89,31.4
ALCO,2025-06-11,31.36,31.6915,30.99,31.22
ALCO,2025-06-12,31.24,31.695,31.01,31.54
ALCO,2025-06-13,31.04,31.65,31.04,31.26
ALCO,2025-06-16,31.2,31.68,31.2,31.36
ALCO,2025-06-17,31.455,31.92,31.15,31.37
ALCO,2025-06-18,31.4566,31.92,31.1375,31.38
ALCO,2025-06-20,31.67,31.795,30.94,31.25
ALCO,2025-06-23,31.35,32.69,31.14,32.06
ALCO,2025-06-24,31.86,32.04,31.0,31.26
ALCO,2025-06-25,31.44,31.45,31.16,31.25
ALCO,2025-06-26,31.2,31.6799,31.2,31.62
ALCO,2025-06-27,31.37,32.07,31.37,31.71
ALCO,2025-06-30,32.39,32.85,31.7679,32.68
ALCO,2025-07-01,32.78,34.12,32.78,33.61
ALCO,2025-07-02,33.8,34.31,33.5,33.96
ALCO,2025-07-03,34.3,34.3,33.7124,33.81
ALCO,2025-07-07,33.79,33.96,32.42,32.54
ALCO,2025-07-08,32.36,32.36,31.9947,32.27
ALCO,2025-07-09,32.42,32.4369,31.97,32.27
ALCO,2025-07-10,32.16,32.7,32.16,32.4
ALCO,2025-07-11,32.255,32.855,32.255,32.83
ALCO,2025-07-14,32.83,32.89,32.3849,32.62
ALCO,2025-07-15,32.22,32.69,32.13,32.41
ALCO,2025-07-16,32.58,32.71,32.15,32.64
ALCO,2025-07-17,32.48,32.9,32.29,32.29
ALCO,2025-07-18,32.49,32.64,32.15,32.33
ALCO,2025-07-21,32.31,32.68,32.11,32.13
ALCO,2025-07-22,32.275,32.65,32.275,32.37
ALCO,2025-07-23,32.65,32.9399,32.56,32.68
ALCO,2025-07-24,32.5,32.775,32.5,32.53
ALCO,2025-07-25,32.64,32.7579,32.48,32.485
ALCO,2025-07-28,32.45,32.58,32.15,32.41
ALCO,2025-07-29,32.39,32.65,32.2036,32.35
ALCO,2025-07-30,32.57,32.66,32.07,32.27
ALCO,2025-07-31,32.05,32.6,32.0301,32.15
ALCO,2025-08-01,32.28,32.33,32.03,32.12
ALCO,2025-08-04,32.01,32.29,32.01,32.29
ALCO,2025-08-05,32.22,32.615,31.955,32.21
ALCO,2025-08-06,32.26,32.55,31.962,32.23
ALCO,2025-08-07,32.3349,32.495,32.09,32.17
ALCO,2025-08-08,32.2,32.415,32.06,32.14
ALCO,2025-08-11,32.04,32.54,32.03,32.4
ALCO,2025-08-12,32.63,33.57,32.44,33.26
ALCO,2025-08-13,31.75,33.5,31.7,33.4
ALCO,2025-08-14,33.12,33.455,32.8733,33.35
ALCO,2025-08-15,33.33,33.33,32.18,32.81
ALCO,2025-08-18,32.9,33.175,32.705,33.0
ALCO,2025-08-19,33.25,33.3789,32.75,33.09
ALCO,2025-08-20,33.23,33.9,32.75,33.86
ALCO,2025-08-21,34.04,34.67,33.72,34.08
ALCO,2025-08-22,34.0,34.87,34.0,34.87
ALCO,2025-08-25,34.89,35.005,34.435,34.68
ALCO,2025-08-26,34.55,34.7,34.08,34.16
ALCO,2025-08-27,34.0,34.455,33.95,34.01
ALCO,2025-08-28,34.16,34.16,33.65,34.115
ALCO,2025-08-29,34.19,34.35,33.84,33.84
ALCO,2025-09-02,33.63,34.49,33.626,33.92
ALCO,2025-09-03,33.73,34.005,33.23,33.375
ALCO,2025-09-04,33.25,33.73,33.25,33.68
ALCO,2025-09-05,33.78,33.95,33.4,33.53
ALCO,2025-09-08,33.76,34.49,33.55,34.085
ALCO,2025-09-09,34.03,34.19,33.51,33.65
ALCO,2025-09-10,33.63,33.91,33.53,33.67
ALCO,2025-09-11,33.71,34.28,33.71,34.08
ALCO,2025-09-12,33.51,34.14,33.51,33.99
ALCO,2025-09-15,34.33,34.5,34.115,34.28
ALCO,2025-09-16,34.2,34.44,33.782,33.9
ALCO,2025-09-17,33.87,34.385,33.47,33.75
ALCO,2025-09-18,33.56,34.1,33.56,33.95
ALCO,2025-09-19,34.0,34.0,33.53,33.605
ALCO,2025-09-22,33.5,34.23,33.5,34.08
ALCO,2025-09-23,33.94,34.29,33.15,33.28
ALCO,2025-09-24,33.32,33.58,33.15,33.46
ALCO,2025-09-25,33.45,33.7662,33.345,33.485
ALCO,2025-09-26,33.58,33.58,33.405,33.55
ALCO,2025-09-29,33.52,33.675,33.42,33.545
ALCO,2025-09-30,33.56,34.68,33.45,34.68
ALCO,2025-10-01,34.085,34.41,33.38,33.5
ALCO,2025-10-02,33.885,33.885,33.21,33.35
ALCO,2025-10-03,33.5,33.83,33.45,33.5
ALCO,2025-10-06,33.545,33.75,33.41,33.46
ALCO,2025-10-07,33.35,33.84,33.35,33.66
ALCO,2025-10-08,33.61,33.735,33.44,33.53
ALCO,2025-10-09,33.46,33.58,33.4208,33.5
ALCO,2025-10-10,33.36,33.745,33.36,33.39
ALCO,2025-10-13,33.57,33.78,33.46,33.76
ALCO,2025-10-14,33.75,34.01,33.635,33.915
ALCO,2025-10-15,34.11,34.479,34.035,34.47
ALCO,2025-10-16,34.3,35.49,34.3,34.78
ALCO,2025-10-17,34.77,35.17,34.2129,34.65
ALCO,2025-10-20,34.41,35.105,34.41,34.87
ALCO,2025-10-21,34.91,35.1,34.7521,35.02
ALCO,2025-10-22,34.95,35.41,34.95,35.36
ALCO,2025-10-23,35.290566,35.51,35.290566,35.45
ALCO,2025-10-24,35.49,35.89,35.39,35.8
ALCO,2025-10-27,35.84,35.9,35.2701,35.65
ALCO,2025-10-28,35.68,35.7,34.73,34.75
ALCO,2025-10-29,34.61,35.11,34.1,34.4
ALCO,2025-10-30,34.4,35.19,34.4,35.14
ALCO,2025-10-31,34.87,35.3881,34.49,35.21
ALCO,2025-11-03,34.945,35.19,33.33,33.4
ALCO,2025-11-04,33.51,33.7405,32.83,32.92
ALCO,2025-11-05,32.84,33.429,32.2316,32.47
ALCO,2025-11-06,32.25,32.62,32.25,32.59
ALCO,2025-11-07,32.74,33.12,32.59,32.945
ALCO,2025-11-10,33.4058,33.4058,32.94,33.19
ALCO,2025-11-11,33.38,33.425,32.46,33.28
ALCO,2025-11-12,33.38,34.02,33.38,33.81
ALCO,2025-11-13,33.72,33.91,32.87,33.085
ALCO,2025-11-14,33.32,33.36,32.734,33.115
ALCO,2025-11-17,32.8808,33.07,32.29,32.33
ALCO,2025-11-18,32.17,32.28,32.0,32.04
ALCO,2025-11-19,32.075,32.14,31.32,31.35
ALCO,2025-11-20,31.85,32.245,31.555,31.56
ALCO,2025-11-21,31.43,32.07,31.42,31.725
ALCO,2025-11-24,31.48,31.965,31.48,31.69
ALCO,2025-11-25,31.57,33.7,31.57,33.28
ALCO,2025-11-26,33.49,34.74,33.49,34.44
ALCO,2025-11-28,34.69,34.9899,34.3977,34.795
ALCO,2025-12-01,34.695,35.43,34.695,35.2
ALCO,2025-12-02,35.29,36.4,35.0,36.33
ALCO,2025-12-03,36.24,37.42,36.1625,37.396
ALCO,2025-12-04,37.45,37.5,36.74,37.42
ALCO,2025-12-05,37.49,37.4999,36.855,36.99
ALCO,2025-12-08,36.725,37.175,36.59,36.72
ALCO,2025-12-09,36.14,36.14,36.07,36.14
ALCO,2025-12-10,36.58,37.68,36.58,37.64
ALCO,2025-12-11,37.5,37.9,37.16,37.25
ALCO,2025-12-12,37.12,37.69,36.605,37.69
