ticker,date,open,high,low,close
COLM,1998-03-27,8.17,8.29,7.29,7.31
COLM,1998-03-30,7.35,7.38,7.12,7.31
COLM,1998-03-31,7.35,7.4,7.02,7.04
COLM,1998-04-01,7.17,7.19,6.98,7.0
COLM,1998-04-02,7.0,7.12,6.98,7.12
COLM,1998-04-03,7.17,7.17,6.83,7.0
COLM,1998-04-06,7.02,7.12,7.0,7.08
COLM,1998-04-07,7.1,7.12,6.92,7.02
COLM,1998-04-08,6.92,7.54,6.92,7.33
COLM,1998-04-09,7.54,7.83,7.38,7.54
COLM,1998-04-13,7.62,7.88,7.62,7.69
COLM,1998-04-14,7.88,7.88,7.54,7.67
COLM,1998-04-15,7.62,8.0,7.62,8.0
COLM,1998-04-16,8.0,8.0,7.79,7.83
COLM,1998-04-17,7.88,8.0,7.75,7.88
COLM,1998-04-20,7.88,8.29,7.79,8.25
COLM,1998-04-21,8.42,8.56,8.02,8.08
COLM,1998-04-22,8.02,8.17,7.5,7.58
COLM,1998-04-23,7.62,7.62,7.42,7.46
COLM,1998-04-24,7.5,7.62,7.42,7.42
COLM,1998-04-27,7.38,7.38,6.79,7.0
COLM,1998-04-28,7.08,7.1,6.88,7.0
COLM,1998-04-29,7.29,7.33,6.83,6.88
COLM,1998-04-30,7.04,7.1,6.92,7.08
COLM,1998-05-01,7.08,7.12,6.96,7.0
COLM,1998-05-04,7.08,7.08,6.83,6.83
COLM,1998-05-05,6.92,6.92,6.46,6.62
COLM,1998-05-06,6.62,6.67,6.5,6.58
COLM,1998-05-07,6.58,6.58,6.29,6.29
COLM,1998-05-08,6.33,6.56,6.33,6.54
COLM,1998-05-11,6.58,6.83,6.5,6.65
COLM,1998-05-12,6.71,6.71,6.58,6.67
COLM,1998-05-13,6.71,6.71,6.33,6.42
COLM,1998-05-14,6.42,6.58,6.29,6.29
COLM,1998-05-15,6.38,6.38,6.29,6.31
COLM,1998-05-18,6.33,6.4,6.29,6.29
COLM,1998-05-19,6.29,6.38,6.17,6.25
COLM,1998-05-20,6.33,6.44,6.25,6.27
COLM,1998-05-21,6.38,6.38,6.23,6.23
COLM,1998-05-22,6.21,6.33,6.17,6.21
COLM,1998-05-26,6.17,6.33,6.17,6.25
COLM,1998-05-27,6.08,6.29,6.08,6.21
COLM,1998-05-28,6.12,6.54,6.12,6.54
COLM,1998-05-29,6.58,7.0,6.54,6.98
COLM,1998-06-01,6.94,7.33,6.94,7.17
COLM,1998-06-02,7.25,7.33,7.17,7.21
COLM,1998-06-03,7.35,7.35,7.21,7.31
COLM,1998-06-04,7.33,7.33,7.15,7.17
COLM,1998-06-05,7.17,7.33,7.17,7.29
COLM,1998-06-08,7.33,7.67,7.21,7.65
COLM,1998-06-09,7.67,7.98,7.54,7.83
COLM,1998-06-10,7.83,7.98,7.75,7.77
COLM,1998-06-11,7.77,7.79,7.58,7.65
COLM,1998-06-12,7.58,7.67,7.46,7.56
COLM,1998-06-15,7.17,7.33,7.08,7.08
COLM,1998-06-16,7.17,7.17,6.79,6.92
COLM,1998-06-17,6.79,6.92,6.79,6.92
COLM,1998-06-18,6.88,6.92,6.88,6.92
COLM,1998-06-19,6.88,6.88,6.48,6.6
COLM,1998-06-22,6.58,6.58,6.33,6.33
COLM,1998-06-23,6.42,6.5,6.33,6.46
COLM,1998-06-24,6.5,6.71,6.46,6.71
COLM,1998-06-25,6.67,6.79,6.67,6.79
COLM,1998-06-26,6.83,6.83,6.75,6.75
COLM,1998-06-29,6.79,6.79,6.62,6.62
COLM,1998-06-30,6.67,6.75,6.33,6.33
COLM,1998-07-01,6.35,6.42,6.31,6.42
COLM,1998-07-02,6.33,6.67,6.33,6.67
COLM,1998-07-06,6.5,6.67,6.5,6.65
COLM,1998-07-07,6.67,6.67,6.6,6.62
COLM,1998-07-08,6.71,6.71,6.54,6.67
COLM,1998-07-09,6.58,6.62,6.42,6.5
COLM,1998-07-10,6.42,6.5,6.42,6.5
COLM,1998-07-13,6.46,6.54,6.46,6.48
COLM,1998-07-14,6.62,6.62,6.5,6.52
COLM,1998-07-15,6.6,6.62,6.52,6.58
COLM,1998-07-16,6.52,6.58,6.5,6.54
COLM,1998-07-17,6.58,6.71,6.52,6.58
COLM,1998-07-20,6.62,7.04,6.56,6.96
COLM,1998-07-21,7.0,7.0,6.65,6.67
COLM,1998-07-22,6.71,6.71,6.56,6.67
COLM,1998-07-23,6.62,6.67,6.29,6.38
COLM,1998-07-24,6.46,6.46,6.27,6.31
COLM,1998-07-27,6.33,6.33,6.08,6.08
COLM,1998-07-28,6.0,6.17,5.88,5.96
COLM,1998-07-29,6.33,6.42,5.96,6.29
COLM,1998-07-30,6.29,6.5,6.21,6.5
COLM,1998-07-31,6.5,6.5,6.42,6.42
COLM,1998-08-03,6.38,6.42,6.25,6.25
COLM,1998-08-04,6.17,6.33,6.08,6.08
COLM,1998-08-05,6.17,6.17,5.79,5.92
COLM,1998-08-06,5.92,5.96,5.79,5.96
COLM,1998-08-07,5.88,6.0,5.88,6.0
COLM,1998-08-10,6.0,6.0,5.88,5.96
COLM,1998-08-11,5.83,5.92,5.79,5.79
COLM,1998-08-12,5.88,5.88,5.75,5.88
COLM,1998-08-13,5.71,5.88,5.71,5.83
COLM,1998-08-14,5.83,5.83,5.75,5.79
COLM,1998-08-17,5.83,5.83,5.75,5.83
COLM,1998-08-18,5.92,5.92,5.75,5.88
COLM,1998-08-19,5.75,5.79,5.58,5.67
COLM,1998-08-20,5.67,5.71,5.58,5.67
COLM,1998-08-21,5.62,5.62,5.33,5.38
COLM,1998-08-24,5.38,5.42,5.12,5.12
COLM,1998-08-25,5.29,5.29,5.17,5.21
COLM,1998-08-26,5.17,5.25,4.92,4.96
COLM,1998-08-27,4.88,4.88,4.5,4.62
COLM,1998-08-28,4.54,4.62,4.42,4.48
COLM,1998-08-31,4.42,4.54,4.25,4.25
COLM,1998-09-01,4.17,4.25,3.98,4.08
COLM,1998-09-02,3.96,4.17,3.75,4.0
COLM,1998-09-03,4.0,4.0,3.88,3.96
COLM,1998-09-04,3.94,4.0,3.83,3.92
COLM,1998-09-08,3.92,4.0,3.88,3.88
COLM,1998-09-09,3.96,3.96,3.77,3.83
COLM,1998-09-10,3.71,3.79,3.67,3.71
COLM,1998-09-11,3.71,3.75,3.67,3.75
COLM,1998-09-14,3.75,3.75,3.6,3.6
COLM,1998-09-15,3.62,3.62,3.21,3.29
COLM,1998-09-16,3.33,3.46,3.29,3.46
COLM,1998-09-17,3.46,3.5,3.33,3.38
COLM,1998-09-18,3.5,4.17,3.46,4.17
COLM,1998-09-21,4.1,4.29,4.0,4.27
COLM,1998-09-22,4.33,4.96,4.25,4.83
COLM,1998-09-23,5.25,5.67,4.98,5.29
COLM,1998-09-24,5.21,5.29,5.06,5.08
COLM,1998-09-25,5.1,5.46,5.04,5.38
COLM,1998-09-28,5.46,5.5,5.33,5.33
COLM,1998-09-29,5.5,5.5,5.21,5.33
COLM,1998-09-30,5.25,5.46,5.17,5.46
COLM,1998-10-01,5.21,5.33,5.21,5.29
COLM,1998-10-02,5.29,5.42,5.08,5.33
COLM,1998-10-05,5.5,5.5,5.12,5.25
COLM,1998-10-06,5.42,5.46,5.33,5.38
COLM,1998-10-07,5.33,5.5,5.29,5.5
COLM,1998-10-08,5.5,5.5,5.04,5.25
COLM,1998-10-09,5.04,5.5,5.04,5.5
COLM,1998-10-12,5.38,5.5,5.33,5.38
COLM,1998-10-13,5.33,5.33,5.17,5.17
COLM,1998-10-14,5.17,5.17,4.79,4.79
COLM,1998-10-15,4.83,5.21,4.69,5.21
COLM,1998-10-16,5.33,5.5,5.23,5.34
COLM,1998-10-19,5.62,5.75,5.5,5.67
COLM,1998-10-20,5.5,6.08,5.5,5.83
COLM,1998-10-21,5.92,5.92,5.54,5.58
COLM,1998-10-22,5.75,5.75,5.25,5.67
COLM,1998-10-23,5.58,6.67,5.58,6.08
COLM,1998-10-26,6.25,6.46,5.58,5.75
COLM,1998-10-27,5.67,6.62,5.67,6.17
COLM,1998-10-28,6.21,6.5,5.83,5.83
COLM,1998-10-29,5.96,5.96,5.83,5.94
COLM,1998-10-30,5.96,6.0,5.83,5.83
COLM,1998-11-02,5.88,6.12,5.88,6.1
COLM,1998-11-03,6.04,6.17,6.04,6.04
COLM,1998-11-04,6.04,6.42,6.04,6.33
COLM,1998-11-05,6.33,6.33,6.12,6.33
COLM,1998-11-06,6.17,6.5,6.17,6.42
COLM,1998-11-09,6.25,6.5,6.25,6.29
COLM,1998-11-10,6.17,6.46,5.96,6.12
COLM,1998-11-11,6.0,6.08,5.75,6.0
COLM,1998-11-12,6.0,6.0,5.92,5.98
COLM,1998-11-13,5.96,6.12,5.67,5.79
COLM,1998-11-16,5.83,6.46,5.83,6.44
COLM,1998-11-17,6.33,6.83,6.33,6.79
COLM,1998-11-18,6.71,7.29,6.71,7.29
COLM,1998-11-19,7.12,7.29,6.96,7.04
COLM,1998-11-20,6.96,7.0,6.75,6.88
COLM,1998-11-23,6.83,7.08,6.83,6.98
COLM,1998-11-24,6.96,7.08,6.83,7.0
COLM,1998-11-25,6.92,7.04,6.83,6.96
COLM,1998-11-27,7.0,7.23,7.0,7.21
COLM,1998-11-30,7.04,7.42,7.04,7.42
COLM,1998-12-01,7.33,7.46,7.17,7.29
COLM,1998-12-02,7.25,7.27,6.04,6.75
COLM,1998-12-03,6.88,6.88,6.12,6.17
COLM,1998-12-04,6.42,6.54,6.21,6.54
COLM,1998-12-07,6.33,6.58,6.17,6.17
COLM,1998-12-08,6.0,6.0,5.42,5.88
COLM,1998-12-09,5.83,6.0,5.83,5.88
COLM,1998-12-10,5.88,6.0,5.58,5.62
COLM,1998-12-11,5.5,5.62,5.5,5.54
COLM,1998-12-14,5.58,5.71,5.46,5.67
COLM,1998-12-15,5.58,5.71,5.58,5.58
COLM,1998-12-16,5.62,5.62,5.42,5.6
COLM,1998-12-17,5.46,5.67,5.0,5.04
COLM,1998-12-18,5.02,5.02,4.75,4.92
COLM,1998-12-21,4.88,5.12,4.83,5.04
COLM,1998-12-22,5.08,5.08,4.92,5.02
COLM,1998-12-23,4.94,5.67,4.92,5.38
COLM,1998-12-24,5.46,5.46,5.29,5.44
COLM,1998-12-28,5.46,5.5,5.33,5.5
COLM,1998-12-29,5.33,5.67,5.33,5.33
COLM,1998-12-30,5.33,5.58,5.33,5.5
COLM,1998-12-31,5.46,5.67,5.35,5.62
COLM,1999-01-04,5.67,6.12,5.58,6.0
COLM,1999-01-05,6.08,6.29,6.04,6.04
COLM,1999-01-06,6.25,6.33,6.0,6.02
COLM,1999-01-07,5.96,6.17,5.83,5.92
COLM,1999-01-08,5.83,6.0,5.67,5.92
COLM,1999-01-11,5.92,6.0,5.75,5.75
COLM,1999-01-12,5.83,5.96,5.67,5.75
COLM,1999-01-13,5.46,5.67,5.33,5.54
COLM,1999-01-14,5.42,5.67,5.38,5.42
COLM,1999-01-15,5.54,5.67,5.42,5.58
COLM,1999-01-19,5.67,5.71,5.54,5.71
COLM,1999-01-20,5.62,5.71,5.42,5.46
COLM,1999-01-21,5.58,5.67,5.42,5.5
COLM,1999-01-22,5.42,5.67,5.42,5.5
COLM,1999-01-25,5.58,5.67,5.42,5.62
COLM,1999-01-26,5.67,5.67,5.52,5.67
COLM,1999-01-27,5.58,5.67,5.58,5.67
COLM,1999-01-28,5.67,5.67,5.58,5.62
COLM,1999-01-29,5.71,5.79,5.62,5.79
COLM,1999-02-01,5.71,5.96,5.71,5.83
COLM,1999-02-02,5.96,5.96,5.75,5.83
COLM,1999-02-03,5.79,5.85,5.48,5.54
COLM,1999-02-04,5.33,5.46,4.98,5.29
COLM,1999-02-05,5.33,5.62,5.21,5.29
COLM,1999-02-08,5.29,5.46,5.12,5.15
COLM,1999-02-09,5.08,5.25,4.92,5.25
COLM,1999-02-10,4.46,4.5,3.92,4.17
COLM,1999-02-11,4.17,4.21,4.15,4.16
COLM,1999-02-12,4.17,4.21,4.04,4.12
COLM,1999-02-16,4.15,4.15,4.08,4.12
COLM,1999-02-17,4.08,4.08,4.0,4.04
COLM,1999-02-18,4.04,4.04,3.92,3.98
COLM,1999-02-19,3.98,4.04,3.96,3.98
COLM,1999-02-22,4.0,4.08,3.92,4.08
COLM,1999-02-23,4.08,4.08,4.0,4.06
COLM,1999-02-24,4.06,4.08,3.96,3.96
COLM,1999-02-25,4.02,4.04,3.92,4.0
COLM,1999-02-26,4.02,4.04,3.92,4.0
COLM,1999-03-01,4.04,4.21,4.0,4.08
COLM,1999-03-02,4.1,4.83,4.1,4.62
COLM,1999-03-03,4.83,4.88,4.42,4.48
COLM,1999-03-04,4.44,4.58,4.25,4.25
COLM,1999-03-05,4.29,4.35,3.83,4.0
COLM,1999-03-08,4.0,4.12,3.96,4.04
COLM,1999-03-09,4.08,4.08,4.0,4.06
COLM,1999-03-10,4.1,4.1,3.96,4.04
COLM,1999-03-11,4.12,4.12,3.96,4.04
COLM,1999-03-12,4.0,4.04,3.96,4.0
COLM,1999-03-15,4.08,4.08,3.96,4.0
COLM,1999-03-16,4.0,4.08,3.98,4.0
COLM,1999-03-17,4.0,4.08,4.0,4.08
COLM,1999-03-18,4.04,4.17,4.02,4.06
COLM,1999-03-19,4.21,4.21,4.04,4.12
COLM,1999-03-22,4.04,4.21,4.04,4.06
COLM,1999-03-23,4.17,4.17,3.92,3.92
COLM,1999-03-24,3.96,4.0,3.92,3.99
COLM,1999-03-25,4.0,4.23,4.0,4.21
COLM,1999-03-26,4.21,4.58,4.19,4.53
COLM,1999-03-29,4.62,4.83,4.56,4.75
COLM,1999-03-30,4.71,4.81,4.71,4.77
COLM,1999-03-31,4.75,6.69,4.75,6.54
COLM,1999-04-01,5.33,5.58,4.92,5.46
COLM,1999-04-05,5.33,5.5,5.0,5.29
COLM,1999-04-06,5.15,5.29,5.08,5.08
COLM,1999-04-07,5.08,5.25,5.08,5.08
COLM,1999-04-08,5.08,5.17,4.92,4.92
COLM,1999-04-09,5.08,5.17,4.92,5.17
COLM,1999-04-12,5.0,5.29,5.0,5.23
COLM,1999-04-13,5.17,5.42,5.17,5.38
COLM,1999-04-14,5.29,5.46,5.29,5.33
COLM,1999-04-15,5.46,5.83,5.33,5.62
COLM,1999-04-16,5.58,5.75,5.58,5.58
COLM,1999-04-19,5.75,5.75,4.83,4.88
COLM,1999-04-20,4.96,5.08,4.5,4.88
COLM,1999-04-21,4.88,5.0,4.83,4.88
COLM,1999-04-22,5.42,5.42,5.21,5.31
COLM,1999-04-23,5.31,5.42,5.29,5.33
COLM,1999-04-26,5.33,5.42,5.17,5.31
COLM,1999-04-27,5.17,5.42,5.17,5.29
COLM,1999-04-28,5.0,5.21,4.67,4.83
COLM,1999-04-29,4.83,4.83,4.67,4.67
COLM,1999-04-30,4.67,4.75,4.52,4.52
COLM,1999-05-03,4.58,4.67,4.5,4.58
COLM,1999-05-04,4.54,4.71,4.54,4.58
COLM,1999-05-05,4.62,4.75,4.62,4.75
COLM,1999-05-06,4.75,4.75,4.62,4.62
COLM,1999-05-07,4.75,4.75,4.62,4.69
COLM,1999-05-10,4.73,4.75,4.67,4.75
COLM,1999-05-11,4.79,4.79,4.67,4.71
COLM,1999-05-12,4.67,4.83,4.62,4.75
COLM,1999-05-13,4.77,4.77,4.62,4.71
COLM,1999-05-14,4.71,4.77,4.67,4.71
COLM,1999-05-17,4.75,4.75,4.62,4.71
COLM,1999-05-18,4.71,4.71,4.62,4.67
COLM,1999-05-19,4.71,4.71,4.62,4.62
COLM,1999-05-20,4.71,4.83,4.67,4.67
COLM,1999-05-21,4.67,4.83,4.67,4.71
COLM,1999-05-24,4.75,4.83,4.42,4.46
COLM,1999-05-25,4.46,4.67,4.42,4.46
COLM,1999-05-26,4.62,4.88,4.4,4.79
COLM,1999-05-27,4.71,4.77,4.67,4.71
COLM,1999-05-28,4.77,4.96,4.62,4.88
COLM,1999-06-01,4.96,5.08,4.88,5.08
COLM,1999-06-02,5.12,5.12,4.92,4.94
COLM,1999-06-03,4.92,5.0,4.83,4.83
COLM,1999-06-04,4.92,4.92,4.85,4.92
COLM,1999-06-07,4.85,4.96,4.75,4.81
COLM,1999-06-08,4.75,4.88,4.71,4.83
COLM,1999-06-09,4.71,4.81,4.58,4.67
COLM,1999-06-10,4.79,5.25,4.67,4.92
COLM,1999-06-11,5.04,5.04,4.62,4.71
COLM,1999-06-14,4.72,4.79,4.67,4.79
COLM,1999-06-15,4.83,4.83,4.67,4.75
COLM,1999-06-16,4.81,4.81,4.58,4.67
COLM,1999-06-17,4.67,4.75,4.67,4.71
COLM,1999-06-18,4.75,4.75,4.69,4.69
COLM,1999-06-21,4.69,4.73,4.67,4.67
COLM,1999-06-22,4.67,4.71,4.67,4.71
COLM,1999-06-23,4.67,4.71,4.58,4.62
COLM,1999-06-24,4.67,4.75,4.56,4.69
COLM,1999-06-25,4.79,4.79,4.69,4.71
COLM,1999-06-28,4.71,4.77,4.71,4.75
COLM,1999-06-29,4.83,4.83,4.71,4.75
COLM,1999-06-30,4.78,5.12,4.78,5.12
COLM,1999-07-01,5.17,5.56,5.11,5.4
COLM,1999-07-02,5.56,5.83,5.42,5.58
COLM,1999-07-06,5.62,5.83,5.58,5.58
COLM,1999-07-07,5.58,5.67,5.54,5.54
COLM,1999-07-08,5.54,5.69,5.5,5.62
COLM,1999-07-09,5.62,5.79,5.54,5.77
COLM,1999-07-12,5.77,5.83,5.73,5.81
COLM,1999-07-13,5.67,5.83,5.62,5.71
COLM,1999-07-14,5.71,5.79,5.67,5.67
COLM,1999-07-15,5.67,5.79,5.67,5.75
COLM,1999-07-16,5.79,5.83,5.71,5.73
COLM,1999-07-19,5.83,5.83,5.69,5.77
COLM,1999-07-20,5.75,5.79,5.71,5.77
COLM,1999-07-21,5.71,5.77,5.71,5.77
COLM,1999-07-22,5.79,5.81,5.75,5.79
COLM,1999-07-23,5.77,5.81,5.71,5.75
COLM,1999-07-26,5.83,5.83,5.71,5.79
COLM,1999-07-27,5.94,5.98,5.85,5.92
COLM,1999-07-28,5.92,5.92,5.83,5.9
COLM,1999-07-29,5.88,5.9,5.54,5.58
COLM,1999-07-30,5.62,5.79,5.58,5.79
COLM,1999-08-02,5.75,5.79,5.62,5.67
COLM,1999-08-03,5.67,5.69,5.58,5.58
COLM,1999-08-04,5.58,5.67,5.58,5.65
COLM,1999-08-05,5.65,5.67,5.54,5.58
COLM,1999-08-06,5.71,5.71,5.54,5.54
COLM,1999-08-09,5.5,5.58,5.46,5.46
COLM,1999-08-10,5.42,5.5,5.21,5.21
COLM,1999-08-11,5.25,5.33,5.17,5.27
COLM,1999-08-12,5.33,5.33,5.17,5.33
COLM,1999-08-13,5.33,5.5,5.29,5.38
COLM,1999-08-16,5.33,5.5,5.27,5.27
COLM,1999-08-17,5.27,5.5,5.27,5.5
COLM,1999-08-18,5.48,5.48,5.27,5.33
COLM,1999-08-19,5.33,5.62,5.33,5.62
COLM,1999-08-20,5.62,5.79,5.46,5.58
COLM,1999-08-23,5.81,5.83,5.67,5.77
COLM,1999-08-24,5.67,5.81,5.67,5.75
COLM,1999-08-25,5.75,5.75,5.69,5.71
COLM,1999-08-26,5.73,5.79,5.71,5.75
COLM,1999-08-27,5.71,5.83,5.71,5.83
COLM,1999-08-30,5.83,5.88,5.75,5.83
COLM,1999-08-31,5.83,6.08,5.83,5.98
COLM,1999-09-01,5.98,6.12,5.98,6.12
COLM,1999-09-02,5.94,6.33,5.92,6.33
COLM,1999-09-03,6.33,6.38,6.25,6.33
COLM,1999-09-07,6.27,6.38,6.27,6.38
COLM,1999-09-08,6.31,6.4,6.25,6.31
COLM,1999-09-09,6.31,6.42,6.25,6.33
COLM,1999-09-10,6.31,6.38,6.31,6.38
COLM,1999-09-13,6.39,6.42,6.25,6.38
COLM,1999-09-14,6.25,6.33,6.21,6.33
COLM,1999-09-15,6.33,6.35,6.27,6.33
COLM,1999-09-16,6.31,6.33,6.29,6.31
COLM,1999-09-17,6.29,6.33,6.21,6.25
COLM,1999-09-20,6.21,6.25,6.17,6.21
COLM,1999-09-21,6.21,6.21,5.88,5.88
COLM,1999-09-22,5.92,5.92,5.79,5.79
COLM,1999-09-23,5.8,5.92,5.75,5.92
COLM,1999-09-24,5.75,5.83,5.71,5.79
COLM,1999-09-27,5.79,5.83,5.67,5.73
COLM,1999-09-28,5.67,5.83,5.67,5.83
COLM,1999-09-29,5.83,5.83,5.08,5.33
COLM,1999-09-30,5.33,5.5,4.62,4.75
COLM,1999-10-01,4.82,5.42,4.82,5.38
COLM,1999-10-04,5.4,5.44,5.08,5.19
COLM,1999-10-05,5.21,5.25,5.0,5.17
COLM,1999-10-06,5.17,5.23,5.0,5.04
COLM,1999-10-07,5.04,5.21,5.04,5.08
COLM,1999-10-08,5.08,5.25,5.08,5.23
COLM,1999-10-11,5.33,5.38,5.27,5.38
COLM,1999-10-12,5.29,5.67,5.29,5.6
COLM,1999-10-13,5.58,5.67,5.54,5.58
COLM,1999-10-14,5.67,5.79,5.62,5.77
COLM,1999-10-15,5.58,5.71,5.54,5.58
COLM,1999-10-18,5.6,5.67,5.54,5.58
COLM,1999-10-19,5.62,5.67,5.54,5.62
COLM,1999-10-20,5.71,5.81,5.62,5.81
COLM,1999-10-21,5.58,5.88,5.46,5.46
COLM,1999-10-22,5.38,5.58,5.38,5.52
COLM,1999-10-25,5.58,5.94,5.46,5.79
COLM,1999-10-26,5.92,6.12,5.79,6.0
COLM,1999-10-27,6.12,6.54,6.08,6.48
COLM,1999-10-28,6.38,6.88,6.29,6.77
COLM,1999-10-29,6.77,7.08,6.67,6.75
COLM,1999-11-01,6.6,6.71,6.58,6.67
COLM,1999-11-02,6.62,6.75,6.62,6.67
COLM,1999-11-03,6.62,6.71,6.62,6.69
COLM,1999-11-04,6.67,6.71,6.54,6.54
COLM,1999-11-05,6.67,6.67,6.54,6.65
COLM,1999-11-08,6.56,6.62,6.42,6.54
COLM,1999-11-09,6.69,6.75,6.48,6.62
COLM,1999-11-10,6.67,6.67,6.5,6.5
COLM,1999-11-11,6.51,6.52,6.25,6.25
COLM,1999-11-12,6.19,6.19,5.88,6.17
COLM,1999-11-15,6.17,6.48,6.08,6.33
COLM,1999-11-16,6.33,6.5,6.25,6.46
COLM,1999-11-17,6.38,6.67,6.38,6.67
COLM,1999-11-18,6.65,6.71,6.5,6.69
COLM,1999-11-19,6.71,6.71,6.54,6.62
COLM,1999-11-22,6.6,6.67,6.5,6.54
COLM,1999-11-23,6.54,6.67,6.5,6.5
COLM,1999-11-24,6.5,6.62,6.5,6.62
COLM,1999-11-26,6.62,6.71,6.62,6.67
COLM,1999-11-29,6.58,6.73,6.54,6.73
COLM,1999-11-30,6.62,6.83,6.62,6.79
COLM,1999-12-01,6.69,6.79,6.62,6.73
COLM,1999-12-02,6.6,6.6,5.98,5.98
COLM,1999-12-03,6.0,6.17,5.88,5.96
COLM,1999-12-06,5.96,6.01,5.83,5.91
COLM,1999-12-07,5.83,5.83,5.46,5.67
COLM,1999-12-08,5.67,5.67,5.46,5.62
COLM,1999-12-09,5.62,5.75,5.62,5.71
COLM,1999-12-10,5.79,5.79,5.56,5.62
COLM,1999-12-13,5.54,5.6,5.46,5.46
COLM,1999-12-14,5.67,6.02,5.5,6.02
COLM,1999-12-15,5.92,6.29,5.83,6.29
COLM,1999-12-16,6.33,6.5,6.17,6.4
COLM,1999-12-17,6.61,6.79,6.42,6.75
COLM,1999-12-20,6.67,6.79,6.62,6.67
COLM,1999-12-21,6.62,6.75,6.62,6.71
COLM,1999-12-22,6.62,6.83,6.58,6.83
COLM,1999-12-23,6.83,6.94,6.67,6.94
COLM,1999-12-27,6.92,7.0,6.79,6.92
COLM,1999-12-28,6.83,7.0,6.75,6.98
COLM,1999-12-29,6.86,7.19,6.75,7.17
COLM,1999-12-30,7.04,7.23,7.04,7.15
COLM,1999-12-31,7.21,7.21,7.08,7.17
COLM,2000-01-03,7.08,7.94,6.75,7.44
COLM,2000-01-04,7.26,7.27,6.75,6.79
COLM,2000-01-05,6.75,7.0,6.5,6.75
COLM,2000-01-06,6.75,6.75,6.54,6.75
COLM,2000-01-07,6.54,6.83,6.54,6.56
COLM,2000-01-10,6.56,6.88,6.56,6.58
COLM,2000-01-11,6.48,6.54,6.19,6.27
COLM,2000-01-12,6.17,6.27,5.67,6.04
COLM,2000-01-13,5.95,6.12,5.85,6.08
COLM,2000-01-14,6.06,6.17,5.98,6.17
COLM,2000-01-18,6.25,6.25,6.08,6.21
COLM,2000-01-19,6.12,6.5,6.08,6.5
COLM,2000-01-20,6.48,6.54,6.38,6.38
COLM,2000-01-21,6.4,6.54,6.33,6.5
COLM,2000-01-24,6.54,6.54,6.11,6.11
COLM,2000-01-25,6.17,6.17,5.88,6.02
COLM,2000-01-26,6.08,6.08,5.92,5.92
COLM,2000-01-27,6.08,6.12,5.83,6.08
COLM,2000-01-28,5.94,6.12,5.94,5.94
COLM,2000-01-31,6.12,6.12,5.9,6.0
COLM,2000-02-01,6.0,6.62,5.92,6.46
COLM,2000-02-02,6.67,7.19,6.58,6.73
COLM,2000-02-03,6.81,6.83,6.67,6.67
COLM,2000-02-04,6.62,6.71,6.46,6.46
COLM,2000-02-07,6.67,6.83,6.46,6.58
COLM,2000-02-08,6.46,6.77,6.46,6.75
COLM,2000-02-09,6.92,6.92,6.46,6.58
COLM,2000-02-10,6.58,6.62,6.42,6.42
COLM,2000-02-11,6.42,6.67,6.0,6.0
COLM,2000-02-14,6.04,6.33,6.0,6.21
COLM,2000-02-15,6.08,6.33,6.04,6.12
COLM,2000-02-16,6.04,6.58,6.0,6.42
COLM,2000-02-17,6.54,6.67,6.5,6.5
COLM,2000-02-18,6.5,6.71,6.5,6.62
COLM,2000-02-22,6.46,6.75,6.46,6.5
COLM,2000-02-23,6.67,7.21,6.67,7.21
COLM,2000-02-24,7.1,7.25,6.75,6.8
COLM,2000-02-25,6.79,6.93,6.79,6.79
COLM,2000-02-28,6.85,7.0,6.79,6.9
COLM,2000-02-29,7.0,7.29,6.9,6.94
COLM,2000-03-01,6.97,7.29,6.9,7.29
COLM,2000-03-02,7.29,7.33,7.1,7.19
COLM,2000-03-03,7.21,7.33,6.75,6.83
COLM,2000-03-06,6.92,6.92,6.77,6.79
COLM,2000-03-07,6.79,6.92,6.54,6.6
COLM,2000-03-08,6.62,6.62,6.33,6.5
COLM,2000-03-09,6.52,6.52,6.33,6.35
COLM,2000-03-10,6.29,6.52,6.25,6.25
COLM,2000-03-13,6.25,6.29,6.12,6.21
COLM,2000-03-14,6.21,6.46,6.21,6.44
COLM,2000-03-15,6.33,6.52,6.33,6.52
COLM,2000-03-16,6.46,7.42,6.46,7.42
COLM,2000-03-17,7.27,7.34,7.12,7.29
COLM,2000-03-20,7.17,7.31,7.12,7.21
COLM,2000-03-21,7.21,7.23,6.94,7.06
COLM,2000-03-22,6.92,7.12,6.92,7.12
COLM,2000-03-23,7.02,7.12,7.0,7.06
COLM,2000-03-24,7.05,7.1,6.25,6.62
COLM,2000-03-27,6.71,7.25,6.71,6.71
COLM,2000-03-28,6.67,7.33,6.58,7.27
COLM,2000-03-29,7.21,7.52,7.08,7.33
COLM,2000-03-30,7.33,7.92,7.33,7.83
COLM,2000-03-31,7.96,8.33,7.79,8.17
COLM,2000-04-03,8.25,8.25,7.9,8.0
COLM,2000-04-04,7.92,7.96,7.52,7.67
COLM,2000-04-05,7.69,8.17,7.58,8.17
COLM,2000-04-06,8.08,8.17,8.08,8.12
COLM,2000-04-07,8.0,8.04,7.98,8.04
COLM,2000-04-10,7.96,8.04,7.96,7.96
COLM,2000-04-11,7.92,8.17,7.83,7.96
COLM,2000-04-12,7.85,8.06,7.85,8.02
COLM,2000-04-13,7.92,8.06,7.67,7.67
COLM,2000-04-14,7.67,7.88,7.04,7.25
COLM,2000-04-17,7.17,7.52,6.93,7.52
COLM,2000-04-18,7.54,7.83,7.21,7.79
COLM,2000-04-19,7.75,8.04,7.75,8.0
COLM,2000-04-20,7.98,7.98,7.62,7.85
COLM,2000-04-24,7.88,7.88,7.69,7.71
COLM,2000-04-25,7.6,7.83,7.6,7.79
COLM,2000-04-26,8.69,9.42,8.67,9.42
COLM,2000-04-27,9.21,9.88,9.08,9.54
COLM,2000-04-28,9.5,9.69,9.5,9.69
COLM,2000-05-01,9.58,9.96,9.58,9.96
COLM,2000-05-02,9.79,10.17,9.79,10.02
COLM,2000-05-03,9.96,9.96,8.9,9.5
COLM,2000-05-04,9.42,9.67,9.35,9.54
COLM,2000-05-05,9.5,10.04,9.5,10.04
COLM,2000-05-08,10.0,10.0,9.56,9.61
COLM,2000-05-09,9.52,9.58,9.46,9.52
COLM,2000-05-10,9.52,9.52,9.4,9.42
COLM,2000-05-11,9.33,9.71,9.33,9.71
COLM,2000-05-12,9.73,10.5,9.73,10.33
COLM,2000-05-15,10.25,10.35,10.17,10.21
COLM,2000-05-16,10.27,10.32,9.98,10.08
COLM,2000-05-17,10.0,10.04,9.62,9.62
COLM,2000-05-18,9.72,9.79,9.33,9.33
COLM,2000-05-19,9.31,9.42,8.5,9.12
COLM,2000-05-22,9.21,9.29,9.04,9.15
COLM,2000-05-23,9.15,9.5,9.15,9.33
COLM,2000-05-24,9.38,9.38,8.71,9.0
COLM,2000-05-25,8.71,9.12,8.67,9.11
COLM,2000-05-26,9.0,9.33,9.0,9.25
COLM,2000-05-30,9.33,9.33,9.17,9.17
COLM,2000-05-31,9.16,9.19,8.75,8.75
COLM,2000-06-01,8.75,9.0,8.75,8.96
COLM,2000-06-02,9.01,9.29,8.98,9.29
COLM,2000-06-05,9.23,9.28,8.92,8.96
COLM,2000-06-06,8.92,9.38,8.92,9.33
COLM,2000-06-07,9.33,9.33,9.04,9.17
COLM,2000-06-08,9.38,9.58,9.17,9.58
COLM,2000-06-09,9.6,9.6,9.44,9.48
COLM,2000-06-12,9.48,9.48,9.04,9.06
COLM,2000-06-13,9.19,9.19,9.0,9.0
COLM,2000-06-14,8.96,8.98,8.62,8.67
COLM,2000-06-15,8.79,9.46,8.71,9.44
COLM,2000-06-16,9.46,9.46,9.29,9.29
COLM,2000-06-19,9.21,9.38,9.12,9.12
COLM,2000-06-20,9.12,9.25,8.96,8.96
COLM,2000-06-21,9.0,9.0,8.79,8.79
COLM,2000-06-22,8.75,8.79,8.62,8.67
COLM,2000-06-23,8.73,8.73,7.96,8.06
COLM,2000-06-26,7.9,8.65,7.65,8.56
COLM,2000-06-27,8.62,9.08,8.62,8.87
COLM,2000-06-28,8.77,9.15,8.67,9.1
COLM,2000-06-29,9.15,9.15,8.75,8.75
COLM,2000-06-30,9.0,9.17,8.75,8.96
COLM,2000-07-03,9.0,9.25,8.92,9.25
COLM,2000-07-05,9.27,9.27,8.46,8.92
COLM,2000-07-06,8.6,9.46,8.6,9.46
COLM,2000-07-07,9.5,9.69,9.42,9.67
COLM,2000-07-10,9.65,10.75,9.65,10.62
COLM,2000-07-11,10.42,11.79,10.38,11.67
COLM,2000-07-12,11.52,11.57,10.73,10.73
COLM,2000-07-13,10.67,11.46,10.67,11.33
COLM,2000-07-14,11.33,11.38,10.83,11.08
COLM,2000-07-17,11.02,11.67,10.83,11.29
COLM,2000-07-18,11.4,11.42,11.27,11.38
COLM,2000-07-19,11.5,11.67,11.5,11.5
COLM,2000-07-20,11.71,11.71,11.5,11.66
COLM,2000-07-21,11.71,12.12,11.71,12.04
COLM,2000-07-24,11.96,12.12,11.46,11.46
COLM,2000-07-25,11.97,11.98,11.04,11.25
COLM,2000-07-26,12.0,12.58,11.9,12.0
COLM,2000-07-27,12.1,12.33,12.0,12.17
COLM,2000-07-28,12.0,12.0,11.56,11.67
COLM,2000-07-31,11.56,12.21,11.52,12.21
COLM,2000-08-01,12.08,12.33,12.0,12.29
COLM,2000-08-02,12.21,12.67,12.21,12.58
COLM,2000-08-03,12.56,13.08,12.54,12.92
COLM,2000-08-04,13.04,13.33,13.0,13.08
COLM,2000-08-07,13.17,13.25,12.98,13.17
COLM,2000-08-08,13.08,13.92,13.08,13.85
COLM,2000-08-09,13.92,13.96,13.5,13.69
COLM,2000-08-10,13.71,13.71,13.54,13.69
COLM,2000-08-11,13.58,14.38,13.46,14.04
COLM,2000-08-14,13.83,14.25,13.54,14.17
COLM,2000-08-15,14.19,14.27,13.25,13.65
COLM,2000-08-16,13.71,13.83,13.17,13.19
COLM,2000-08-17,13.17,13.29,12.85,12.85
COLM,2000-08-18,12.9,13.15,12.5,12.83
COLM,2000-08-21,12.85,13.12,12.71,13.12
COLM,2000-08-22,13.25,13.33,13.12,13.15
COLM,2000-08-23,13.15,13.15,12.17,12.17
COLM,2000-08-24,11.88,13.5,11.67,13.25
COLM,2000-08-25,13.33,13.42,13.08,13.33
COLM,2000-08-28,13.31,13.5,13.31,13.42
COLM,2000-08-29,13.5,13.71,13.5,13.65
COLM,2000-08-30,13.65,13.71,13.6,13.65
COLM,2000-08-31,13.65,13.71,13.54,13.62
COLM,2000-09-01,13.57,13.69,13.5,13.67
COLM,2000-09-05,13.56,14.71,13.46,14.71
COLM,2000-09-06,14.71,15.46,14.38,15.21
COLM,2000-09-07,15.08,15.9,15.08,15.75
COLM,2000-09-08,15.79,15.79,15.38,15.38
COLM,2000-09-11,15.58,15.67,15.0,15.02
COLM,2000-09-12,15.0,15.12,14.83,15.12
COLM,2000-09-13,14.83,15.12,14.83,15.02
COLM,2000-09-14,15.07,16.0,15.07,15.92
COLM,2000-09-15,15.67,15.81,15.5,15.58
COLM,2000-09-18,15.42,15.5,14.67,14.68
COLM,2000-09-19,15.04,15.04,14.08,14.08
COLM,2000-09-20,14.08,15.04,14.08,14.67
COLM,2000-09-21,14.9,14.9,14.5,14.62
COLM,2000-09-22,14.58,14.9,14.58,14.73
COLM,2000-09-25,14.5,15.0,14.46,14.98
COLM,2000-09-26,14.92,15.31,14.92,15.25
COLM,2000-09-27,15.08,15.2,14.85,14.88
COLM,2000-09-28,14.88,15.65,14.79,15.65
COLM,2000-09-29,15.58,15.67,15.0,15.29
COLM,2000-10-02,15.35,15.48,15.12,15.21
COLM,2000-10-03,15.19,15.35,15.04,15.04
COLM,2000-10-04,15.17,15.29,14.58,14.75
COLM,2000-10-05,14.88,15.33,14.75,14.92
COLM,2000-10-06,15.02,15.17,14.54,14.54
COLM,2000-10-09,14.5,14.73,14.42,14.44
COLM,2000-10-10,14.42,14.42,14.06,14.12
COLM,2000-10-11,14.08,14.21,13.08,13.44
COLM,2000-10-12,13.42,13.75,13.25,13.75
COLM,2000-10-13,13.31,13.67,13.25,13.52
COLM,2000-10-16,13.58,13.67,13.54,13.58
COLM,2000-10-17,13.7,13.81,13.67,13.73
COLM,2000-10-18,13.71,13.71,13.06,13.29
COLM,2000-10-19,13.35,13.5,13.24,13.5
COLM,2000-10-20,13.52,13.52,13.42,13.44
COLM,2000-10-23,13.46,14.06,13.46,13.83
COLM,2000-10-24,13.92,15.38,13.88,15.02
COLM,2000-10-25,14.67,15.0,11.67,11.88
COLM,2000-10-26,12.12,13.65,12.12,13.62
COLM,2000-10-27,13.29,13.67,13.21,13.29
COLM,2000-10-30,13.42,13.67,12.92,13.25
COLM,2000-10-31,13.04,14.29,13.04,14.25
COLM,2000-11-01,14.25,14.25,13.79,14.23
COLM,2000-11-02,14.29,14.67,14.04,14.67
COLM,2000-11-03,14.5,14.5,13.92,13.98
COLM,2000-11-06,13.94,14.04,13.92,13.92
COLM,2000-11-07,13.92,14.0,13.27,13.62
COLM,2000-11-08,13.62,14.02,13.58,13.88
COLM,2000-11-09,14.0,14.0,12.83,12.96
COLM,2000-11-10,13.1,13.1,12.74,12.87
COLM,2000-11-13,12.67,12.67,11.75,11.75
COLM,2000-11-14,11.92,12.23,11.69,12.21
COLM,2000-11-15,12.29,12.67,12.29,12.67
COLM,2000-11-16,12.65,12.65,11.33,11.35
COLM,2000-11-17,11.61,13.48,11.38,13.38
COLM,2000-11-20,13.83,14.0,12.88,13.0
COLM,2000-11-21,13.21,14.02,13.03,13.85
COLM,2000-11-22,13.96,14.0,13.33,13.96
COLM,2000-11-24,13.98,14.0,13.83,13.85
COLM,2000-11-27,14.02,14.02,13.67,13.85
COLM,2000-11-28,14.08,14.08,13.67,13.83
COLM,2000-11-29,13.67,14.19,13.65,14.15
COLM,2000-11-30,14.2,14.21,13.46,13.8
COLM,2000-12-01,13.67,15.33,13.67,14.73
COLM,2000-12-04,15.0,15.52,14.71,15.17
COLM,2000-12-05,14.84,15.96,14.54,15.96
COLM,2000-12-06,15.71,16.69,15.33,16.48
COLM,2000-12-07,16.37,16.37,15.9,16.04
COLM,2000-12-08,16.12,17.0,16.04,16.27
COLM,2000-12-11,16.33,16.96,16.08,16.79
COLM,2000-12-12,16.88,17.21,16.33,16.58
COLM,2000-12-13,16.66,16.67,15.94,16.0
COLM,2000-12-14,15.96,16.17,15.79,15.88
COLM,2000-12-15,15.88,16.0,15.62,15.62
COLM,2000-12-18,15.92,15.92,14.64,15.21
COLM,2000-12-19,15.01,15.58,15.0,15.5
COLM,2000-12-20,15.58,15.58,14.54,14.77
COLM,2000-12-21,14.94,15.35,14.68,15.33
COLM,2000-12-22,15.44,15.71,15.27,15.67
COLM,2000-12-26,15.75,16.58,15.54,16.33
COLM,2000-12-27,16.42,18.23,16.33,18.0
COLM,2000-12-28,17.92,18.22,17.54,17.85
COLM,2000-12-29,17.92,17.92,16.5,16.58
COLM,2001-01-02,16.71,17.12,16.55,17.1
COLM,2001-01-03,16.9,18.42,16.88,18.17
COLM,2001-01-04,18.17,18.25,17.25,17.25
COLM,2001-01-05,17.42,17.42,16.67,17.0
COLM,2001-01-08,17.17,17.25,16.52,16.67
COLM,2001-01-09,16.79,17.04,16.33,16.5
COLM,2001-01-10,16.62,17.04,16.17,17.02
COLM,2001-01-11,16.79,17.83,16.75,17.17
COLM,2001-01-12,17.23,17.42,16.75,16.85
COLM,2001-01-16,16.92,17.25,16.31,17.24
COLM,2001-01-17,16.96,17.42,16.94,17.06
COLM,2001-01-18,16.92,17.67,16.88,17.04
COLM,2001-01-19,17.0,17.25,16.17,16.42
COLM,2001-01-22,16.42,17.54,16.17,17.1
COLM,2001-01-23,16.98,17.67,16.46,16.48
COLM,2001-01-24,16.65,18.08,16.44,17.62
COLM,2001-01-25,17.6,18.83,17.6,18.12
COLM,2001-01-26,18.08,18.17,17.21,18.02
COLM,2001-01-29,17.98,19.23,17.96,19.17
COLM,2001-01-30,19.19,19.79,19.08,19.62
COLM,2001-01-31,19.67,20.19,19.38,19.62
COLM,2001-02-01,19.79,20.12,19.54,20.06
COLM,2001-02-02,20.62,20.65,18.96,19.04
COLM,2001-02-05,18.9,18.92,17.77,18.4
COLM,2001-02-06,18.42,19.42,18.35,19.33
COLM,2001-02-07,19.5,19.54,19.25,19.52
COLM,2001-02-08,19.58,19.58,17.92,17.92
COLM,2001-02-09,17.88,18.73,17.75,18.46
COLM,2001-02-12,18.5,18.5,18.08,18.42
COLM,2001-02-13,18.5,18.71,18.17,18.6
COLM,2001-02-14,18.62,19.04,18.46,19.04
COLM,2001-02-15,19.12,19.44,19.02,19.31
COLM,2001-02-16,18.98,19.17,18.25,18.48
COLM,2001-02-20,18.26,18.46,17.83,18.38
COLM,2001-02-21,17.6,18.73,17.58,18.0
COLM,2001-02-22,17.81,18.67,17.54,18.17
COLM,2001-02-23,18.35,19.04,18.12,18.9
COLM,2001-02-26,19.0,19.56,18.85,19.46
COLM,2001-02-27,19.35,19.43,18.79,18.88
COLM,2001-02-28,18.85,18.96,18.42,18.46
COLM,2001-03-01,18.52,18.52,17.58,18.0
COLM,2001-03-02,18.12,18.12,17.06,17.81
COLM,2001-03-05,17.94,17.94,16.92,17.17
COLM,2001-03-06,17.23,18.08,17.23,17.83
COLM,2001-03-07,17.98,18.0,17.81,17.92
COLM,2001-03-08,17.92,18.04,17.62,17.85
COLM,2001-03-09,17.7,17.71,17.52,17.71
COLM,2001-03-12,17.6,17.62,16.67,16.67
COLM,2001-03-13,16.58,16.6,15.5,16.35
COLM,2001-03-14,15.92,16.08,15.25,15.62
COLM,2001-03-15,15.83,16.5,15.83,16.5
COLM,2001-03-16,16.41,16.52,15.67,15.68
COLM,2001-03-19,15.83,17.08,15.71,16.98
COLM,2001-03-20,17.06,17.06,16.52,16.69
COLM,2001-03-21,16.62,16.69,15.77,16.0
COLM,2001-03-22,16.12,16.12,14.83,15.5
COLM,2001-03-23,16.0,16.6,15.94,16.17
COLM,2001-03-26,16.38,16.75,16.23,16.71
COLM,2001-03-27,16.79,17.06,16.5,16.67
COLM,2001-03-28,16.67,16.67,15.85,15.85
COLM,2001-03-29,15.83,15.96,15.23,15.35
COLM,2001-03-30,15.23,15.46,14.92,15.16
COLM,2001-04-02,15.15,15.35,15.0,15.29
COLM,2001-04-03,15.25,15.25,14.08,15.0
COLM,2001-04-04,14.96,15.62,14.77,15.5
COLM,2001-04-05,15.49,15.81,15.15,15.33
COLM,2001-04-06,15.5,16.4,15.38,16.29
COLM,2001-04-09,16.25,17.24,16.17,17.22
COLM,2001-04-10,17.17,18.39,17.17,18.28
COLM,2001-04-11,18.28,18.33,17.67,17.67
COLM,2001-04-12,17.67,17.95,16.78,17.95
COLM,2001-04-16,17.95,18.0,17.22,17.27
COLM,2001-04-17,17.2,17.67,16.87,16.93
COLM,2001-04-18,17.0,17.6,17.0,17.58
COLM,2001-04-19,17.6,18.02,17.41,17.83
COLM,2001-04-20,17.75,17.83,16.95,17.24
COLM,2001-04-23,17.27,17.65,17.0,17.47
COLM,2001-04-24,17.42,18.08,17.3,17.31
COLM,2001-04-25,17.35,18.27,17.35,18.0
COLM,2001-04-26,18.14,18.34,17.94,18.12
COLM,2001-04-27,20.5,22.07,19.67,21.6
COLM,2001-04-30,21.85,22.75,21.6,22.69
COLM,2001-05-01,22.5,23.25,21.87,23.07
COLM,2001-05-02,23.3,23.67,22.75,23.4
COLM,2001-05-03,23.41,23.63,22.83,22.96
COLM,2001-05-04,22.93,23.0,22.33,22.69
COLM,2001-05-07,23.2,23.2,22.5,22.75
COLM,2001-05-08,22.79,23.25,22.51,23.13
COLM,2001-05-09,23.12,23.17,22.87,23.03
COLM,2001-05-10,23.17,24.09,23.1,23.48
COLM,2001-05-11,23.58,23.58,22.68,23.0
COLM,2001-05-14,23.15,23.3,22.77,23.22
COLM,2001-05-15,23.32,23.32,22.29,22.31
COLM,2001-05-16,22.29,22.3,21.88,22.01
COLM,2001-05-17,22.15,23.1,22.02,22.74
COLM,2001-05-18,22.77,23.58,22.75,23.37
COLM,2001-05-21,23.83,25.05,23.78,24.19
COLM,2001-05-22,24.88,24.88,24.2,24.33
COLM,2001-05-23,24.38,24.43,23.12,23.27
COLM,2001-05-24,23.38,23.88,23.2,23.74
COLM,2001-05-25,23.73,24.87,23.43,24.67
COLM,2001-05-29,24.94,24.97,23.76,24.35
COLM,2001-05-30,24.0,24.37,22.23,22.7
COLM,2001-05-31,22.6,23.96,22.6,23.37
COLM,2001-06-01,23.67,23.93,23.01,23.75
COLM,2001-06-04,23.86,23.97,23.34,23.41
COLM,2001-06-05,23.35,24.4,23.34,24.4
COLM,2001-06-06,24.99,25.0,23.86,24.06
COLM,2001-06-07,24.19,24.2,23.22,24.0
COLM,2001-06-08,24.0,24.1,23.75,23.95
COLM,2001-06-11,24.1,24.6,23.38,24.1
COLM,2001-06-12,24.16,24.18,23.12,23.47
COLM,2001-06-13,23.88,23.94,23.0,23.48
COLM,2001-06-14,23.35,23.37,21.43,22.22
COLM,2001-06-15,22.38,22.5,21.63,22.15
COLM,2001-06-18,22.05,22.4,21.88,22.0
COLM,2001-06-19,21.45,22.12,20.25,20.45
COLM,2001-06-20,19.75,21.57,19.45,21.46
COLM,2001-06-21,21.46,22.44,21.15,22.25
COLM,2001-06-22,22.3,22.5,21.41,21.5
COLM,2001-06-25,21.41,22.43,21.41,22.31
COLM,2001-06-26,21.74,22.44,21.62,22.06
COLM,2001-06-27,22.1,22.1,21.33,21.68
COLM,2001-06-28,22.06,23.35,22.06,23.27
COLM,2001-06-29,23.15,25.5,23.08,25.5
COLM,2001-07-02,24.13,24.31,22.75,23.1
COLM,2001-07-03,22.75,24.5,22.74,23.61
COLM,2001-07-05,23.26,23.26,21.75,22.5
COLM,2001-07-06,22.45,22.5,21.25,21.8
COLM,2001-07-09,21.91,22.03,19.75,19.9
COLM,2001-07-10,19.75,21.2,19.75,20.75
COLM,2001-07-11,20.72,21.4,20.7,21.12
COLM,2001-07-12,21.35,21.98,21.27,21.92
COLM,2001-07-13,21.65,22.67,21.65,22.6
COLM,2001-07-16,22.43,23.4,22.42,23.35
COLM,2001-07-17,23.33,23.62,23.1,23.57
COLM,2001-07-18,23.41,23.73,23.27,23.56
COLM,2001-07-19,23.75,23.94,23.44,23.7
COLM,2001-07-20,23.4,23.67,23.15,23.48
COLM,2001-07-23,23.9,24.33,22.16,22.37
COLM,2001-07-24,22.38,22.45,21.1,22.32
COLM,2001-07-25,22.3,22.7,21.55,21.56
COLM,2001-07-26,21.56,23.2,21.48,22.5
COLM,2001-07-27,16.83,18.25,16.52,17.98
COLM,2001-07-30,18.25,19.74,18.25,19.65
COLM,2001-07-31,19.83,20.24,19.0,19.42
COLM,2001-08-01,19.4,19.5,18.95,19.25
COLM,2001-08-02,19.2,19.49,19.09,19.2
COLM,2001-08-03,18.97,19.48,18.97,19.38
COLM,2001-08-06,18.61,19.38,18.5,19.0
COLM,2001-08-07,18.89,19.28,18.83,19.0
COLM,2001-08-08,18.9,19.53,18.9,18.95
COLM,2001-08-09,18.95,19.14,18.75,18.85
COLM,2001-08-10,18.76,18.89,18.0,18.09
COLM,2001-08-13,18.0,18.03,17.02,17.32
COLM,2001-08-14,17.41,17.75,17.35,17.55
COLM,2001-08-15,17.5,18.5,17.5,18.34
COLM,2001-08-16,18.2,18.48,18.02,18.33
COLM,2001-08-17,18.25,18.52,17.9,18.0
COLM,2001-08-20,17.9,18.05,17.75,17.9
COLM,2001-08-21,17.88,18.02,17.4,17.5
COLM,2001-08-22,17.74,17.74,17.2,17.27
COLM,2001-08-23,17.25,17.25,15.65,16.5
COLM,2001-08-24,16.5,17.12,16.08,16.88
COLM,2001-08-27,16.88,17.11,16.36,16.51
COLM,2001-08-28,16.38,16.66,16.19,16.47
COLM,2001-08-29,16.53,16.61,16.25,16.36
COLM,2001-08-30,16.26,16.32,16.0,16.02
COLM,2001-08-31,16.05,16.58,16.0,16.33
COLM,2001-09-04,16.49,16.5,15.82,15.95
COLM,2001-09-05,15.93,16.08,15.81,15.86
COLM,2001-09-06,15.84,15.92,15.35,15.55
COLM,2001-09-07,15.35,15.35,14.0,14.2
COLM,2001-09-10,14.23,14.93,13.9,14.4
COLM,2001-09-17,13.0,13.98,12.74,13.09
COLM,2001-09-18,12.93,13.23,12.7,12.95
COLM,2001-09-19,12.81,12.95,12.52,12.57
COLM,2001-09-20,12.55,12.65,11.66,11.74
COLM,2001-09-21,11.57,12.19,11.2,11.95
COLM,2001-09-24,11.76,13.73,11.75,13.43
COLM,2001-09-25,13.4,14.38,13.31,13.88
COLM,2001-09-26,13.65,13.75,11.47,11.7
COLM,2001-09-27,11.62,11.62,10.35,10.38
COLM,2001-09-28,10.95,11.95,10.0,11.1
COLM,2001-10-01,11.2,11.51,10.59,10.59
COLM,2001-10-02,10.75,10.98,9.98,10.1
COLM,2001-10-03,10.18,12.12,10.01,11.66
COLM,2001-10-04,11.94,12.85,11.89,12.48
COLM,2001-10-05,12.35,12.57,11.41,12.57
COLM,2001-10-08,12.52,12.52,12.02,12.1
COLM,2001-10-09,12.07,12.1,11.6,11.8
COLM,2001-10-10,11.66,13.59,11.59,13.51
COLM,2001-10-11,13.73,14.49,13.56,13.8
COLM,2001-10-12,13.75,13.86,13.36,13.52
COLM,2001-10-15,13.38,13.53,13.01,13.08
COLM,2001-10-16,13.2,13.88,13.1,13.48
COLM,2001-10-17,13.68,14.05,13.02,13.27
COLM,2001-10-18,13.35,13.45,12.9,13.27
COLM,2001-10-19,13.29,13.31,12.62,13.24
COLM,2001-10-22,12.65,13.22,12.43,12.77
COLM,2001-10-23,12.72,13.55,12.58,12.76
COLM,2001-10-24,13.65,13.98,12.76,13.2
COLM,2001-10-25,13.02,13.9,12.6,13.85
COLM,2001-10-26,13.77,14.88,13.54,14.6
COLM,2001-10-29,14.54,14.55,14.02,14.26
COLM,2001-10-30,13.98,14.07,13.2,13.57
COLM,2001-10-31,14.23,14.86,14.03,14.3
COLM,2001-11-01,14.42,14.42,13.74,14.27
COLM,2001-11-02,14.27,14.77,14.17,14.62
COLM,2001-11-05,14.6,15.07,14.56,15.05
COLM,2001-11-06,14.9,15.55,14.78,15.55
COLM,2001-11-07,15.22,16.36,15.2,15.5
COLM,2001-11-08,15.69,16.17,15.48,15.61
COLM,2001-11-09,15.5,15.73,14.8,15.73
COLM,2001-11-12,15.61,15.9,14.87,15.78
COLM,2001-11-13,15.93,16.62,15.81,16.27
COLM,2001-11-14,16.38,17.18,16.37,17.17
COLM,2001-11-15,17.17,17.57,16.86,17.41
COLM,2001-11-16,17.22,17.22,16.44,16.56
COLM,2001-11-19,16.62,17.5,16.62,17.25
COLM,2001-11-20,17.16,17.73,17.16,17.52
COLM,2001-11-21,17.5,17.5,16.94,17.0
COLM,2001-11-23,16.97,17.25,16.9,17.17
COLM,2001-11-26,17.23,17.25,15.85,16.03
COLM,2001-11-27,15.78,16.33,15.7,16.06
COLM,2001-11-28,15.89,16.03,15.81,15.97
COLM,2001-11-29,15.88,16.16,15.86,16.05
COLM,2001-11-30,15.94,16.4,15.88,15.98
COLM,2001-12-03,15.86,16.0,14.76,15.01
COLM,2001-12-04,15.45,15.5,14.88,14.93
COLM,2001-12-05,15.5,16.0,15.02,16.0
COLM,2001-12-06,15.99,16.27,15.64,16.0
COLM,2001-12-07,16.0,16.15,15.74,15.88
COLM,2001-12-10,15.87,15.87,15.25,15.55
COLM,2001-12-11,15.5,15.88,15.4,15.61
COLM,2001-12-12,15.53,16.02,15.51,15.77
COLM,2001-12-13,15.87,16.2,15.45,15.88
COLM,2001-12-14,15.98,16.01,15.14,15.22
COLM,2001-12-17,15.36,16.1,15.35,16.0
COLM,2001-12-18,16.37,16.65,16.03,16.51
COLM,2001-12-19,16.4,16.83,16.05,16.1
COLM,2001-12-20,16.04,16.74,15.44,16.31
COLM,2001-12-21,16.45,16.78,16.12,16.68
COLM,2001-12-24,16.8,16.8,16.45,16.45
COLM,2001-12-26,16.56,17.0,16.38,16.75
COLM,2001-12-27,16.76,16.92,16.35,16.51
COLM,2001-12-28,16.51,16.87,16.41,16.66
COLM,2001-12-31,16.57,16.89,16.55,16.65
COLM,2002-01-02,16.8,16.8,16.34,16.58
COLM,2002-01-03,16.53,17.55,16.5,17.41
COLM,2002-01-04,18.13,18.67,17.58,17.69
COLM,2002-01-07,17.66,18.17,17.59,18.0
COLM,2002-01-08,17.97,18.45,17.89,18.15
COLM,2002-01-09,18.03,18.17,17.56,17.8
COLM,2002-01-10,17.81,18.5,17.8,18.08
COLM,2002-01-11,18.22,18.22,17.31,17.44
COLM,2002-01-14,17.45,17.48,16.42,16.51
COLM,2002-01-15,16.51,17.03,16.51,16.59
COLM,2002-01-16,16.58,16.67,16.38,16.43
COLM,2002-01-17,16.43,16.57,16.31,16.35
COLM,2002-01-18,16.33,16.69,16.23,16.27
COLM,2002-01-22,16.57,16.74,16.17,16.33
COLM,2002-01-23,16.45,16.96,16.44,16.91
COLM,2002-01-24,16.9,17.5,16.9,17.4
COLM,2002-01-25,17.43,17.44,16.62,16.86
COLM,2002-01-28,16.85,16.85,16.3,16.48
COLM,2002-01-29,16.53,16.7,15.88,16.24
COLM,2002-01-30,16.15,16.18,15.24,15.62
COLM,2002-01-31,15.69,15.69,15.32,15.39
COLM,2002-02-01,14.25,16.6,14.15,16.12
COLM,2002-02-04,16.0,16.25,15.68,15.8
COLM,2002-02-05,15.68,15.94,15.06,15.4
COLM,2002-02-06,15.44,15.57,14.8,14.95
COLM,2002-02-07,15.02,15.19,14.65,15.06
COLM,2002-02-08,15.06,15.22,14.88,15.1
COLM,2002-02-11,15.05,15.95,14.94,15.82
COLM,2002-02-12,15.86,15.88,15.53,15.6
COLM,2002-02-13,15.59,16.12,15.59,15.84
COLM,2002-02-14,15.91,16.1,15.69,15.75
COLM,2002-02-15,15.93,15.93,15.29,15.51
COLM,2002-02-19,15.45,15.67,15.3,15.4
COLM,2002-02-20,15.32,15.43,14.91,15.02
COLM,2002-02-21,15.02,15.23,14.86,15.02
COLM,2002-02-22,15.11,15.46,14.89,15.27
COLM,2002-02-25,15.28,15.8,15.21,15.4
COLM,2002-02-26,15.59,15.68,15.32,15.4
COLM,2002-02-27,15.52,15.7,14.83,15.23
COLM,2002-02-28,15.23,15.28,15.02,15.21
COLM,2002-03-01,15.22,15.77,15.14,15.61
COLM,2002-03-04,15.8,16.92,15.61,16.73
COLM,2002-03-05,16.8,16.8,16.07,16.33
COLM,2002-03-06,16.42,16.88,16.04,16.76
COLM,2002-03-07,16.9,16.98,16.68,16.86
COLM,2002-03-08,16.98,17.29,16.67,17.05
COLM,2002-03-11,17.0,17.17,16.7,17.0
COLM,2002-03-12,16.67,17.83,16.6,17.69
COLM,2002-03-13,17.57,17.57,16.4,16.48
COLM,2002-03-14,16.06,16.75,16.05,16.5
COLM,2002-03-15,16.67,17.12,16.5,17.02
COLM,2002-03-18,17.09,17.3,16.98,17.19
COLM,2002-03-19,17.3,17.44,17.05,17.16
COLM,2002-03-20,17.26,17.26,16.6,16.74
COLM,2002-03-21,16.9,16.9,16.48,16.62
COLM,2002-03-22,16.87,17.03,16.59,16.88
COLM,2002-03-25,16.75,16.75,16.32,16.48
COLM,2002-03-26,16.46,16.72,16.25,16.45
COLM,2002-03-27,16.44,16.65,16.4,16.58
COLM,2002-03-28,16.65,16.77,16.57,16.77
COLM,2002-04-01,16.8,16.8,16.12,16.17
COLM,2002-04-02,16.24,16.71,16.17,16.58
COLM,2002-04-03,16.49,16.97,16.48,16.68
COLM,2002-04-04,16.76,17.39,16.58,17.3
COLM,2002-04-05,17.2,17.76,17.2,17.68
COLM,2002-04-08,17.76,18.34,17.5,18.09
COLM,2002-04-09,18.15,18.82,18.1,18.59
COLM,2002-04-10,18.76,18.82,18.48,18.69
COLM,2002-04-11,18.68,18.69,17.8,18.19
COLM,2002-04-12,18.1,18.5,18.0,18.32
COLM,2002-04-15,18.5,18.85,18.29,18.42
COLM,2002-04-16,18.6,19.12,18.5,18.9
COLM,2002-04-17,19.0,19.09,18.9,19.0
COLM,2002-04-18,19.1,19.19,18.92,19.15
COLM,2002-04-19,19.23,19.26,19.0,19.24
COLM,2002-04-22,19.25,19.25,18.76,18.96
COLM,2002-04-23,18.96,19.0,18.8,18.81
COLM,2002-04-24,18.82,19.0,18.2,18.69
COLM,2002-04-25,18.6,19.19,18.5,18.75
COLM,2002-04-26,18.77,18.85,17.86,18.16
COLM,2002-04-29,18.25,18.25,17.4,18.25
COLM,2002-04-30,18.25,19.21,18.1,18.9
COLM,2002-05-01,18.93,19.34,18.54,19.05
COLM,2002-05-02,19.0,19.17,18.84,19.07
COLM,2002-05-03,19.15,19.44,18.9,19.07
COLM,2002-05-06,19.05,19.38,19.05,19.17
COLM,2002-05-07,19.22,20.0,19.17,19.94
COLM,2002-05-08,19.72,19.84,17.99,19.1
COLM,2002-05-09,19.31,19.31,18.2,18.28
COLM,2002-05-10,18.43,18.61,18.16,18.44
COLM,2002-05-13,18.5,18.9,18.25,18.74
COLM,2002-05-14,18.66,19.0,18.58,18.64
COLM,2002-05-15,18.81,19.05,18.55,18.65
COLM,2002-05-16,18.81,19.0,18.5,18.7
COLM,2002-05-17,18.87,18.95,18.4,18.88
COLM,2002-05-20,18.8,18.92,18.48,18.82
COLM,2002-05-21,18.92,18.92,17.73,18.07
COLM,2002-05-22,18.05,18.13,17.98,18.09
COLM,2002-05-23,18.23,18.42,17.85,18.21
COLM,2002-05-24,18.0,18.55,17.85,18.45
COLM,2002-05-28,18.49,18.5,18.22,18.45
COLM,2002-05-29,18.5,18.5,18.25,18.35
COLM,2002-05-30,18.2,18.25,17.7,18.15
COLM,2002-05-31,18.0,18.14,17.6,17.61
COLM,2002-06-03,18.0,18.05,17.08,17.26
COLM,2002-06-04,17.38,17.38,16.77,17.16
COLM,2002-06-05,17.25,17.57,17.16,17.28
COLM,2002-06-06,17.47,17.49,16.8,17.06
COLM,2002-06-07,16.97,17.6,16.75,17.27
COLM,2002-06-10,17.16,17.59,17.08,17.49
COLM,2002-06-11,17.5,17.62,17.28,17.45
COLM,2002-06-12,17.59,17.67,17.38,17.52
COLM,2002-06-13,17.43,17.58,17.3,17.3
COLM,2002-06-14,17.16,17.45,16.9,17.0
COLM,2002-06-17,17.03,17.58,17.03,17.45
COLM,2002-06-18,17.61,17.72,17.42,17.5
COLM,2002-06-19,17.5,17.55,17.2,17.42
COLM,2002-06-20,17.42,17.55,17.25,17.3
COLM,2002-06-21,17.2,17.3,16.47,16.94
COLM,2002-06-24,16.83,17.09,16.69,16.88
COLM,2002-06-25,17.08,17.08,16.3,16.3
COLM,2002-06-26,16.3,16.55,15.85,16.22
COLM,2002-06-27,16.21,16.41,16.09,16.25
COLM,2002-06-28,16.18,16.49,15.7,15.99
COLM,2002-07-01,15.97,16.22,15.63,15.9
COLM,2002-07-02,15.98,15.98,15.23,15.49
COLM,2002-07-03,15.48,15.56,14.7,14.98
COLM,2002-07-05,14.93,16.01,14.82,15.94
COLM,2002-07-08,16.0,16.42,15.93,16.3
COLM,2002-07-09,16.41,17.1,16.33,17.03
COLM,2002-07-10,17.0,17.07,16.57,16.6
COLM,2002-07-11,16.57,16.57,15.65,16.2
COLM,2002-07-12,16.2,16.48,15.9,16.18
COLM,2002-07-15,16.26,16.26,15.15,15.53
COLM,2002-07-16,15.6,15.6,15.11,15.25
COLM,2002-07-17,15.4,15.85,15.01,15.49
COLM,2002-07-18,15.64,15.89,14.93,15.01
COLM,2002-07-19,14.98,14.98,13.73,14.72
COLM,2002-07-22,14.4,14.85,14.0,14.4
COLM,2002-07-23,14.25,14.94,14.25,14.81
COLM,2002-07-24,14.45,15.62,14.4,15.53
COLM,2002-07-25,15.49,15.5,14.7,15.19
COLM,2002-07-26,15.43,16.8,15.38,16.8
COLM,2002-07-29,16.58,17.83,16.49,17.5
COLM,2002-07-30,17.5,17.8,17.25,17.77
COLM,2002-07-31,17.72,17.9,16.93,17.48
COLM,2002-08-01,17.45,17.75,16.57,17.22
COLM,2002-08-02,17.25,17.28,16.17,16.63
COLM,2002-08-05,16.67,16.87,16.16,16.47
COLM,2002-08-06,16.5,17.1,16.5,17.08
COLM,2002-08-07,16.93,17.4,16.78,17.26
COLM,2002-08-08,17.18,17.67,17.1,17.53
COLM,2002-08-09,17.55,18.5,17.42,18.25
COLM,2002-08-12,18.38,18.39,17.7,17.89
COLM,2002-08-13,17.58,18.72,17.33,18.24
COLM,2002-08-14,18.5,18.75,17.83,18.75
COLM,2002-08-15,18.62,19.08,18.57,19.0
COLM,2002-08-16,18.87,19.05,18.7,18.86
COLM,2002-08-19,18.68,19.75,18.62,19.4
COLM,2002-08-20,19.38,19.6,19.17,19.2
COLM,2002-08-21,19.24,19.85,19.16,19.69
COLM,2002-08-22,19.6,19.89,19.44,19.75
COLM,2002-08-23,19.89,19.89,19.4,19.5
COLM,2002-08-26,19.5,19.55,18.95,19.15
COLM,2002-08-27,19.24,19.25,18.33,18.33
COLM,2002-08-28,18.25,18.26,17.77,18.05
COLM,2002-08-29,18.0,18.2,17.76,18.14
COLM,2002-08-30,18.13,18.67,18.05,18.11
COLM,2002-09-03,18.1,18.35,17.8,17.89
COLM,2002-09-04,17.99,18.77,17.8,18.68
COLM,2002-09-05,18.5,18.95,18.4,18.56
COLM,2002-09-06,18.59,19.0,18.58,18.83
COLM,2002-09-09,18.7,18.98,18.48,18.79
COLM,2002-09-10,18.93,19.5,18.77,19.4
COLM,2002-09-11,19.51,19.85,19.27,19.5
COLM,2002-09-12,19.42,19.49,19.16,19.25
COLM,2002-09-13,19.2,19.25,18.83,19.08
COLM,2002-09-16,19.07,19.18,18.79,18.98
COLM,2002-09-17,18.9,19.12,18.64,18.85
COLM,2002-09-18,18.39,18.94,18.06,18.76
COLM,2002-09-19,18.64,18.75,18.15,18.29
COLM,2002-09-20,18.5,18.5,17.55,18.24
COLM,2002-09-23,18.12,18.25,17.52,17.64
COLM,2002-09-24,17.64,17.64,17.26,17.37
COLM,2002-09-25,17.41,17.9,17.41,17.8
COLM,2002-09-26,17.9,18.52,17.9,18.39
COLM,2002-09-27,18.49,18.49,17.8,18.15
COLM,2002-09-30,18.03,18.04,16.97,17.36
COLM,2002-10-01,17.11,17.33,16.16,17.0
COLM,2002-10-02,16.71,17.52,16.71,17.15
COLM,2002-10-03,17.15,17.27,15.31,15.9
COLM,2002-10-04,16.09,17.12,15.66,16.66
COLM,2002-10-07,16.75,16.83,15.6,15.75
COLM,2002-10-08,15.65,16.74,15.6,16.15
COLM,2002-10-09,16.07,16.34,15.6,15.6
COLM,2002-10-10,15.56,16.61,14.36,16.27
COLM,2002-10-11,16.35,17.74,16.28,17.5
COLM,2002-10-14,17.28,17.83,17.17,17.6
COLM,2002-10-15,17.62,19.17,17.62,18.65
COLM,2002-10-16,18.56,18.6,17.6,17.72
COLM,2002-10-17,17.65,18.9,17.65,18.63
COLM,2002-10-18,18.46,18.83,18.32,18.76
COLM,2002-10-21,18.69,18.95,18.5,18.75
COLM,2002-10-22,18.59,20.0,18.57,19.23
COLM,2002-10-23,19.1,19.5,18.95,19.41
COLM,2002-10-24,19.39,19.55,18.75,18.9
COLM,2002-10-25,19.15,19.75,18.88,19.25
COLM,2002-10-28,19.34,19.5,19.08,19.28
COLM,2002-10-29,19.25,19.42,18.62,19.35
COLM,2002-10-30,19.41,19.65,19.2,19.4
COLM,2002-10-31,19.33,20.4,19.33,20.11
COLM,2002-11-01,20.05,20.51,19.83,20.5
COLM,2002-11-04,20.62,20.93,20.1,20.42
COLM,2002-11-05,20.42,20.59,19.91,19.91
COLM,2002-11-06,20.12,20.64,19.95,20.48
COLM,2002-11-07,20.58,20.85,20.1,20.22
COLM,2002-11-08,20.14,20.49,20.1,20.25
COLM,2002-11-11,20.23,20.43,19.95,19.99
COLM,2002-11-12,20.0,20.75,19.97,20.4
COLM,2002-11-13,20.43,20.53,20.12,20.42
COLM,2002-11-14,20.73,21.62,20.52,21.35
COLM,2002-11-15,21.15,21.93,21.07,21.9
COLM,2002-11-18,22.02,22.17,21.37,21.44
COLM,2002-11-19,21.06,21.18,20.43,20.67
COLM,2002-11-20,20.7,21.32,20.58,21.12
COLM,2002-11-21,21.22,22.12,21.15,21.96
COLM,2002-11-22,21.83,21.93,21.34,21.44
COLM,2002-11-25,21.38,21.9,21.25,21.86
COLM,2002-11-26,21.86,21.97,21.4,21.85
COLM,2002-11-27,21.88,22.55,21.88,22.55
COLM,2002-11-29,22.33,22.5,22.0,22.08
COLM,2002-12-02,22.18,22.66,22.17,22.42
COLM,2002-12-03,22.44,22.44,22.02,22.35
COLM,2002-12-04,22.26,23.05,22.26,23.0
COLM,2002-12-05,23.03,23.05,21.94,22.06
COLM,2002-12-06,21.95,22.52,21.75,22.49
COLM,2002-12-09,22.5,22.67,21.92,21.97
COLM,2002-12-10,21.96,22.44,21.74,22.39
COLM,2002-12-11,22.6,23.22,22.45,23.1
COLM,2002-12-12,22.95,23.88,22.92,23.72
COLM,2002-12-13,23.47,23.58,23.17,23.31
COLM,2002-12-16,23.36,23.84,23.17,23.77
COLM,2002-12-17,23.72,23.9,23.17,23.4
COLM,2002-12-18,23.25,23.67,22.55,22.66
COLM,2002-12-19,22.55,22.94,22.55,22.76
COLM,2002-12-20,22.81,23.36,22.81,23.3
COLM,2002-12-23,23.34,23.38,22.82,22.96
COLM,2002-12-24,22.9,23.0,22.02,22.06
COLM,2002-12-26,22.05,22.42,21.7,22.06
COLM,2002-12-27,22.07,22.07,21.44,21.73
COLM,2002-12-30,21.77,22.43,21.61,22.3
COLM,2002-12-31,22.29,22.63,22.02,22.21
COLM,2003-01-02,22.28,23.19,22.2,23.09
COLM,2003-01-03,23.09,23.35,22.56,22.62
COLM,2003-01-06,22.8,23.1,22.53,22.99
COLM,2003-01-07,23.02,23.04,22.12,22.39
COLM,2003-01-08,22.31,22.36,21.83,21.99
COLM,2003-01-09,22.08,22.92,22.05,22.51
COLM,2003-01-10,22.49,22.89,22.2,22.71
COLM,2003-01-13,22.75,23.18,22.75,23.06
COLM,2003-01-14,22.98,23.08,22.8,23.03
COLM,2003-01-15,23.0,23.0,22.55,22.57
COLM,2003-01-16,22.55,22.55,22.02,22.14
COLM,2003-01-17,22.08,22.2,21.44,21.49
COLM,2003-01-21,21.4,21.6,20.62,20.72
COLM,2003-01-22,20.94,21.43,20.7,21.32
COLM,2003-01-23,21.4,21.99,21.4,21.96
COLM,2003-01-24,22.02,22.16,20.66,21.25
COLM,2003-01-27,21.02,21.22,20.64,21.0
COLM,2003-01-28,21.05,21.5,20.23,20.83
COLM,2003-01-29,20.65,21.35,20.63,20.95
COLM,2003-01-30,21.02,21.3,20.75,21.2
COLM,2003-01-31,18.5,19.11,17.45,17.76
COLM,2003-02-03,17.95,18.34,16.7,17.5
COLM,2003-02-04,17.75,18.34,17.42,18.0
COLM,2003-02-05,18.01,18.42,17.75,17.9
COLM,2003-02-06,17.92,18.17,17.33,17.68
COLM,2003-02-07,17.8,17.81,16.55,16.6
COLM,2003-02-10,16.93,16.93,15.77,16.4
COLM,2003-02-11,16.59,17.03,16.43,16.94
COLM,2003-02-12,16.92,17.13,16.64,16.67
COLM,2003-02-13,16.8,16.81,16.44,16.8
COLM,2003-02-14,16.61,17.01,16.61,16.92
COLM,2003-02-18,16.86,17.67,16.86,17.65
COLM,2003-02-19,17.69,17.7,17.04,17.16
COLM,2003-02-20,17.28,17.87,17.17,17.64
COLM,2003-02-21,17.64,18.05,17.56,17.8
COLM,2003-02-24,17.78,18.0,17.53,17.62
COLM,2003-02-25,17.53,17.74,17.22,17.58
COLM,2003-02-26,17.5,17.64,17.18,17.23
COLM,2003-02-27,17.42,18.24,17.24,17.94
COLM,2003-02-28,18.0,18.2,17.88,17.88
COLM,2003-03-03,18.05,18.46,17.95,18.05
COLM,2003-03-04,18.1,18.1,17.33,17.36
COLM,2003-03-05,17.41,17.59,17.25,17.44
COLM,2003-03-06,17.32,17.43,16.88,17.21
COLM,2003-03-07,16.98,17.48,16.95,17.43
COLM,2003-03-10,17.4,17.4,16.77,16.84
COLM,2003-03-11,16.84,17.05,16.75,16.93
COLM,2003-03-12,16.92,16.95,16.6,16.71
COLM,2003-03-13,16.8,17.41,16.8,17.36
COLM,2003-03-14,17.38,17.58,17.22,17.42
COLM,2003-03-17,17.49,18.64,17.33,18.58
COLM,2003-03-18,18.61,18.74,18.4,18.55
COLM,2003-03-19,18.59,18.74,18.43,18.45
COLM,2003-03-20,18.5,19.2,18.48,18.91
COLM,2003-03-21,18.92,19.56,18.62,19.36
COLM,2003-03-24,19.29,19.3,18.62,18.77
COLM,2003-03-25,18.75,19.02,18.61,18.82
COLM,2003-03-26,18.83,18.96,18.33,18.6
COLM,2003-03-27,18.53,19.2,18.43,18.98
COLM,2003-03-28,18.97,19.05,18.38,18.5
COLM,2003-03-31,18.49,18.75,18.08,18.58
COLM,2003-04-01,18.66,18.66,17.78,18.0
COLM,2003-04-02,18.18,19.0,18.17,18.95
COLM,2003-04-03,18.9,19.12,18.88,19.02
COLM,2003-04-04,19.14,19.42,19.09,19.23
COLM,2003-04-07,19.35,20.17,19.31,19.5
COLM,2003-04-08,19.48,19.75,19.25,19.3
COLM,2003-04-09,19.32,19.35,18.67,18.74
COLM,2003-04-10,18.74,19.02,18.32,19.0
COLM,2003-04-11,19.0,19.33,18.89,19.2
COLM,2003-04-14,19.24,19.73,19.08,19.68
COLM,2003-04-15,19.7,20.05,19.67,19.98
COLM,2003-04-16,19.99,20.12,19.65,19.67
COLM,2003-04-17,19.73,19.73,19.35,19.42
COLM,2003-04-21,19.44,19.83,19.35,19.73
COLM,2003-04-22,19.7,21.17,19.48,20.76
COLM,2003-04-23,20.77,21.02,20.66,20.9
COLM,2003-04-24,20.9,21.0,20.33,20.44
COLM,2003-04-25,22.55,23.58,22.55,23.06
COLM,2003-04-28,23.08,23.75,22.85,23.6
COLM,2003-04-29,23.6,24.18,23.6,24.01
COLM,2003-04-30,24.01,24.38,23.64,23.99
COLM,2003-05-01,24.01,24.03,23.45,23.85
COLM,2003-05-02,23.8,23.99,23.44,23.59
COLM,2003-05-05,23.61,23.7,23.05,23.3
COLM,2003-05-06,23.42,24.03,23.4,23.7
COLM,2003-05-07,23.74,24.02,23.51,23.84
COLM,2003-05-08,23.7,23.7,23.18,23.35
COLM,2003-05-09,23.38,23.52,22.84,23.17
COLM,2003-05-12,23.32,23.62,22.89,23.55
COLM,2003-05-13,23.5,23.85,23.39,23.78
COLM,2003-05-14,23.84,23.88,23.17,23.23
COLM,2003-05-15,23.29,23.33,22.65,22.97
COLM,2003-05-16,22.74,22.89,21.75,22.88
COLM,2003-05-19,22.73,22.77,22.07,22.18
COLM,2003-05-20,22.23,22.47,22.23,22.32
COLM,2003-05-21,22.31,22.73,22.15,22.64
COLM,2003-05-22,22.7,23.73,22.42,23.57
COLM,2003-05-23,23.5,23.5,22.92,23.03
COLM,2003-05-27,23.04,23.96,22.92,23.92
COLM,2003-05-28,23.92,24.23,23.73,23.91
COLM,2003-05-29,23.92,24.9,23.92,24.51
COLM,2003-05-30,24.55,25.16,24.43,24.81
COLM,2003-06-02,25.14,25.92,24.97,25.67
COLM,2003-06-03,25.8,25.81,25.2,25.53
COLM,2003-06-04,25.5,26.17,25.2,26.14
COLM,2003-06-05,26.05,26.48,25.89,26.35
COLM,2003-06-06,26.43,26.67,24.52,24.62
COLM,2003-06-09,24.42,25.2,24.33,24.7
COLM,2003-06-10,24.65,25.64,24.6,25.35
COLM,2003-06-11,25.12,25.58,25.12,25.58
COLM,2003-06-12,25.64,26.11,25.5,26.07
COLM,2003-06-13,26.13,26.47,25.42,25.64
COLM,2003-06-16,25.67,26.37,25.62,26.3
COLM,2003-06-17,25.45,25.82,25.16,25.42
COLM,2003-06-18,25.43,25.96,25.12,25.5
COLM,2003-06-19,25.5,25.5,25.03,25.19
COLM,2003-06-20,25.08,25.65,25.08,25.42
COLM,2003-06-23,25.41,25.42,24.09,24.4
COLM,2003-06-24,24.47,25.0,24.34,24.6
COLM,2003-06-25,24.64,25.15,24.61,25.14
COLM,2003-06-26,25.25,25.63,25.15,25.43
COLM,2003-06-27,25.5,25.88,25.42,25.55
COLM,2003-06-30,25.57,25.97,25.48,25.7
COLM,2003-07-01,26.0,26.25,25.39,26.0
COLM,2003-07-02,26.01,26.8,26.01,26.7
COLM,2003-07-03,26.53,26.76,26.4,26.48
COLM,2003-07-07,26.7,27.17,26.7,26.88
COLM,2003-07-08,26.92,26.92,26.34,26.47
COLM,2003-07-09,26.53,26.53,26.22,26.28
COLM,2003-07-10,25.77,25.8,24.42,25.38
COLM,2003-07-11,25.38,26.1,25.19,26.06
COLM,2003-07-14,26.25,26.61,25.64,26.48
COLM,2003-07-15,26.43,26.66,25.85,26.0
COLM,2003-07-16,26.05,26.3,25.7,26.27
COLM,2003-07-17,26.12,26.17,24.83,25.08
COLM,2003-07-18,25.18,25.38,23.62,24.89
COLM,2003-07-21,24.85,24.88,24.32,24.32
COLM,2003-07-22,24.35,24.43,23.83,24.03
COLM,2003-07-23,23.95,23.95,23.41,23.47
COLM,2003-07-24,24.45,27.21,24.39,26.0
COLM,2003-07-25,25.91,26.18,25.83,26.18
COLM,2003-07-28,26.17,26.92,26.17,26.5
COLM,2003-07-29,26.4,26.52,25.74,26.17
COLM,2003-07-30,26.26,26.29,25.92,26.29
COLM,2003-07-31,26.32,26.89,25.91,26.48
COLM,2003-08-01,26.6,26.73,25.88,26.32
COLM,2003-08-04,26.3,26.55,25.58,26.32
COLM,2003-08-05,26.08,26.15,25.49,25.53
COLM,2003-08-06,25.49,25.85,25.41,25.56
COLM,2003-08-07,25.75,26.02,25.49,25.87
COLM,2003-08-08,25.83,26.27,25.83,26.19
COLM,2003-08-11,26.19,26.21,25.71,25.89
COLM,2003-08-12,25.9,26.15,25.77,26.15
COLM,2003-08-13,26.17,26.35,26.0,26.15
COLM,2003-08-14,26.13,26.32,25.98,26.16
COLM,2003-08-15,26.15,26.35,26.0,26.25
COLM,2003-08-18,26.25,26.93,26.21,26.48
COLM,2003-08-19,26.44,26.55,26.17,26.25
COLM,2003-08-20,26.17,26.35,26.02,26.17
COLM,2003-08-21,26.17,26.5,25.58,25.92
COLM,2003-08-22,25.83,26.33,25.68,25.75
COLM,2003-08-25,25.77,25.77,25.06,25.25
COLM,2003-08-26,25.22,25.7,25.03,25.6
COLM,2003-08-27,25.7,25.7,25.42,25.62
COLM,2003-08-28,25.67,25.73,25.28,25.47
COLM,2003-08-29,25.42,25.64,25.33,25.5
COLM,2003-09-02,25.42,26.24,25.41,26.15
COLM,2003-09-03,26.15,26.39,26.05,26.12
COLM,2003-09-04,26.17,26.69,26.08,26.36
COLM,2003-09-05,26.4,26.42,25.76,25.95
COLM,2003-09-08,26.0,26.27,25.88,26.24
COLM,2003-09-09,25.95,26.0,25.48,25.5
COLM,2003-09-10,25.5,26.41,25.45,25.81
COLM,2003-09-11,25.78,26.0,25.55,25.66
COLM,2003-09-12,25.64,25.92,25.19,25.75
COLM,2003-09-15,25.77,26.24,25.67,25.92
COLM,2003-09-16,25.95,26.22,25.9,26.19
COLM,2003-09-17,26.17,26.75,26.01,26.62
COLM,2003-09-18,26.5,27.17,26.5,27.1
COLM,2003-09-19,27.18,27.85,27.08,27.62
COLM,2003-09-22,27.5,27.58,27.02,27.22
COLM,2003-09-23,27.2,27.33,26.92,27.22
COLM,2003-09-24,27.28,27.3,26.52,26.55
COLM,2003-09-25,26.58,26.75,25.88,26.0
COLM,2003-09-26,26.03,26.42,25.78,26.26
COLM,2003-09-29,26.2,26.53,26.0,26.42
COLM,2003-09-30,26.38,26.57,26.25,26.38
COLM,2003-10-01,26.36,27.3,26.36,27.0
COLM,2003-10-02,27.0,27.49,26.86,27.49
COLM,2003-10-03,27.55,28.65,27.5,28.36
COLM,2003-10-06,28.4,28.7,28.36,28.58
COLM,2003-10-07,28.49,28.5,27.97,28.3
COLM,2003-10-08,28.2,28.25,27.81,27.97
COLM,2003-10-09,28.05,29.58,28.05,28.67
COLM,2003-10-10,28.7,28.7,28.12,28.58
COLM,2003-10-13,28.7,29.2,28.55,29.14
COLM,2003-10-14,29.16,29.18,28.87,29.16
COLM,2003-10-15,29.17,29.27,28.7,28.71
COLM,2003-10-16,28.68,28.83,28.55,28.6
COLM,2003-10-17,28.68,29.26,28.62,29.22
COLM,2003-10-20,29.27,29.5,28.82,29.24
COLM,2003-10-21,29.3,29.47,28.89,28.92
COLM,2003-10-22,28.88,28.88,28.25,28.42
COLM,2003-10-23,28.28,28.59,28.12,28.5
COLM,2003-10-24,28.58,28.75,27.59,27.76
COLM,2003-10-27,27.8,28.66,27.8,28.4
COLM,2003-10-28,28.36,28.7,28.36,28.67
COLM,2003-10-29,28.67,29.0,28.52,28.82
COLM,2003-10-30,28.9,29.53,28.85,29.23
COLM,2003-10-31,29.35,29.69,29.0,29.12
COLM,2003-11-03,29.03,29.23,28.57,28.68
COLM,2003-11-04,28.62,29.25,28.5,28.55
COLM,2003-11-05,28.5,28.75,28.39,28.62
COLM,2003-11-06,28.52,28.69,28.5,28.65
COLM,2003-11-07,28.62,28.99,28.62,28.83
COLM,2003-11-10,28.8,28.88,28.5,28.6
COLM,2003-11-11,28.52,29.0,28.41,28.89
COLM,2003-11-12,28.91,29.25,28.74,29.15
COLM,2003-11-13,29.12,29.52,29.06,29.31
COLM,2003-11-14,29.2,29.52,28.81,28.81
COLM,2003-11-17,28.8,28.8,28.38,28.6
COLM,2003-11-18,28.6,28.69,28.38,28.51
COLM,2003-11-19,28.49,28.81,28.29,28.68
COLM,2003-11-20,28.7,28.84,28.43,28.51
COLM,2003-11-21,28.54,28.75,28.27,28.64
COLM,2003-11-24,28.77,29.03,28.65,29.01
COLM,2003-11-25,29.04,29.08,28.88,29.05
COLM,2003-11-26,29.17,29.22,28.75,29.13
COLM,2003-11-28,29.1,29.67,29.06,29.64
COLM,2003-12-01,29.67,29.67,29.17,29.38
COLM,2003-12-02,29.47,29.47,28.7,28.84
COLM,2003-12-03,28.95,29.05,27.64,27.79
COLM,2003-12-04,27.79,28.0,26.77,27.44
COLM,2003-12-05,27.25,27.95,26.95,27.62
COLM,2003-12-08,27.6,27.82,26.91,27.55
COLM,2003-12-09,27.55,27.65,26.97,27.06
COLM,2003-12-10,27.06,27.06,25.17,26.05
COLM,2003-12-11,26.0,26.5,25.92,26.24
COLM,2003-12-12,26.29,26.47,26.0,26.01
COLM,2003-12-15,26.12,26.14,25.6,25.93
COLM,2003-12-16,25.98,25.98,24.92,25.77
COLM,2003-12-17,25.87,26.94,25.77,26.75
COLM,2003-12-18,26.83,27.72,26.77,27.39
COLM,2003-12-19,27.44,27.84,27.15,27.71
COLM,2003-12-22,27.75,27.75,27.3,27.4
COLM,2003-12-23,27.33,27.55,27.25,27.53
COLM,2003-12-24,27.52,27.69,27.31,27.58
COLM,2003-12-26,27.5,27.88,27.5,27.74
COLM,2003-12-29,27.7,27.79,27.06,27.7
COLM,2003-12-30,27.58,27.74,27.42,27.61
COLM,2003-12-31,27.56,27.95,27.23,27.25
COLM,2004-01-02,27.32,27.57,27.32,27.39
COLM,2004-01-05,27.37,27.62,26.76,26.95
COLM,2004-01-06,27.0,28.1,26.89,27.8
COLM,2004-01-07,27.68,27.83,27.33,27.39
COLM,2004-01-08,27.9,29.49,27.61,28.81
COLM,2004-01-09,28.65,28.75,27.98,28.04
COLM,2004-01-12,28.03,28.03,27.5,27.7
COLM,2004-01-13,27.75,27.75,27.35,27.44
COLM,2004-01-14,27.48,27.71,27.35,27.64
COLM,2004-01-15,27.55,27.62,27.12,27.39
COLM,2004-01-16,27.44,27.57,27.25,27.5
COLM,2004-01-20,27.35,27.56,27.06,27.14
COLM,2004-01-21,27.1,27.5,27.08,27.42
COLM,2004-01-22,27.42,27.45,27.27,27.38
COLM,2004-01-23,27.38,27.47,27.14,27.42
COLM,2004-01-26,27.31,27.43,26.82,27.1
COLM,2004-01-27,27.01,27.85,27.01,27.25
COLM,2004-01-28,27.12,27.29,26.31,26.57
COLM,2004-01-29,26.67,27.0,26.12,26.83
COLM,2004-01-30,26.25,27.0,26.17,26.57
COLM,2004-02-02,26.6,27.0,25.8,26.31
COLM,2004-02-03,26.31,26.84,26.24,26.5
COLM,2004-02-04,26.42,26.84,26.42,26.62
COLM,2004-02-05,26.71,26.82,26.08,26.21
COLM,2004-02-06,26.03,26.75,26.03,26.55
COLM,2004-02-09,26.51,26.75,26.38,26.67
COLM,2004-02-10,26.84,26.84,26.49,26.58
COLM,2004-02-11,26.65,27.04,26.55,26.91
COLM,2004-02-12,26.86,26.89,26.7,26.75
COLM,2004-02-13,26.8,26.83,26.58,26.65
COLM,2004-02-17,26.61,26.75,26.11,26.41
COLM,2004-02-18,26.48,26.61,26.27,26.34
COLM,2004-02-19,26.35,26.44,26.08,26.08
COLM,2004-02-20,26.07,26.14,25.58,25.6
COLM,2004-02-23,25.59,25.69,24.61,25.36
COLM,2004-02-24,25.37,26.53,25.11,26.28
COLM,2004-02-25,26.42,26.58,26.12,26.5
COLM,2004-02-26,26.62,26.65,25.91,26.16
COLM,2004-02-27,26.25,26.41,25.95,26.0
COLM,2004-03-01,25.94,26.26,25.81,26.16
COLM,2004-03-02,26.08,26.5,26.08,26.23
COLM,2004-03-03,26.08,26.18,25.99,26.02
COLM,2004-03-04,26.08,27.0,26.08,26.59
COLM,2004-03-05,26.54,26.88,26.33,26.75
COLM,2004-03-08,26.7,26.7,26.17,26.42
COLM,2004-03-09,26.44,26.44,25.93,26.13
COLM,2004-03-10,26.16,26.53,26.0,26.05
COLM,2004-03-11,25.92,25.97,25.38,25.41
COLM,2004-03-12,25.78,26.15,25.52,26.03
COLM,2004-03-15,25.99,25.99,25.41,25.5
COLM,2004-03-16,25.43,25.69,25.23,25.35
COLM,2004-03-17,25.27,25.84,25.27,25.43
COLM,2004-03-18,25.47,25.88,25.31,25.81
COLM,2004-03-19,25.81,26.25,25.7,25.89
COLM,2004-03-22,25.9,25.9,25.0,25.26
COLM,2004-03-23,25.37,26.42,25.36,26.18
COLM,2004-03-24,26.15,26.62,26.15,26.31
COLM,2004-03-25,26.31,26.92,26.24,26.88
COLM,2004-03-26,26.94,26.97,26.83,26.85
COLM,2004-03-29,26.92,27.53,26.91,27.28
COLM,2004-03-30,27.2,27.69,27.2,27.64
COLM,2004-03-31,27.69,27.75,27.45,27.69
COLM,2004-04-01,27.7,28.35,27.6,28.25
COLM,2004-04-02,28.35,28.87,28.26,28.78
COLM,2004-04-05,28.7,29.05,28.67,28.99
COLM,2004-04-06,29.05,29.25,28.75,29.18
COLM,2004-04-07,29.18,29.18,28.5,28.8
COLM,2004-04-08,28.92,29.25,28.57,28.75
COLM,2004-04-12,28.7,28.93,28.57,28.78
COLM,2004-04-13,28.75,28.82,28.3,28.49
COLM,2004-04-14,28.4,28.4,27.83,27.89
COLM,2004-04-15,27.7,28.2,27.63,28.12
COLM,2004-04-16,28.18,28.61,27.95,28.16
COLM,2004-04-19,28.22,28.22,27.94,27.99
COLM,2004-04-20,28.17,28.8,28.1,28.62
COLM,2004-04-21,28.7,28.84,28.28,28.74
COLM,2004-04-22,28.77,29.15,28.61,29.01
COLM,2004-04-23,28.92,29.05,28.6,28.8
COLM,2004-04-26,28.74,28.82,28.38,28.7
COLM,2004-04-27,28.67,29.36,28.65,29.26
COLM,2004-04-28,29.29,29.29,28.5,28.68
COLM,2004-04-29,28.64,28.73,27.97,28.18
COLM,2004-04-30,27.89,27.89,25.55,26.62
COLM,2004-05-03,26.52,26.98,26.4,26.78
COLM,2004-05-04,26.82,26.98,26.14,26.52
COLM,2004-05-05,26.5,26.97,26.43,26.55
COLM,2004-05-06,26.59,26.67,26.3,26.6
COLM,2004-05-07,26.66,26.93,25.93,26.06
COLM,2004-05-10,25.9,26.17,25.9,26.03
COLM,2004-05-11,26.0,26.47,26.0,26.25
COLM,2004-05-12,26.32,26.56,25.76,26.56
COLM,2004-05-13,26.5,26.52,25.9,26.17
COLM,2004-05-14,26.06,26.58,25.92,26.38
COLM,2004-05-17,26.27,26.27,25.61,25.79
COLM,2004-05-18,25.81,26.5,25.81,26.33
COLM,2004-05-19,26.39,26.54,26.02,26.15
COLM,2004-05-20,25.98,26.51,25.98,26.42
COLM,2004-05-21,26.4,26.67,26.34,26.58
COLM,2004-05-24,26.68,26.84,26.52,26.68
COLM,2004-05-25,26.67,27.0,26.49,26.96
COLM,2004-05-26,26.99,27.1,26.92,27.06
COLM,2004-05-27,27.0,27.43,26.98,27.23
COLM,2004-05-28,27.11,27.3,26.98,27.05
COLM,2004-06-01,26.98,27.23,26.85,27.23
COLM,2004-06-02,27.2,27.58,27.06,27.42
COLM,2004-06-03,27.49,27.49,26.73,26.87
COLM,2004-06-04,26.93,27.24,26.77,27.09
COLM,2004-06-07,27.03,27.5,27.03,27.47
COLM,2004-06-08,27.52,27.52,27.21,27.42
COLM,2004-06-09,27.42,27.52,27.1,27.52
COLM,2004-06-10,27.46,27.68,27.46,27.5
COLM,2004-06-14,27.5,27.5,27.21,27.33
COLM,2004-06-15,27.26,27.4,27.23,27.23
COLM,2004-06-16,27.18,27.52,27.12,27.44
COLM,2004-06-17,27.38,27.75,27.3,27.71
COLM,2004-06-18,27.75,28.11,27.5,27.75
COLM,2004-06-21,27.75,27.93,27.6,27.72
COLM,2004-06-22,27.74,27.74,27.08,27.55
COLM,2004-06-23,27.5,27.99,27.43,27.88
COLM,2004-06-24,27.85,28.31,27.82,28.23
COLM,2004-06-25,28.21,28.34,27.92,27.92
COLM,2004-06-28,28.17,28.31,27.98,27.98
COLM,2004-06-29,28.0,28.0,27.28,27.34
COLM,2004-06-30,27.23,27.74,27.08,27.31
COLM,2004-07-01,27.49,28.05,27.27,28.02
COLM,2004-07-02,28.05,28.49,27.93,28.02
COLM,2004-07-06,27.96,28.09,27.58,27.99
COLM,2004-07-07,28.01,28.37,28.01,28.22
COLM,2004-07-08,28.15,28.25,28.05,28.14
COLM,2004-07-09,28.17,28.38,28.04,28.26
COLM,2004-07-12,28.28,28.3,28.0,28.18
COLM,2004-07-13,28.22,28.5,28.2,28.47
COLM,2004-07-14,28.39,28.39,26.98,27.4
COLM,2004-07-15,27.53,27.53,26.92,26.94
COLM,2004-07-16,26.96,27.01,26.37,26.44
COLM,2004-07-19,26.49,26.49,25.86,25.95
COLM,2004-07-20,25.95,27.1,25.94,27.1
COLM,2004-07-21,27.03,27.15,26.28,26.5
COLM,2004-07-22,26.11,26.91,25.92,26.26
COLM,2004-07-23,26.19,26.4,25.71,26.33
COLM,2004-07-26,26.39,26.97,26.32,26.83
COLM,2004-07-27,26.9,27.08,26.77,27.04
COLM,2004-07-28,27.0,27.43,26.93,27.14
COLM,2004-07-29,27.18,27.4,27.08,27.22
COLM,2004-07-30,27.22,27.49,27.02,27.38
COLM,2004-08-02,27.32,27.67,27.17,27.55
COLM,2004-08-03,27.48,27.73,27.38,27.59
COLM,2004-08-04,27.6,27.6,27.19,27.48
COLM,2004-08-05,27.58,27.72,26.93,26.96
COLM,2004-08-06,26.89,26.89,26.68,26.77
COLM,2004-08-09,26.75,26.9,26.73,26.73
COLM,2004-08-10,26.68,27.3,26.43,27.19
COLM,2004-08-11,27.0,27.1,26.68,27.05
COLM,2004-08-12,27.01,27.09,26.6,26.7
COLM,2004-08-13,26.77,26.85,26.66,26.75
COLM,2004-08-16,26.69,27.08,26.65,27.01
COLM,2004-08-17,27.0,27.58,27.0,27.51
COLM,2004-08-18,27.5,27.5,26.97,27.41
COLM,2004-08-19,27.34,27.59,27.27,27.43
COLM,2004-08-20,27.35,27.5,27.24,27.24
COLM,2004-08-23,27.33,27.44,26.88,27.2
COLM,2004-08-24,27.12,27.46,27.0,27.1
COLM,2004-08-25,27.08,27.11,26.92,27.0
COLM,2004-08-26,26.93,27.1,26.93,27.0
COLM,2004-08-27,26.92,27.43,26.76,27.33
COLM,2004-08-30,27.23,27.44,27.1,27.2
COLM,2004-08-31,27.2,27.45,27.12,27.27
COLM,2004-09-01,27.25,27.45,27.08,27.23
COLM,2004-09-02,27.26,27.85,27.24,27.84
COLM,2004-09-03,27.72,28.11,27.58,28.02
COLM,2004-09-07,27.93,28.32,27.93,28.15
COLM,2004-09-08,28.1,28.4,27.91,27.98
COLM,2004-09-09,27.9,27.9,27.43,27.56
COLM,2004-09-10,27.53,27.85,27.25,27.73
COLM,2004-09-13,27.77,27.98,27.62,27.82
COLM,2004-09-14,27.8,27.97,27.61,27.94
COLM,2004-09-15,27.95,27.98,27.67,27.68
COLM,2004-09-16,27.73,28.08,27.73,28.01
COLM,2004-09-17,28.01,28.08,27.53,27.55
COLM,2004-09-20,27.64,27.75,27.56,27.69
COLM,2004-09-21,27.71,27.8,27.35,27.74
COLM,2004-09-22,27.73,27.83,27.25,27.64
COLM,2004-09-23,27.58,27.92,27.24,27.69
COLM,2004-09-24,27.74,27.93,27.57,27.57
COLM,2004-09-27,27.7,27.7,27.18,27.33
COLM,2004-09-28,27.38,27.75,27.25,27.75
COLM,2004-09-29,27.7,27.76,27.12,27.31
COLM,2004-09-30,27.27,27.5,27.15,27.25
COLM,2004-10-01,27.32,27.51,27.12,27.23
COLM,2004-10-04,27.33,27.77,27.21,27.6
COLM,2004-10-05,27.56,27.58,27.4,27.51
COLM,2004-10-06,27.45,27.58,27.12,27.17
COLM,2004-10-07,27.24,27.68,27.17,27.65
COLM,2004-10-08,27.62,27.71,27.12,27.18
COLM,2004-10-11,27.12,27.97,27.11,27.62
COLM,2004-10-12,27.6,27.61,27.26,27.4
COLM,2004-10-13,27.41,27.62,26.95,27.12
COLM,2004-10-14,27.19,27.53,27.11,27.28
COLM,2004-10-15,27.17,27.46,26.85,26.87
COLM,2004-10-18,26.95,27.35,26.88,27.28
COLM,2004-10-19,27.2,27.51,27.1,27.21
COLM,2004-10-20,27.29,27.45,27.11,27.28
COLM,2004-10-21,27.4,27.6,27.15,27.56
COLM,2004-10-22,27.56,27.63,27.25,27.28
COLM,2004-10-25,27.25,27.39,26.95,27.33
COLM,2004-10-26,27.38,27.95,27.25,27.95
COLM,2004-10-27,27.96,28.65,27.9,28.65
COLM,2004-10-28,28.54,28.7,28.12,28.5
COLM,2004-10-29,28.52,30.23,28.2,30.18
COLM,2004-11-01,30.08,30.31,29.9,30.2
COLM,2004-11-02,30.31,30.48,29.74,30.01
COLM,2004-11-03,30.25,30.45,30.0,30.27
COLM,2004-11-04,30.14,30.52,29.93,30.47
COLM,2004-11-05,30.51,31.09,30.32,30.45
COLM,2004-11-08,30.42,30.42,29.92,30.17
COLM,2004-11-09,30.2,30.2,29.99,30.07
COLM,2004-11-10,30.25,30.27,29.75,29.83
COLM,2004-11-11,29.83,30.03,29.41,29.64
COLM,2004-11-12,29.75,29.76,29.44,29.71
COLM,2004-11-15,29.75,29.75,29.43,29.62
COLM,2004-11-16,29.57,29.57,29.08,29.36
COLM,2004-11-17,29.35,29.66,29.17,29.35
COLM,2004-11-18,29.33,29.45,28.95,29.14
COLM,2004-11-19,29.1,29.1,28.73,28.89
COLM,2004-11-22,28.96,29.0,28.5,28.65
COLM,2004-11-23,28.61,28.84,28.55,28.69
COLM,2004-11-24,28.69,29.17,28.56,29.08
COLM,2004-11-26,29.06,29.1,28.94,28.98
COLM,2004-11-29,29.1,29.1,28.53,28.57
COLM,2004-11-30,28.55,28.67,28.21,28.45
COLM,2004-12-01,28.55,29.08,28.4,29.04
COLM,2004-12-02,29.08,29.81,28.5,29.72
COLM,2004-12-03,29.85,29.85,29.24,29.35
COLM,2004-12-06,29.4,29.47,29.0,29.02
COLM,2004-12-07,29.11,29.34,28.82,29.17
COLM,2004-12-08,29.1,29.32,28.9,28.95
COLM,2004-12-09,28.86,29.09,28.52,29.09
COLM,2004-12-10,29.17,29.26,28.91,29.19
COLM,2004-12-13,29.3,29.3,28.65,28.91
COLM,2004-12-14,28.84,29.17,28.67,29.07
COLM,2004-12-15,29.03,29.08,28.56,28.91
COLM,2004-12-16,28.77,29.0,28.41,28.88
COLM,2004-12-17,28.97,29.22,28.77,28.81
COLM,2004-12-20,28.9,29.19,28.6,29.09
COLM,2004-12-21,29.25,29.84,29.08,29.76
COLM,2004-12-22,29.83,30.09,29.48,29.48
COLM,2004-12-23,29.47,29.92,29.47,29.81
COLM,2004-12-27,29.83,30.05,29.48,29.65
COLM,2004-12-28,29.75,30.0,29.58,29.75
COLM,2004-12-29,29.77,29.91,29.52,29.75
COLM,2004-12-30,29.75,29.75,29.57,29.66
COLM,2004-12-31,29.66,30.0,29.51,29.81
COLM,2005-01-03,29.78,29.88,28.58,28.83
COLM,2005-01-04,28.7,29.23,27.95,28.11
COLM,2005-01-05,28.05,28.07,27.8,27.82
COLM,2005-01-06,27.78,27.81,27.48,27.5
COLM,2005-01-07,27.67,27.67,27.28,27.33
COLM,2005-01-10,27.27,27.92,27.23,27.79
COLM,2005-01-11,27.78,28.39,27.64,28.32
COLM,2005-01-12,28.28,28.33,27.67,27.78
COLM,2005-01-13,27.69,27.71,27.48,27.48
COLM,2005-01-14,27.65,28.0,27.52,27.9
COLM,2005-01-18,27.9,28.13,27.63,27.77
COLM,2005-01-19,27.66,28.6,27.58,28.19
COLM,2005-01-20,28.08,28.19,27.7,27.77
COLM,2005-01-21,27.72,27.73,27.19,27.22
COLM,2005-01-24,27.16,27.67,27.03,27.46
COLM,2005-01-25,27.5,27.61,26.99,27.06
COLM,2005-01-26,26.83,27.1,26.73,26.77
COLM,2005-01-27,26.6,28.6,26.5,27.99
COLM,2005-01-28,27.28,27.36,26.52,27.08
COLM,2005-01-31,27.01,27.75,27.01,27.43
COLM,2005-02-01,27.55,27.6,27.2,27.53
COLM,2005-02-02,27.48,27.62,27.45,27.59
COLM,2005-02-03,27.52,27.93,27.42,27.82
COLM,2005-02-04,27.7,28.01,27.67,27.95
COLM,2005-02-07,28.02,28.17,27.86,28.09
COLM,2005-02-08,28.18,28.24,27.92,27.97
COLM,2005-02-09,28.11,28.11,27.63,27.68
COLM,2005-02-10,27.84,27.91,27.67,27.75
COLM,2005-02-11,27.66,28.25,27.66,28.14
COLM,2005-02-14,28.12,28.37,27.99,28.18
COLM,2005-02-15,28.07,28.48,28.06,28.23
COLM,2005-02-16,28.3,28.31,27.92,27.99
COLM,2005-02-17,27.91,28.34,27.91,28.24
COLM,2005-02-18,28.2,28.36,28.14,28.23
COLM,2005-02-22,28.28,28.41,28.07,28.17
COLM,2005-02-23,28.09,28.62,28.01,28.35
COLM,2005-02-24,28.27,28.4,28.0,28.27
COLM,2005-02-25,23.9061,23.9061,23.394,23.6886
COLM,2005-02-28,23.5304,23.7667,23.4869,23.6352
COLM,2005-03-01,23.6946,24.0327,23.571,24.0327
COLM,2005-03-02,23.8557,24.1771,23.748,24.0159
COLM,2005-03-03,24.0733,24.2543,23.8211,23.8607
COLM,2005-03-04,23.8647,24.0119,23.8647,23.9458
COLM,2005-03-07,23.9922,23.9922,23.5798,23.7025
COLM,2005-03-08,23.7993,23.8113,23.31,23.4939
COLM,2005-03-09,23.4068,23.4158,23.2209,23.4068
COLM,2005-03-10,23.3277,23.3989,23.1309,23.2249
COLM,2005-03-11,23.1853,23.3722,23.1072,23.1685
COLM,2005-03-14,23.2388,23.6253,23.1389,23.6205
COLM,2005-03-15,23.5404,23.7954,23.4286,23.6659
COLM,2005-03-16,23.6036,23.7876,23.3634,23.6006
COLM,2005-03-17,23.6886,23.6886,23.394,23.5166
COLM,2005-03-18,23.5888,23.5888,23.1309,23.1558
COLM,2005-03-21,23.1251,23.2042,22.9036,22.9243
COLM,2005-03-22,22.8986,23.04,22.773,22.7948
COLM,2005-03-23,22.773,22.8135,22.6485,22.6732
COLM,2005-03-24,22.6642,22.9877,22.6584,22.8087
COLM,2005-03-28,22.7651,22.9737,22.7513,22.8601
COLM,2005-03-29,22.8601,22.8699,22.3045,22.3578
COLM,2005-03-30,22.3132,22.4695,22.1986,22.2758
COLM,2005-03-31,22.3865,22.5604,22.2431,22.4477
COLM,2005-04-01,22.3626,22.604,22.1422,22.2628
COLM,2005-04-04,22.2341,22.5407,22.2341,22.4744
COLM,2005-04-05,22.5051,23.0984,22.4695,22.8165
COLM,2005-04-06,22.8047,22.9193,22.5743,22.6445
COLM,2005-04-07,22.6445,22.687,22.421,22.519
COLM,2005-04-08,22.4567,22.7196,22.4567,22.5437
COLM,2005-04-11,22.6238,22.6782,22.2628,22.3302
COLM,2005-04-12,22.421,22.43,22.1492,22.3222
COLM,2005-04-13,22.2253,22.3449,22.0552,22.166
COLM,2005-04-14,22.1462,22.1817,21.7111,21.895
COLM,2005-04-15,21.9465,21.9465,21.3601,21.4956
COLM,2005-04-18,21.4867,21.5619,21.2523,21.5173
COLM,2005-04-19,21.5619,22.0057,21.5302,21.8426
COLM,2005-04-20,21.9465,21.9465,21.6974,21.7536
COLM,2005-04-21,21.7536,21.8812,21.7161,21.8229
COLM,2005-04-22,21.7201,21.8179,21.5045,21.6974
COLM,2005-04-25,21.631,22.0186,21.5391,21.5391
COLM,2005-04-26,21.5005,22.1096,21.4689,22.0443
COLM,2005-04-27,22.0137,22.5476,21.9247,22.3943
COLM,2005-04-28,22.3349,22.4112,21.4768,21.4867
COLM,2005-04-29,18.026,18.9891,17.6652,18.1308
COLM,2005-05-02,18.1308,18.9189,18.0092,18.6677
COLM,2005-05-03,18.5757,18.8269,18.556,18.7775
COLM,2005-05-04,18.9317,19.0158,18.4729,18.818
COLM,2005-05-05,18.7211,19.0643,18.64,18.7161
COLM,2005-05-06,18.8991,18.8991,18.5719,18.5837
COLM,2005-05-09,18.5223,18.6855,18.4432,18.6627
COLM,2005-05-10,18.6272,18.7131,18.2812,18.5096
COLM,2005-05-11,18.5669,18.5719,18.3039,18.553
COLM,2005-05-12,18.6904,19.0158,18.4956,18.5471
COLM,2005-05-13,18.6598,18.7131,18.4582,18.4996
COLM,2005-05-16,18.5639,18.7251,18.4363,18.4393
COLM,2005-05-17,18.5639,18.6994,18.3958,18.6233
COLM,2005-05-18,18.6816,18.8902,18.5926,18.8606
COLM,2005-05-19,18.8092,19.0691,18.8092,18.9891
COLM,2005-05-20,18.9841,18.9841,18.8092,18.8269
COLM,2005-05-23,18.8299,19.0336,18.7725,18.909
COLM,2005-05-24,18.9317,18.9317,18.7161,18.7161
COLM,2005-05-25,18.6598,18.9545,18.6361,18.8269
COLM,2005-05-26,18.9317,19.0424,18.7775,18.9722
COLM,2005-05-27,19.0109,19.1671,18.9782,19.0247
COLM,2005-05-31,18.8606,19.0691,18.8516,19.0386
COLM,2005-06-01,18.9634,19.1176,18.8813,19.0109
COLM,2005-06-02,19.1245,19.2304,18.9456,19.0721
COLM,2005-06-03,19.1206,19.1611,19.0069,19.09
COLM,2005-06-06,19.1324,19.1324,18.7478,18.9584
COLM,2005-06-07,19.0336,19.4567,18.9416,19.3846
COLM,2005-06-08,19.4834,19.4834,19.1809,19.3025
COLM,2005-06-09,19.2985,19.3896,19.1908,19.2165
COLM,2005-06-10,19.2214,19.4093,19.1769,19.3973
COLM,2005-06-13,19.3896,19.61,19.3025,19.61
COLM,2005-06-14,19.4784,19.7079,19.4784,19.6189
COLM,2005-06-15,19.6733,20.0114,19.5348,19.966
COLM,2005-06-16,19.961,20.1796,19.8454,20.0778
COLM,2005-06-17,20.1568,20.1746,20.0292,20.1152
COLM,2005-06-20,20.0678,20.1656,20.0114,20.1232
COLM,2005-06-21,20.0915,20.2062,19.9225,20.1351
COLM,2005-06-22,20.1568,20.3397,20.1351,20.2982
COLM,2005-06-23,20.2527,20.762,20.054,20.3674
COLM,2005-06-24,20.5484,20.5484,20.1796,20.3901
COLM,2005-06-27,20.4969,20.4969,20.1015,20.2438
COLM,2005-06-28,20.3229,20.4118,20.0915,20.2744
COLM,2005-06-29,20.3624,20.5602,20.2438,20.5354
COLM,2005-06-30,20.5641,20.9398,20.4525,20.8084
COLM,2005-07-01,20.9359,21.0763,20.8084,20.849
COLM,2005-07-05,21.0159,21.2701,20.9398,21.1287
COLM,2005-07-06,21.1248,21.1287,20.4248,20.5187
COLM,2005-07-07,20.3259,20.4336,19.9967,20.0331
COLM,2005-07-08,20.1351,20.1509,19.8275,19.966
COLM,2005-07-11,20.1608,20.314,20.1351,20.2438
COLM,2005-07-12,20.3447,20.6393,20.2438,20.5553
COLM,2005-07-13,20.6305,20.6789,20.407,20.4297
COLM,2005-07-14,20.484,20.5187,20.2843,20.3397
COLM,2005-07-15,20.4702,20.5948,20.4118,20.5266
COLM,2005-07-18,20.578,20.5898,20.4525,20.484
COLM,2005-07-19,20.5484,20.6789,20.489,20.578
COLM,2005-07-20,20.489,20.8084,20.489,20.7421
COLM,2005-07-21,20.8084,20.8084,20.3347,20.4297
COLM,2005-07-22,20.5266,20.5266,20.2962,20.4525
COLM,2005-07-25,20.4603,20.5236,20.0678,20.1262
COLM,2005-07-26,20.1479,20.3259,20.0678,20.2696
COLM,2005-07-27,20.22,20.3447,20.0588,20.0678
COLM,2005-07-28,20.0678,20.2982,19.7553,19.7643
COLM,2005-07-29,20.7203,21.8673,20.314,21.4362
COLM,2005-08-01,21.5045,21.9247,21.2919,21.8456
COLM,2005-08-02,21.7754,21.9247,21.457,21.6093
COLM,2005-08-03,21.5916,21.7585,21.3245,21.4016
COLM,2005-08-04,21.3008,21.6211,21.1198,21.1367
COLM,2005-08-05,21.2276,21.2405,20.8578,20.932
COLM,2005-08-08,21.0803,21.1594,20.5316,20.666
COLM,2005-08-09,20.7767,21.0022,20.6966,20.8974
COLM,2005-08-10,20.9883,21.3928,20.9655,21.0833
COLM,2005-08-11,21.111,21.3424,21.0921,21.115
COLM,2005-08-12,21.0883,21.276,20.9458,21.1367
COLM,2005-08-15,21.111,21.6974,21.106,21.5085
COLM,2005-08-16,21.4531,21.4531,20.7056,20.8084
COLM,2005-08-17,20.755,20.9845,20.7323,20.755
COLM,2005-08-18,20.84,20.8717,20.5354,20.6165
COLM,2005-08-19,20.6305,20.662,20.3674,20.403
COLM,2005-08-22,20.5354,20.7679,20.3901,20.5354
COLM,2005-08-23,20.4525,20.8578,20.3584,20.7767
COLM,2005-08-24,20.7718,20.84,20.3624,20.3754
COLM,2005-08-25,20.3674,20.6165,20.2062,20.2982
COLM,2005-08-26,20.3021,20.4465,20.1479,20.1746
COLM,2005-08-29,20.1429,20.22,19.8701,20.2181
COLM,2005-08-30,20.1479,20.2843,19.8177,19.9383
COLM,2005-08-31,19.8918,20.0501,19.4647,19.5645
COLM,2005-09-01,19.5418,19.6684,19.2214,19.4746
COLM,2005-09-02,19.523,19.6011,19.0386,19.09
COLM,2005-09-06,19.1038,19.439,19.0336,19.3479
COLM,2005-09-07,19.4527,19.5873,19.2936,19.3816
COLM,2005-09-08,19.3352,19.426,19.1769,19.2808
COLM,2005-09-09,19.1809,19.4133,19.1809,19.3716
COLM,2005-09-12,19.3973,20.0411,19.3559,20.0194
COLM,2005-09-13,20.054,20.1706,19.9343,19.9837
COLM,2005-09-14,19.8968,20.0194,19.8127,19.9293
COLM,2005-09-15,19.8879,20.0875,19.8216,19.8364
COLM,2005-09-16,19.8829,20.0411,19.6852,19.9443
COLM,2005-09-19,19.8829,19.9967,19.3846,19.4924
COLM,2005-09-20,19.5329,19.7722,18.7478,18.8092
COLM,2005-09-21,18.7388,18.8991,18.4393,18.7301
COLM,2005-09-22,18.8349,18.8389,18.3651,18.6757
COLM,2005-09-23,18.818,19.426,18.7478,19.2076
COLM,2005-09-26,19.3559,19.4784,19.1483,19.2214
COLM,2005-09-27,19.3154,19.4746,19.0158,19.426
COLM,2005-09-28,19.4784,19.6229,19.3202,19.3519
COLM,2005-09-29,19.3292,19.615,19.1809,19.4834
COLM,2005-09-30,19.5458,19.7386,19.2887,19.5645
COLM,2005-10-03,19.61,19.6733,19.2728,19.3973
COLM,2005-10-04,19.443,19.4479,19.1414,19.2125
COLM,2005-10-05,19.0998,19.2808,18.8645,18.9545
COLM,2005-10-06,18.9545,19.08,18.909,18.993
COLM,2005-10-07,19.0474,19.2441,18.9841,19.1414
COLM,2005-10-10,19.2728,19.615,19.2214,19.5418
COLM,2005-10-11,19.6367,19.6931,18.9456,18.9584
COLM,2005-10-12,18.9545,19.0158,18.6627,18.7211
COLM,2005-10-13,18.7865,18.8299,18.5876,18.7093
COLM,2005-10-14,18.8467,19.3292,18.6816,19.0197
COLM,2005-10-17,19.1097,19.3292,18.9545,19.0474
COLM,2005-10-18,19.0286,19.0998,18.8349,18.8546
COLM,2005-10-19,18.8546,19.1611,18.467,19.1414
COLM,2005-10-20,19.1137,19.1809,18.6717,18.7636
COLM,2005-10-21,18.8092,19.0197,18.5876,18.6627
COLM,2005-10-24,18.7528,18.9268,18.4472,18.9268
COLM,2005-10-25,18.8645,19.0158,18.553,18.6757
COLM,2005-10-26,18.7607,18.7865,18.4898,18.735
COLM,2005-10-27,18.5966,18.7725,17.6968,18.0973
COLM,2005-10-28,17.2864,18.0507,17.2864,17.7413
COLM,2005-10-31,17.7798,18.0706,17.7353,17.8915
COLM,2005-11-01,17.8421,18.0042,17.6434,17.9291
COLM,2005-11-02,17.9114,18.382,17.8995,18.3286
COLM,2005-11-03,18.3147,18.9367,18.3147,18.8813
COLM,2005-11-04,18.9456,19.0286,18.8349,18.9367
COLM,2005-11-07,18.905,19.1611,18.905,19.0948
COLM,2005-11-08,19.0553,19.0998,18.8853,19.0424
COLM,2005-11-09,18.9891,19.0948,18.7211,18.7725
COLM,2005-11-10,18.7211,18.9841,18.5471,18.7913
COLM,2005-11-11,18.7685,18.9782,18.6677,18.9456
COLM,2005-11-14,18.9683,19.1414,18.8645,19.0109
COLM,2005-11-15,19.0158,19.0158,18.4432,18.4809
COLM,2005-11-16,18.4729,18.56,18.3592,18.4393
COLM,2005-11-17,18.4146,18.6855,18.4146,18.6133
COLM,2005-11-18,18.6816,19.1769,18.6133,19.1038
COLM,2005-11-21,19.1324,19.1671,18.9722,19.1206
COLM,2005-11-22,19.0386,19.439,18.9841,19.3716
COLM,2005-11-23,19.343,19.6595,19.3292,19.5111
COLM,2005-11-25,19.5111,19.6733,19.426,19.5784
COLM,2005-11-28,19.61,19.6852,19.3292,19.4647
COLM,2005-11-29,19.434,19.6644,19.434,19.443
COLM,2005-11-30,19.3973,19.6901,19.3973,19.6011
COLM,2005-12-01,18.909,19.4746,18.8734,19.0336
COLM,2005-12-02,19.2076,19.3292,18.9891,19.2214
COLM,2005-12-05,19.2304,19.2304,18.9722,19.0197
COLM,2005-12-06,19.1453,19.2531,18.8951,19.1532
COLM,2005-12-07,19.2581,19.6288,19.1532,19.6288
COLM,2005-12-08,19.6446,19.6505,19.4527,19.6288
COLM,2005-12-09,19.5458,19.6407,19.439,19.5329
COLM,2005-12-12,19.5368,19.6367,19.4874,19.5695
COLM,2005-12-13,19.5458,19.8622,19.5151,19.787
COLM,2005-12-14,19.6446,19.8364,19.6367,19.782
COLM,2005-12-15,19.7386,19.8997,19.6931,19.7248
COLM,2005-12-16,19.8177,19.8542,19.6684,19.7346
COLM,2005-12-19,19.8364,19.9036,19.7119,19.7346
COLM,2005-12-20,19.8622,19.9245,19.6505,19.7386
COLM,2005-12-21,19.792,19.9383,19.7296,19.8997
COLM,2005-12-22,19.9343,19.9443,19.7959,19.9245
COLM,2005-12-23,19.8275,20.0114,19.8275,19.9175
COLM,2005-12-27,20.0006,20.1301,19.7346,19.8177
COLM,2005-12-28,19.7682,20.1379,19.7682,20.0064
COLM,2005-12-29,19.9225,20.6482,19.9225,20.4603
COLM,2005-12-30,20.3674,20.4376,20.0738,20.1262
COLM,2006-01-03,20.1112,20.1568,19.5458,20.0035
COLM,2006-01-04,19.9136,20.0411,19.7959,19.875
COLM,2006-01-05,19.8315,20.0164,19.8077,19.8414
COLM,2006-01-06,20.0588,20.2181,19.9443,20.0006
COLM,2006-01-09,19.9877,21.2276,19.9877,20.8904
COLM,2006-01-10,20.7896,21.0417,20.0738,20.2092
COLM,2006-01-11,20.1796,20.2181,19.9521,19.957
COLM,2006-01-12,19.961,20.0501,19.9225,19.9797
COLM,2006-01-13,19.9245,20.1379,19.9225,20.0965
COLM,2006-01-17,19.9877,20.0678,19.8542,19.9136
COLM,2006-01-18,19.8177,20.1301,19.7119,19.7553
COLM,2006-01-19,19.7465,20.1112,19.7465,20.0164
COLM,2006-01-20,20.0678,20.0678,19.7553,19.7781
COLM,2006-01-23,19.7445,19.7445,19.1176,19.1245
COLM,2006-01-24,19.1285,20.4525,19.1285,20.0678
COLM,2006-01-25,20.1262,20.6442,20.1152,20.3229
COLM,2006-01-26,20.4603,20.6522,20.2181,20.5691
COLM,2006-01-27,21.7585,22.9363,20.7421,21.7705
COLM,2006-01-30,21.725,21.9247,21.4362,21.8179
COLM,2006-01-31,21.8139,21.8812,21.5272,21.7784
COLM,2006-02-01,21.641,21.8179,21.5391,21.7031
COLM,2006-02-02,21.7842,21.7842,21.4818,21.5836
COLM,2006-02-03,21.5134,21.6173,21.4016,21.5045
COLM,2006-02-06,21.3512,21.5619,21.3424,21.4956
COLM,2006-02-07,21.5916,21.7882,21.4818,21.5916
COLM,2006-02-08,21.6478,21.7784,21.5489,21.6647
COLM,2006-02-09,21.5746,21.8318,21.5489,21.644
COLM,2006-02-10,21.631,21.7201,21.5134,21.6143
COLM,2006-02-13,20.9845,21.3601,20.662,21.3334
COLM,2006-02-14,21.282,21.641,21.282,21.5717
COLM,2006-02-15,21.4906,21.5342,21.0883,21.2405
COLM,2006-02-16,21.2227,21.372,21.0456,21.2365
COLM,2006-02-17,21.1594,21.1624,20.9082,21.0159
COLM,2006-02-21,20.932,21.0111,20.5316,20.7243
COLM,2006-02-22,20.7896,21.5529,20.7203,21.3809
COLM,2006-02-23,21.3097,21.4283,21.2523,21.2662
COLM,2006-02-24,21.372,21.5866,21.0022,21.5173
COLM,2006-02-27,21.5045,21.8051,21.4906,21.6697
COLM,2006-02-28,21.5993,21.811,21.2019,21.2365
COLM,2006-03-01,21.3047,21.457,21.0971,21.3245
COLM,2006-03-02,21.4214,21.6794,21.282,21.6577
COLM,2006-03-03,21.6735,21.7497,21.2326,21.4283
COLM,2006-03-06,21.4956,21.4956,21.1594,21.2474
COLM,2006-03-07,21.2434,21.4412,21.0111,21.106
COLM,2006-03-08,20.9745,21.3245,20.9745,21.0883
COLM,2006-03-09,20.9655,21.3008,20.9359,21.2227
COLM,2006-03-10,21.2276,21.7625,21.102,21.7585
COLM,2006-03-13,21.6617,22.1739,21.6617,21.987
COLM,2006-03-14,21.9247,22.3272,21.9247,22.2945
COLM,2006-03-15,22.2471,22.6395,22.2114,22.5604
COLM,2006-03-16,22.6782,22.9115,22.4794,22.4833
COLM,2006-03-17,22.5971,22.604,22.1492,22.5604
COLM,2006-03-20,22.5743,22.6525,22.3539,22.4863
COLM,2006-03-21,22.513,22.8649,22.2084,22.782
COLM,2006-03-22,22.6554,23.3584,22.6554,22.9965
COLM,2006-03-23,22.9086,23.2209,22.7553,22.778
COLM,2006-03-24,22.8649,22.8838,22.6,22.6395
COLM,2006-03-27,22.7108,22.7196,22.6118,22.6485
COLM,2006-03-28,22.7513,22.7918,22.4744,22.5407
COLM,2006-03-29,22.6238,22.6238,22.163,22.2214
COLM,2006-03-30,22.1422,22.9115,22.1422,22.6168
COLM,2006-03-31,22.687,22.687,22.4112,22.4863
COLM,2006-04-03,22.5407,23.2506,22.5407,22.7868
COLM,2006-04-04,22.7286,22.773,22.3083,22.3449
COLM,2006-04-05,22.2214,22.425,21.984,22.3399
COLM,2006-04-06,22.2292,22.6584,22.2292,22.5001
COLM,2006-04-07,22.5516,22.8087,22.43,22.5051
COLM,2006-04-10,22.5694,22.7513,22.3389,22.3766
COLM,2006-04-11,23.2655,24.0327,23.2606,23.8647
COLM,2006-04-12,23.6155,24.0249,23.6155,23.7707
COLM,2006-04-13,23.7826,23.834,23.5798,23.6352
COLM,2006-04-17,23.5255,23.7282,23.3722,23.4039
COLM,2006-04-18,23.3901,23.6442,23.3634,23.4869
COLM,2006-04-19,23.4721,23.6352,23.4246,23.6036
COLM,2006-04-20,23.6748,24.0693,23.5304,24.0555
COLM,2006-04-21,24.0466,24.3096,23.9922,24.1662
COLM,2006-04-24,23.9061,24.1306,23.8478,23.9498
COLM,2006-04-25,24.0693,24.0733,23.3683,23.5482
COLM,2006-04-26,23.5344,23.748,23.301,23.5661
COLM,2006-04-27,23.4335,23.6748,23.0321,23.1982
COLM,2006-04-28,21.0833,22.1323,21.0833,21.457
COLM,2006-05-01,21.5272,21.5866,20.9181,20.9616
COLM,2006-05-02,20.9745,21.2662,20.7767,21.2197
COLM,2006-05-03,21.1248,21.3561,21.0259,21.1871
COLM,2006-05-04,21.1871,21.2474,21.0833,21.2069
COLM,2006-05-05,21.2613,21.5529,21.2523,21.3928
COLM,2006-05-08,21.3384,21.5836,21.3384,21.4412
COLM,2006-05-09,21.4619,21.5489,21.4283,21.4768
COLM,2006-05-10,21.5045,21.543,21.4016,21.5045
COLM,2006-05-11,21.5045,21.5569,21.1287,21.3186
COLM,2006-05-12,21.2523,21.2523,20.932,20.932
COLM,2006-05-15,20.9082,21.0803,20.7679,21.0072
COLM,2006-05-16,21.1841,21.2474,20.7116,20.7323
COLM,2006-05-17,20.7154,20.9231,20.4564,20.762
COLM,2006-05-18,20.8578,21.2613,20.8578,21.0506
COLM,2006-05-19,21.0556,21.2968,20.5641,21.0072
COLM,2006-05-22,21.0072,21.0713,20.307,20.8747
COLM,2006-05-23,20.8815,21.0259,20.5434,20.7243
COLM,2006-05-24,20.747,21.0417,20.3754,20.7323
COLM,2006-05-25,20.7718,20.932,20.6077,20.7807
COLM,2006-05-26,20.8173,20.9181,20.6442,20.7985
COLM,2006-05-30,20.666,20.755,20.0501,20.225
COLM,2006-05-31,20.23,20.2696,19.5111,19.957
COLM,2006-06-01,19.957,20.2794,19.7346,20.2092
COLM,2006-06-02,20.2399,20.2913,19.8968,20.0965
COLM,2006-06-05,20.0826,20.3624,19.792,19.792
COLM,2006-06-06,19.8315,19.8918,19.7553,19.8008
COLM,2006-06-07,19.7643,20.0254,19.7019,19.782
COLM,2006-06-08,19.7019,19.8582,19.4479,19.7208
COLM,2006-06-09,19.787,19.9472,19.6644,19.7119
COLM,2006-06-12,19.5734,19.6595,19.2264,19.2264
COLM,2006-06-13,19.3846,19.4479,19.0948,19.1483
COLM,2006-06-14,19.2076,19.439,19.1324,19.263
COLM,2006-06-15,19.3352,19.528,19.3252,19.3973
COLM,2006-06-16,19.3973,19.4746,19.2491,19.2768
COLM,2006-06-19,19.2985,19.3973,18.9367,19.0109
COLM,2006-06-20,18.9891,19.2363,18.9367,19.09
COLM,2006-06-21,19.0691,19.2165,19.0474,19.1324
COLM,2006-06-22,19.1324,19.2768,19.0286,19.1532
COLM,2006-06-23,19.1908,19.2441,19.1137,19.1572
COLM,2006-06-26,19.1364,19.3292,19.1364,19.1868
COLM,2006-06-27,19.2304,19.2581,18.9782,18.9891
COLM,2006-06-28,19.0514,19.1908,18.9416,18.9584
COLM,2006-06-29,19.0514,19.5348,18.9268,19.523
COLM,2006-06-30,19.5111,19.7593,19.086,19.086
COLM,2006-07-03,19.1483,19.439,19.1483,19.2076
COLM,2006-07-05,19.1038,19.2363,18.9812,19.0948
COLM,2006-07-06,19.1769,19.2936,19.0643,19.169
COLM,2006-07-07,19.1769,19.2304,18.9367,18.993
COLM,2006-07-10,19.1285,19.2491,18.909,18.909
COLM,2006-07-11,18.8813,18.9367,18.56,18.8349
COLM,2006-07-12,18.8951,19.0386,18.6994,18.7607
COLM,2006-07-13,18.7528,18.8299,18.4956,18.5223
COLM,2006-07-14,18.5353,18.7607,18.3326,18.5096
COLM,2006-07-17,18.4809,18.5966,18.3592,18.4769
COLM,2006-07-18,18.4729,18.8299,18.0706,18.3869
COLM,2006-07-19,18.3424,19.1483,18.3424,18.8813
COLM,2006-07-20,18.8349,18.8349,18.4432,18.4809
COLM,2006-07-21,18.4235,18.5639,18.0735,18.5223
COLM,2006-07-24,18.6994,19.3115,18.6904,19.1809
COLM,2006-07-25,19.0424,19.9175,19.0424,19.8582
COLM,2006-07-26,19.6812,19.7168,19.1809,19.5734
COLM,2006-07-27,19.6812,19.8582,19.0998,19.1611
COLM,2006-07-28,19.787,21.2919,19.7119,20.84
COLM,2006-07-31,20.4525,20.9845,20.3754,20.9655
COLM,2006-08-01,20.5484,20.5484,19.9036,20.0738
COLM,2006-08-02,20.0371,20.5266,19.9877,20.3901
COLM,2006-08-03,20.319,21.3334,20.1656,21.106
COLM,2006-08-04,21.1367,21.4768,20.8578,21.0971
COLM,2006-08-07,21.111,21.111,20.5236,20.9359
COLM,2006-08-08,20.9271,21.0506,20.484,20.5741
COLM,2006-08-09,20.666,20.7016,20.0875,20.1568
COLM,2006-08-10,20.0875,20.6363,19.9343,20.4297
COLM,2006-08-11,20.5354,20.758,20.2477,20.5898
COLM,2006-08-14,20.7154,20.8223,20.2181,20.3447
COLM,2006-08-15,20.5187,21.1554,20.4752,21.0359
COLM,2006-08-16,21.1198,21.5045,20.8538,21.5005
COLM,2006-08-17,21.4362,21.543,21.3186,21.3888
COLM,2006-08-18,21.4214,21.4412,20.9972,21.2158
COLM,2006-08-21,20.9616,20.9972,20.1885,20.3754
COLM,2006-08-22,20.3624,20.5988,20.0331,20.2883
COLM,2006-08-23,20.2656,20.4425,19.8177,20.0164
COLM,2006-08-24,20.0164,20.0678,19.6733,19.7465
COLM,2006-08-25,19.7553,20.0678,19.6733,19.8503
COLM,2006-08-28,19.7959,20.2883,19.7346,20.1479
COLM,2006-08-29,20.1152,20.7985,20.1112,20.6829
COLM,2006-08-30,20.7323,20.9745,20.2962,20.6106
COLM,2006-08-31,20.666,20.7016,20.407,20.5859
COLM,2006-09-01,20.6522,20.8974,20.6305,20.8578
COLM,2006-09-05,20.6572,21.102,20.5641,21.0883
COLM,2006-09-06,20.8904,20.9655,20.6829,20.7679
COLM,2006-09-07,20.7203,21.0803,20.4465,20.758
COLM,2006-09-08,20.8351,21.0456,20.6106,20.9795
COLM,2006-09-11,20.8747,21.5993,20.7679,21.5717
COLM,2006-09-12,21.5222,22.3766,21.5222,22.251
COLM,2006-09-13,22.2253,22.2628,21.9603,22.1373
COLM,2006-09-14,22.0314,22.2214,21.7842,22.1096
COLM,2006-09-15,22.2718,22.8422,22.0354,22.6821
COLM,2006-09-18,22.6395,22.8165,22.425,22.773
COLM,2006-09-19,22.7553,22.7553,22.1907,22.7058
COLM,2006-09-20,22.773,23.3494,22.7513,22.9837
COLM,2006-09-21,22.9837,23.1072,22.3539,22.5971
COLM,2006-09-22,22.6238,22.8165,22.2678,22.8165
COLM,2006-09-25,22.8512,23.2349,22.6919,23.2209
COLM,2006-09-26,23.1606,23.3771,22.949,23.0855
COLM,2006-09-27,23.0638,23.8211,23.0638,23.7519
COLM,2006-09-28,23.6392,24.0604,23.5482,23.9358
COLM,2006-09-29,23.9011,23.9268,23.5404,23.5404
COLM,2006-10-02,23.4415,23.8211,23.1528,23.5255
COLM,2006-10-03,22.2471,22.8382,21.9692,22.251
COLM,2006-10-04,22.1817,22.6168,21.9208,22.5694
COLM,2006-10-05,22.5229,22.9777,22.4695,22.952
COLM,2006-10-06,22.944,23.4039,22.7286,23.1932
COLM,2006-10-09,23.1122,23.2426,22.778,23.2012
COLM,2006-10-10,23.1685,23.3317,23.0183,23.1211
COLM,2006-10-11,23.0104,23.2209,22.8571,23.1389
COLM,2006-10-12,23.1932,23.5205,23.0183,23.5166
COLM,2006-10-13,23.4503,23.6976,23.4365,23.5522
COLM,2006-10-16,23.5976,23.6619,23.3277,23.5976
COLM,2006-10-17,23.4068,23.4415,23.0361,23.3188
COLM,2006-10-18,23.3821,23.4365,23.1251,23.3188
COLM,2006-10-19,23.3227,23.4068,23.2012,23.4068
COLM,2006-10-20,23.4128,23.4128,23.0548,23.2566
COLM,2006-10-23,23.212,23.6392,23.1646,23.6036
COLM,2006-10-24,23.475,23.9498,23.3317,23.6748
COLM,2006-10-25,23.7074,23.9221,23.4602,23.7905
COLM,2006-10-26,23.745,24.277,23.6709,24.0288
COLM,2006-10-27,24.4757,24.6606,23.7806,24.0901
COLM,2006-10-30,24.0327,24.1425,23.7519,24.004
COLM,2006-10-31,23.8063,24.0249,23.4464,23.5443
COLM,2006-11-01,23.4939,23.6075,23.0004,23.046
COLM,2006-11-02,22.9243,23.1438,22.6395,22.962
COLM,2006-11-03,23.0498,23.2655,22.773,22.949
COLM,2006-11-06,23.0261,23.5117,23.0104,23.4415
COLM,2006-11-07,23.4939,23.9408,23.4721,23.5117
COLM,2006-11-08,23.3634,23.7025,23.2566,23.6075
COLM,2006-11-09,23.6659,23.6847,23.1251,23.306
COLM,2006-11-10,23.2466,23.6125,23.1251,23.5888
COLM,2006-11-13,23.5759,23.825,23.3771,23.6036
COLM,2006-11-14,23.6253,24.1563,23.2466,24.1207
COLM,2006-11-15,23.9615,24.627,23.9615,24.45
COLM,2006-11-16,24.4598,24.5549,24.2176,24.361
COLM,2006-11-17,24.8781,25.3715,24.6951,24.8603
COLM,2006-11-20,24.802,25.4367,24.7614,25.2449
COLM,2006-11-21,25.2745,25.6503,25.1629,25.499
COLM,2006-11-22,25.6632,25.8787,25.499,25.7324
COLM,2006-11-24,25.499,25.7473,25.3785,25.5317
COLM,2006-11-27,25.4634,25.499,24.8969,24.9384
COLM,2006-11-28,24.8969,24.9384,24.6437,24.8425
COLM,2006-11-29,24.8781,25.1777,24.7971,24.9543
COLM,2006-11-30,24.9423,25.0175,24.6794,24.8158
COLM,2006-12-01,24.8425,25.2231,24.5034,24.8336
COLM,2006-12-04,24.8158,25.1629,24.8158,25.159
COLM,2006-12-05,25.2835,25.2835,24.9325,24.9958
COLM,2006-12-06,24.9384,25.9183,24.8781,25.856
COLM,2006-12-07,25.9578,26.3771,25.6503,25.765
COLM,2006-12-08,25.6445,25.6968,25.3536,25.4536
COLM,2006-12-11,25.4496,25.6276,25.2785,25.51
COLM,2006-12-12,25.5484,25.5851,25.0759,25.2578
COLM,2006-12-13,25.3379,25.4941,25.1323,25.2311
COLM,2006-12-14,25.3112,25.5731,25.1065,25.4229
COLM,2006-12-15,25.4803,25.5217,24.7565,24.7565
COLM,2006-12-18,24.8692,24.8919,24.1514,24.1949
COLM,2006-12-19,24.1909,24.3382,23.8834,24.0288
COLM,2006-12-20,23.9745,24.0327,23.7609,23.9745
COLM,2006-12-21,23.9745,24.4243,23.3871,23.4503
COLM,2006-12-22,23.8063,23.9318,23.3584,23.7993
COLM,2006-12-26,23.7114,23.9872,23.7114,23.83
COLM,2006-12-27,23.8211,24.1257,23.7203,24.0199
COLM,2006-12-28,23.8924,23.9318,23.5561,23.7806
COLM,2006-12-29,23.6976,23.748,23.3584,23.4869
COLM,2007-01-03,23.5661,24.0327,23.4869,23.8439
COLM,2007-01-04,23.7153,24.1168,23.5522,24.0643
COLM,2007-01-05,23.9922,23.9922,23.4335,23.6797
COLM,2007-01-08,23.6797,23.7025,23.3188,23.5117
COLM,2007-01-09,23.5838,23.5838,22.8868,23.2349
COLM,2007-01-10,23.1558,23.3277,22.9363,23.0638
COLM,2007-01-11,23.0727,23.3989,23.04,23.31
COLM,2007-01-12,23.9615,24.5272,23.834,24.4194
COLM,2007-01-16,24.45,24.9543,24.4194,24.8732
COLM,2007-01-17,24.8118,25.0759,24.7704,24.9048
COLM,2007-01-18,24.9276,25.0402,24.4995,24.5696
COLM,2007-01-19,24.4955,24.7753,24.1563,24.6397
COLM,2007-01-22,24.614,24.7318,24.186,24.5034
COLM,2007-01-23,24.4104,24.7525,24.3056,24.6359
COLM,2007-01-24,24.6626,24.9365,24.5696,24.8969
COLM,2007-01-25,24.8475,25.0452,24.2216,24.6359
COLM,2007-01-26,26.1358,26.7222,25.7106,26.4918
COLM,2007-01-29,26.0221,27.1513,25.9954,26.9664
COLM,2007-01-30,26.5995,27.1592,26.4097,27.1048
COLM,2007-01-31,26.9585,27.3856,26.8397,27.3392
COLM,2007-02-01,27.3085,27.697,27.2442,27.6249
COLM,2007-02-02,27.3797,27.5813,27.2581,27.4153
COLM,2007-02-05,27.3134,27.8572,27.2086,27.6249
COLM,2007-02-06,27.606,27.7702,27.2175,27.4855
COLM,2007-02-07,27.5507,27.5626,27.2057,27.5586
COLM,2007-02-08,27.6012,28.1548,27.5626,28.147
COLM,2007-02-09,28.134,28.1598,27.357,27.4123
COLM,2007-02-12,27.2116,27.4716,26.8804,27.4371
COLM,2007-02-13,27.5883,27.7109,27.4371,27.5813
COLM,2007-02-14,27.616,27.8405,27.3035,27.5201
COLM,2007-02-15,27.4815,27.5586,27.2778,27.4815
COLM,2007-02-16,27.5162,27.5813,27.1632,27.5686
COLM,2007-02-20,27.4915,27.9868,27.4588,27.8138
COLM,2007-02-21,27.7524,28.0392,27.3757,27.5249
COLM,2007-02-22,27.4084,27.8167,27.0781,27.2264
COLM,2007-02-23,27.2729,27.5933,26.9852,27.442
COLM,2007-02-26,27.4458,27.5765,27.1542,27.2946
COLM,2007-02-27,27.0138,27.0642,26.3583,26.3583
COLM,2007-02-28,26.466,26.9169,25.9796,26.8043
COLM,2007-03-01,26.4255,27.0642,26.1625,26.7943
COLM,2007-03-02,26.6737,26.818,26.2021,26.2189
COLM,2007-03-05,25.9796,26.3534,25.6128,25.6128
COLM,2007-03-06,25.7106,26.293,25.68,26.0676
COLM,2007-03-07,26.0419,26.3494,25.9143,26.0834
COLM,2007-03-08,26.289,26.6282,26.2792,26.4561
COLM,2007-03-09,26.6233,26.7479,26.4255,26.6233
COLM,2007-03-12,26.6618,26.7646,26.3632,26.3959
COLM,2007-03-13,26.1625,26.1754,25.7057,25.7196
COLM,2007-03-14,25.7244,26.0419,25.5831,25.9311
COLM,2007-03-15,25.8175,26.298,25.7571,26.2516
COLM,2007-03-16,26.2466,26.3068,25.8036,25.852
COLM,2007-03-19,26.0458,26.3405,26.027,26.1358
COLM,2007-03-20,26.1832,26.4789,26.1249,26.3711
COLM,2007-03-21,26.3534,26.6361,26.0419,26.6361
COLM,2007-03-22,26.4413,26.6826,26.3068,26.6045
COLM,2007-03-23,26.298,26.298,25.6939,25.856
COLM,2007-03-26,25.8916,26.2466,25.5317,26.2287
COLM,2007-03-27,26.0914,26.2089,25.8787,25.9143
COLM,2007-03-28,25.8916,25.9311,25.3329,25.4536
COLM,2007-03-29,25.5524,25.6276,25.1925,25.5396
COLM,2007-03-30,25.5999,26.5442,25.5693,26.2743
COLM,2007-04-02,26.4334,26.6875,26.3365,26.5718
COLM,2007-04-03,26.6134,27.1166,26.4918,26.9031
COLM,2007-04-04,26.7666,27.1513,26.6965,27.0415
COLM,2007-04-05,27.0069,27.0286,26.7873,26.835
COLM,2007-04-09,26.835,27.1384,26.8043,26.9664
COLM,2007-04-10,26.7873,27.0692,26.7271,26.9802
COLM,2007-04-11,27.0415,27.1473,26.7873,26.9624
COLM,2007-04-12,26.8397,27.4271,26.7222,27.3896
COLM,2007-04-13,27.5112,27.5112,27.1206,27.4084
COLM,2007-04-16,27.4588,27.8572,27.4271,27.8305
COLM,2007-04-17,27.8138,27.8138,27.4558,27.611
COLM,2007-04-18,27.5279,27.6931,27.2778,27.5062
COLM,2007-04-19,27.2699,27.4498,27.2175,27.2314
COLM,2007-04-20,27.5162,27.5369,27.0909,27.1542
COLM,2007-04-23,27.0553,27.6842,27.0415,27.5369
COLM,2007-04-24,27.5933,27.5933,26.5175,26.6322
COLM,2007-04-25,26.7271,27.2057,26.6925,27.1295
COLM,2007-04-26,27.0366,27.4331,26.6411,27.2699
COLM,2007-04-27,27.0286,27.8305,26.0715,26.9338
COLM,2007-04-30,26.9169,27.2086,26.3771,26.3959
COLM,2007-05-01,26.3771,26.4453,25.8293,26.3583
COLM,2007-05-02,26.3207,27.2116,26.2792,26.9515
COLM,2007-05-03,26.9852,27.1542,26.6233,27.0227
COLM,2007-05-04,27.0138,27.1166,26.8854,27.1166
COLM,2007-05-07,27.1206,27.2699,26.9802,27.0999
COLM,2007-05-08,27.0069,27.2086,26.7132,27.1542
COLM,2007-05-09,27.174,27.5765,27.0366,27.3896
COLM,2007-05-10,27.2581,27.4815,27.1127,27.2907
COLM,2007-05-11,27.1542,27.4677,27.1078,27.2828
COLM,2007-05-14,27.174,27.2403,26.9081,26.9852
COLM,2007-05-15,26.9258,27.4588,26.7834,26.8397
COLM,2007-05-16,26.9802,27.179,26.9258,27.179
COLM,2007-05-17,27.179,27.4123,26.9535,27.3797
COLM,2007-05-18,27.3797,27.7653,27.0553,27.6793
COLM,2007-05-21,27.5933,28.1044,27.5933,27.9967
COLM,2007-05-22,27.8919,28.5514,27.8879,28.2874
COLM,2007-05-23,28.3892,28.6097,28.139,28.2656
COLM,2007-05-24,28.2122,28.4239,27.9768,28.0609
COLM,2007-05-25,28.0194,28.2874,28.0194,28.1944
COLM,2007-05-29,28.2923,28.673,28.1994,28.4683
COLM,2007-05-30,28.3428,29.1605,28.2874,29.1248
COLM,2007-05-31,29.0774,29.5322,29.0684,29.3987
COLM,2007-06-01,29.462,29.9118,29.285,29.6785
COLM,2007-06-04,29.6341,29.7449,29.3344,29.643
COLM,2007-06-05,29.4432,29.4936,29.014,29.2029
COLM,2007-06-06,28.9726,28.9726,28.4633,28.8638
COLM,2007-06-07,28.6759,28.8589,28.1737,28.1737
COLM,2007-06-08,28.2834,28.7571,28.2617,28.5454
COLM,2007-06-11,28.4199,28.5602,28.2527,28.3615
COLM,2007-06-12,28.2241,28.3982,27.8997,27.9768
COLM,2007-06-13,28.0273,28.4059,27.9037,28.3002
COLM,2007-06-14,28.2695,28.6482,28.2695,28.3932
COLM,2007-06-15,28.7254,29.0477,28.6324,28.9033
COLM,2007-06-18,28.9469,29.1198,28.7125,28.9379
COLM,2007-06-19,28.7758,29.0864,28.5771,29.0557
COLM,2007-06-20,29.0921,29.0921,28.6482,28.6819
COLM,2007-06-21,28.5869,28.8153,28.3229,28.7412
COLM,2007-06-22,28.5731,28.8193,28.319,28.5197
COLM,2007-06-25,28.5454,28.8489,28.2784,28.497
COLM,2007-06-26,28.497,28.673,28.2527,28.4713
COLM,2007-06-27,28.3328,29.0477,28.143,28.9983
COLM,2007-06-28,29.0864,29.288,28.8994,29.031
COLM,2007-06-29,29.0507,29.466,28.7164,28.9607
COLM,2007-07-02,29.0557,29.5105,29.0557,29.2336
COLM,2007-07-03,29.2286,29.3473,28.9903,29.0052
COLM,2007-07-05,29.0507,29.3394,28.7758,29.288
COLM,2007-07-06,29.3562,29.543,29.2246,29.3829
COLM,2007-07-09,29.378,29.4066,29.0023,29.2386
COLM,2007-07-10,28.9775,29.0824,28.484,28.502
COLM,2007-07-11,28.497,28.7788,28.3655,28.7036
COLM,2007-07-12,28.8065,29.5105,28.7501,29.3562
COLM,2007-07-13,29.285,29.4432,29.0387,29.378
COLM,2007-07-16,29.3473,29.5372,28.9646,29.0052
COLM,2007-07-17,29.014,29.4798,29.014,29.1565
COLM,2007-07-18,28.933,28.9469,28.4683,28.8242
COLM,2007-07-19,28.9646,29.1605,28.5869,29.014
COLM,2007-07-20,28.9508,29.1101,28.4496,28.7619
COLM,2007-07-23,28.8153,29.3433,28.6819,29.0634
COLM,2007-07-24,28.7619,29.1011,28.3695,28.5107
COLM,2007-07-25,28.6146,28.846,28.2527,28.6759
COLM,2007-07-26,28.4496,28.5958,27.5319,27.875
COLM,2007-07-27,27.875,27.875,26.5718,26.9515
COLM,2007-07-30,26.9377,27.1423,26.4413,26.7746
COLM,2007-07-31,26.9169,27.0455,26.4048,26.4364
COLM,2007-08-01,26.4136,26.6134,25.8609,26.5718
COLM,2007-08-02,26.6282,27.1632,26.1478,27.0781
COLM,2007-08-03,27.1166,27.1166,25.499,25.5317
COLM,2007-08-06,25.502,25.8293,24.8118,25.2785
COLM,2007-08-07,25.155,25.8956,24.8652,25.5217
COLM,2007-08-08,25.6078,25.7473,25.2745,25.7017
COLM,2007-08-09,25.5267,25.5267,24.5272,25.3586
COLM,2007-08-10,25.1105,26.0498,24.6674,25.8332
COLM,2007-08-13,26.4967,26.5619,25.5564,25.6503
COLM,2007-08-14,25.6276,25.7443,24.9582,24.9958
COLM,2007-08-15,25.0581,25.1193,24.0366,24.0366
COLM,2007-08-16,23.9358,24.6606,23.3367,24.5666
COLM,2007-08-17,25.3498,25.3498,23.8439,24.2858
COLM,2007-08-20,24.3432,25.3785,24.3254,24.9869
COLM,2007-08-21,24.8781,25.0274,24.5419,24.7525
COLM,2007-08-22,25.0798,25.4496,24.8919,25.2054
COLM,2007-08-23,25.3755,25.6078,24.712,24.8297
COLM,2007-08-24,24.8118,25.2745,24.7446,24.9918
COLM,2007-08-27,24.8603,24.8652,23.9645,24.5132
COLM,2007-08-28,24.3007,24.3007,23.8478,23.8707
COLM,2007-08-29,23.9645,24.6991,23.7876,24.6991
COLM,2007-08-30,24.5616,24.7614,24.45,24.6834
COLM,2007-08-31,25.0096,25.2707,24.5826,25.2658
COLM,2007-09-04,25.3823,25.8462,24.8781,25.8135
COLM,2007-09-05,25.5999,25.6632,24.9098,24.969
COLM,2007-09-06,25.0175,25.1223,24.1385,24.5963
COLM,2007-09-07,24.4995,24.6397,23.7993,23.8707
COLM,2007-09-10,23.8834,24.1207,23.1468,23.5838
COLM,2007-09-11,23.6797,24.0012,23.5166,23.9111
COLM,2007-09-12,23.8647,24.0506,23.5838,23.6491
COLM,2007-09-13,23.7905,24.3956,23.3683,24.1662
COLM,2007-09-14,23.9822,24.0822,23.8023,23.834
COLM,2007-09-17,23.7569,23.8557,23.4068,23.748
COLM,2007-09-18,23.7905,24.4272,23.479,24.2543
COLM,2007-09-19,24.4005,25.0402,24.2543,24.7565
COLM,2007-09-20,24.6873,24.9365,24.0643,24.1909
COLM,2007-09-21,24.3877,24.3956,23.8211,23.9201
COLM,2007-09-24,23.8784,23.9458,23.571,23.8834
COLM,2007-09-25,23.6847,23.8745,23.4602,23.8439
COLM,2007-09-26,23.9565,24.0693,23.1932,23.6946
COLM,2007-09-27,23.838,23.838,23.3317,23.483
COLM,2007-09-28,23.4335,23.6125,23.2922,23.3227
COLM,2007-10-01,23.2655,24.1563,23.2309,23.9408
COLM,2007-10-02,23.9822,24.0199,23.3634,23.571
COLM,2007-10-03,23.483,23.5166,22.3865,22.509
COLM,2007-10-04,22.5516,22.6297,21.978,22.4794
COLM,2007-10-05,22.5476,23.1211,22.4339,22.7414
COLM,2007-10-08,22.7681,22.9965,22.5921,22.6682
COLM,2007-10-09,22.7019,22.7286,22.0829,22.1699
COLM,2007-10-10,22.1096,22.1817,21.811,21.8426
COLM,2007-10-11,22.0918,22.0918,21.2968,21.4531
COLM,2007-10-12,21.4481,21.7784,21.3759,21.5954
COLM,2007-10-15,21.5272,21.9296,21.1871,21.725
COLM,2007-10-16,21.626,21.8634,21.3424,21.6884
COLM,2007-10-17,21.8594,22.0226,21.3601,21.5717
COLM,2007-10-18,21.3671,21.8772,21.3384,21.6143
COLM,2007-10-19,21.5866,21.6647,20.9795,21.115
COLM,2007-10-22,21.0556,21.5619,20.492,21.4115
COLM,2007-10-23,21.6647,21.6647,21.287,21.3759
COLM,2007-10-24,21.1287,21.6735,20.8677,21.626
COLM,2007-10-25,21.4452,22.1185,21.3186,21.6053
COLM,2007-10-26,20.4564,21.5045,19.9877,20.3021
COLM,2007-10-29,20.4525,20.6927,19.7296,20.0194
COLM,2007-10-30,19.8275,20.6028,19.8275,20.4297
COLM,2007-10-31,20.6077,20.8815,20.2744,20.5553
COLM,2007-11-01,20.2438,20.3397,19.4834,19.5932
COLM,2007-11-02,19.7682,19.9343,19.2264,19.6189
COLM,2007-11-05,19.3816,19.6061,18.993,19.43
COLM,2007-11-06,19.5517,19.792,18.8645,19.7386
COLM,2007-11-07,19.5348,19.6328,18.8092,18.8516
COLM,2007-11-08,19.0247,19.7168,18.5837,19.6505
COLM,2007-11-09,19.4212,20.5019,19.0197,20.3981
COLM,2007-11-12,20.484,20.5988,19.875,20.4248
COLM,2007-11-13,20.6966,21.5836,20.5898,21.4115
COLM,2007-11-14,21.5529,22.3399,21.5529,21.811
COLM,2007-11-15,21.4818,21.5391,20.6285,20.845
COLM,2007-11-16,20.8974,20.8974,19.6545,20.2132
COLM,2007-11-19,20.0738,20.1301,19.3766,19.6407
COLM,2007-11-20,19.7386,20.2003,19.5418,20.0965
COLM,2007-11-21,20.0164,20.0501,19.4527,19.4784
COLM,2007-11-23,19.6733,20.2982,19.4607,20.2181
COLM,2007-11-26,20.2062,20.5137,20.0164,20.0965
COLM,2007-11-27,20.0915,20.1746,19.4647,20.0064
COLM,2007-11-28,20.2744,20.6235,19.8008,20.5266
COLM,2007-11-29,20.4802,20.6572,19.8701,20.4564
COLM,2007-11-30,20.751,21.2474,20.1054,20.2438
COLM,2007-12-03,20.2092,20.4752,19.8879,19.966
COLM,2007-12-04,19.7346,19.7781,19.1947,19.3896
COLM,2007-12-05,19.7208,19.8414,19.4973,19.7643
COLM,2007-12-06,19.6505,20.22,19.5833,20.1963
COLM,2007-12-07,20.2913,20.403,19.8275,20.1379
COLM,2007-12-10,20.1885,20.3397,19.787,20.2339
COLM,2007-12-11,20.2616,20.5107,19.4043,19.4527
COLM,2007-12-12,19.9967,20.0588,19.1809,19.3716
COLM,2007-12-13,19.2392,19.2581,18.8092,19.1908
COLM,2007-12-14,18.9782,19.1947,18.7093,18.8516
COLM,2007-12-17,18.6954,18.7865,18.3424,18.3651
COLM,2007-12-18,18.556,18.9634,18.3326,18.8606
COLM,2007-12-19,18.8546,19.2125,18.5135,19.0603
COLM,2007-12-20,19.2363,19.2363,18.6904,19.1206
COLM,2007-12-21,19.4212,19.787,19.2491,19.6288
COLM,2007-12-24,19.7168,19.8671,19.3816,19.6545
COLM,2007-12-26,19.4924,19.4924,18.909,19.169
COLM,2007-12-27,19.0603,19.2581,18.5639,18.5797
COLM,2007-12-28,18.8092,19.1364,18.7388,18.8951
COLM,2007-12-31,18.7685,18.9683,18.5876,18.5876
COLM,2008-01-02,18.556,18.8389,18.2603,18.4235
COLM,2008-01-03,18.4235,18.556,17.7837,17.8599
COLM,2008-01-04,17.7225,17.8144,16.8662,17.0106
COLM,2008-01-07,17.0838,17.4941,17.0145,17.1984
COLM,2008-01-08,17.2222,17.3378,16.5676,16.6102
COLM,2008-01-09,16.5608,16.6497,15.558,16.0535
COLM,2008-01-10,15.8586,17.3329,15.659,17.0985
COLM,2008-01-11,16.9315,16.9315,16.1681,16.2176
COLM,2008-01-14,16.2947,16.2947,15.8122,16.1771
COLM,2008-01-15,15.8586,16.0356,14.767,15.0973
COLM,2008-01-16,15.0884,16.0119,14.9766,15.8546
COLM,2008-01-17,15.8488,15.9071,15.5186,15.6867
COLM,2008-01-18,15.7034,15.9991,15.0657,15.22
COLM,2008-01-22,14.6109,16.0079,14.6109,15.8586
COLM,2008-01-23,15.5156,17.758,15.475,17.7056
COLM,2008-01-24,17.7353,17.855,16.8,17.0748
COLM,2008-01-25,17.4288,17.4466,16.6635,16.6685
COLM,2008-01-28,16.3066,17.3329,16.0535,17.2557
COLM,2008-01-29,17.3329,17.6602,16.8039,17.6028
COLM,2008-01-30,16.2325,18.2001,16.2325,17.5781
COLM,2008-01-31,17.239,18.646,17.0748,18.4096
COLM,2008-02-01,16.3125,18.0172,16.1296,17.3052
COLM,2008-02-04,17.2914,17.8648,17.1155,17.4595
COLM,2008-02-05,17.0521,17.4862,16.9868,17.1155
COLM,2008-02-06,17.324,17.758,16.97,17.2113
COLM,2008-02-07,17.1509,17.8381,17.0698,17.5396
COLM,2008-02-08,17.4694,17.7086,17.1856,17.3448
COLM,2008-02-11,17.4199,17.5741,16.882,17.4772
COLM,2008-02-12,17.5257,18.0833,17.3418,18.0706
COLM,2008-02-13,18.2812,18.5353,18.0507,18.2089
COLM,2008-02-14,18.2168,18.4146,17.5781,17.8648
COLM,2008-02-15,17.7453,18.11,17.5356,18.0873
COLM,2008-02-19,18.0973,18.556,17.771,17.9044
COLM,2008-02-20,18.1052,18.2001,17.8065,18.0003
COLM,2008-02-21,18.0606,18.3424,17.8026,17.9519
COLM,2008-02-22,18.2208,18.4146,17.7977,18.4008
COLM,2008-02-25,18.4315,18.646,17.9558,18.5757
COLM,2008-02-26,18.4185,18.8734,18.2603,18.7725
COLM,2008-02-27,18.4769,18.9268,18.4472,18.6173
COLM,2008-02-28,18.5471,18.6816,18.1308,18.2475
COLM,2008-02-29,18.1308,18.2288,17.3922,17.4288
COLM,2008-03-03,17.4772,17.5692,17.1896,17.5178
COLM,2008-03-04,17.3101,18.2426,17.2954,18.0172
COLM,2008-03-05,18.1387,18.3147,17.771,17.9915
COLM,2008-03-06,17.9291,17.9291,17.2113,17.242
COLM,2008-03-07,17.0571,17.5129,16.9641,17.242
COLM,2008-03-10,17.3784,17.6602,17.2815,17.2954
COLM,2008-03-11,17.767,18.0042,17.4862,18.0003
COLM,2008-03-12,17.9825,18.7093,17.8312,18.3741
COLM,2008-03-13,18.2001,18.64,17.5208,18.5223
COLM,2008-03-14,18.556,18.556,17.5781,17.771
COLM,2008-03-17,17.3003,18.1556,17.3003,17.6929
COLM,2008-03-18,18.4552,18.4552,17.591,18.12
COLM,2008-03-19,18.29,18.8349,18.1526,18.1961
COLM,2008-03-20,18.3781,19.3202,18.12,18.8606
COLM,2008-03-24,18.9367,19.2392,18.7607,18.8516
COLM,2008-03-25,19.172,19.172,18.7131,18.8389
COLM,2008-03-26,18.9367,19.1483,18.6548,18.7636
COLM,2008-03-27,18.8269,19.1324,18.1387,18.1427
COLM,2008-03-28,18.1308,18.2168,17.6652,17.7313
COLM,2008-03-31,17.7313,18.7578,17.5,18.5639
COLM,2008-04-01,18.818,19.1206,18.8002,18.9812
COLM,2008-04-02,18.9317,19.8879,18.8349,19.5061
COLM,2008-04-03,19.3679,19.4527,19.1572,19.43
COLM,2008-04-04,19.5111,19.61,19.2936,19.4043
COLM,2008-04-07,18.4956,18.7161,18.2782,18.3918
COLM,2008-04-08,18.3187,18.4729,18.026,18.0784
COLM,2008-04-09,18.123,18.2505,17.2637,17.2954
COLM,2008-04-10,17.2815,18.1556,17.242,17.9885
COLM,2008-04-11,17.7798,18.0735,17.4694,17.5306
COLM,2008-04-14,17.4981,17.7798,17.2133,17.3971
COLM,2008-04-15,17.5485,17.6731,17.0431,17.2469
COLM,2008-04-16,17.4595,17.7146,17.3191,17.4545
COLM,2008-04-17,17.412,17.7225,16.9275,17.5435
COLM,2008-04-18,17.8351,18.2979,17.5524,18.1961
COLM,2008-04-21,18.123,18.5876,17.9242,18.3039
COLM,2008-04-22,18.1813,18.2812,17.4387,17.7887
COLM,2008-04-23,17.9429,18.11,17.5356,17.5781
COLM,2008-04-24,17.761,18.0784,17.4981,17.7492
COLM,2008-04-25,16.9097,18.5392,16.8662,18.0913
COLM,2008-04-28,17.7225,18.1467,17.7186,17.8124
COLM,2008-04-29,17.8124,18.0646,17.7225,17.9429
COLM,2008-04-30,18.0359,18.1308,17.6434,17.6929
COLM,2008-05-01,17.7186,18.3958,17.4981,17.767
COLM,2008-05-02,17.9202,18.0003,17.758,17.8421
COLM,2008-05-05,17.758,17.7977,17.4427,17.5129
COLM,2008-05-06,17.3834,17.761,17.1035,17.4021
COLM,2008-05-07,17.3834,17.6572,17.2557,17.2864
COLM,2008-05-08,17.3922,17.5079,17.1856,17.3616
COLM,2008-05-09,17.2173,17.6078,17.2173,17.3744
COLM,2008-05-12,17.3616,17.761,17.2864,17.6512
COLM,2008-05-13,17.6295,17.9084,17.5129,17.8194
COLM,2008-05-14,17.8244,18.29,17.8244,18.0873
COLM,2008-05-15,18.0606,18.2603,17.8837,18.1269
COLM,2008-05-16,18.1308,18.2702,17.8599,18.12
COLM,2008-05-19,18.1467,18.8853,18.114,18.5323
COLM,2008-05-20,18.7034,18.7636,18.2603,18.3514
COLM,2008-05-21,18.4275,18.6717,17.5306,17.9429
COLM,2008-05-22,17.8738,18.2168,17.767,17.8837
COLM,2008-05-23,17.761,17.9331,17.4595,17.6779
COLM,2008-05-27,17.6394,18.1556,17.6394,17.9291
COLM,2008-05-28,17.9648,18.3424,17.9598,18.2603
COLM,2008-05-29,18.2643,18.5966,18.2288,18.4809
COLM,2008-05-30,18.5392,18.5392,18.2168,18.4769
COLM,2008-06-02,18.4956,18.4996,17.7086,17.9736
COLM,2008-06-03,18.0873,18.0873,17.6968,17.7887
COLM,2008-06-04,17.755,17.9954,17.7016,17.7977
COLM,2008-06-05,17.8738,18.11,17.6829,17.9202
COLM,2008-06-06,17.7977,17.8312,17.5692,17.6028
COLM,2008-06-09,17.5998,17.6265,17.3003,17.3883
COLM,2008-06-10,17.3378,17.6731,17.2864,17.5564
COLM,2008-06-11,17.5,17.5079,17.235,17.2518
COLM,2008-06-12,17.3576,17.6394,17.0788,17.0868
COLM,2008-06-13,17.3378,17.3971,17.1065,17.2954
COLM,2008-06-16,17.3151,17.6652,16.9868,17.6078
COLM,2008-06-17,17.6078,17.6078,16.9908,17.0431
COLM,2008-06-18,16.887,17.4495,16.2829,16.5301
COLM,2008-06-19,16.5725,16.9908,16.4874,16.8583
COLM,2008-06-20,16.7258,16.7298,16.2265,16.4697
COLM,2008-06-23,16.6012,16.6012,16.0218,16.0317
COLM,2008-06-24,16.0446,16.2729,15.6491,16.0258
COLM,2008-06-25,16.1504,16.9364,16.099,16.5725
COLM,2008-06-26,16.3333,16.3333,15.7608,15.9654
COLM,2008-06-27,15.8943,16.0643,15.6154,15.7341
COLM,2008-06-30,15.8349,15.9427,15.4701,15.4969
COLM,2008-07-01,15.3613,16.0762,15.0706,15.6104
COLM,2008-07-02,15.475,15.8586,15.3484,15.4217
COLM,2008-07-03,15.6154,15.6154,15.041,15.132
COLM,2008-07-07,15.2575,15.4532,14.8412,15.0835
COLM,2008-07-08,15.1349,15.7905,14.8898,15.7865
COLM,2008-07-09,15.8399,15.8399,15.0499,15.0756
COLM,2008-07-10,15.0835,15.1784,14.5515,14.8057
COLM,2008-07-11,14.7048,14.8057,14.0433,14.4161
COLM,2008-07-14,14.594,14.8936,14.1906,14.2193
COLM,2008-07-15,14.1105,15.2061,13.9405,15.0578
COLM,2008-07-16,15.1596,15.9734,14.948,15.7726
COLM,2008-07-17,15.8082,16.3599,15.7291,16.2947
COLM,2008-07-18,16.2225,16.6012,15.921,16.2364
COLM,2008-07-21,16.1345,16.3333,15.9991,16.094
COLM,2008-07-22,15.7084,17.4466,15.6827,17.1679
COLM,2008-07-23,16.9572,17.9954,16.8464,17.5306
COLM,2008-07-24,17.4901,17.5306,16.6497,16.7881
COLM,2008-07-25,15.0291,16.6853,15.0291,15.4434
COLM,2008-07-28,15.2822,15.5541,14.9204,15.0449
COLM,2008-07-29,15.0538,15.9071,14.8234,15.6945
COLM,2008-07-30,15.926,16.2651,15.6827,15.918
COLM,2008-07-31,15.6867,16.1078,15.6668,15.7291
COLM,2008-08-01,15.7291,15.9704,15.39,15.8488
COLM,2008-08-04,16.1039,16.3125,15.6905,15.8122
COLM,2008-08-05,16.0613,17.0145,16.0613,16.5835
COLM,2008-08-06,16.8701,16.8701,16.2651,16.6062
COLM,2008-08-07,16.6774,16.6774,16.3026,16.355
COLM,2008-08-08,16.3243,17.3537,16.3243,17.0985
COLM,2008-08-11,17.1322,18.2208,17.1322,17.4021
COLM,2008-08-12,17.3191,17.6968,16.7347,16.9226
COLM,2008-08-13,16.8801,17.0621,16.1602,16.6141
COLM,2008-08-14,16.8583,17.3448,16.6329,17.0007
COLM,2008-08-15,17.5998,17.5998,16.706,17.0955
COLM,2008-08-18,17.0907,17.3784,16.9097,16.9493
COLM,2008-08-19,17.1776,17.1776,16.7832,17.1459
COLM,2008-08-20,17.4981,17.5,16.7752,16.9493
COLM,2008-08-21,16.8129,17.1459,16.8129,17.0344
COLM,2008-08-22,17.1776,17.4545,17.0748,17.23
COLM,2008-08-25,17.1816,17.1926,16.3777,16.7199
COLM,2008-08-26,16.7347,16.887,16.5755,16.6724
COLM,2008-08-27,16.6141,17.065,16.5874,16.9008
COLM,2008-08-28,16.6902,17.2173,16.6902,17.1816
COLM,2008-08-29,16.9908,17.2716,16.9908,17.0344
COLM,2008-09-02,17.4199,17.775,17.1105,17.3834
COLM,2008-09-03,17.3744,17.6691,17.3665,17.4981
COLM,2008-09-04,16.711,17.2716,16.711,17.0907
COLM,2008-09-05,16.9601,17.2716,16.8464,16.8919
COLM,2008-09-08,17.9172,17.9598,16.9967,17.4772
COLM,2008-09-09,17.7492,17.775,17.235,17.3418
COLM,2008-09-10,17.5623,17.8837,17.1679,17.4644
COLM,2008-09-11,17.7353,18.1002,17.2113,17.9291
COLM,2008-09-12,17.7274,18.1002,17.3576,17.6602
COLM,2008-09-15,17.1372,18.2208,17.1242,17.5257
COLM,2008-09-16,18.2386,18.556,16.9008,18.2603
COLM,2008-09-17,18.0784,18.6816,17.6779,17.775
COLM,2008-09-18,18.294,19.8622,18.2812,19.4973
COLM,2008-09-19,20.1262,20.8717,19.1285,19.8077
COLM,2008-09-22,19.8077,19.8077,18.3107,18.6133
COLM,2008-09-23,18.5876,19.0158,18.0973,18.4146
COLM,2008-09-24,18.1427,19.1414,17.4199,18.0913
COLM,2008-09-25,18.0507,18.7685,18.0507,18.467
COLM,2008-09-26,18.4729,18.9683,17.8965,18.3147
COLM,2008-09-29,18.382,18.4363,16.9601,17.4348
COLM,2008-09-30,17.3695,17.9291,17.0294,17.6929
COLM,2008-10-01,17.2914,17.5129,16.8039,17.242
COLM,2008-10-02,17.0748,17.1639,16.5103,16.8039
COLM,2008-10-03,16.97,17.9736,16.0079,16.0396
COLM,2008-10-06,15.7509,16.0396,14.8768,15.3712
COLM,2008-10-07,15.4217,16.1771,14.6563,14.6563
COLM,2008-10-08,14.4902,16.0169,14.4902,14.7146
COLM,2008-10-09,14.9015,15.3613,14.1599,14.235
COLM,2008-10-10,14.0127,15.1784,13.1494,15.0617
COLM,2008-10-13,15.8449,15.9862,14.9639,15.3386
COLM,2008-10-14,15.8686,15.8726,14.0908,14.3211
COLM,2008-10-15,16.1454,16.8623,13.4897,13.5124
COLM,2008-10-16,13.6013,14.5476,13.5489,14.3696
COLM,2008-10-17,13.9187,15.2822,13.6636,14.6237
COLM,2008-10-20,14.7176,15.0538,13.3086,13.8535
COLM,2008-10-21,13.5775,13.89,13.3532,13.3937
COLM,2008-10-22,13.2899,13.5489,12.7155,12.8914
COLM,2008-10-23,12.6957,13.4747,12.2378,13.0882
COLM,2008-10-24,12.2932,14.6821,11.8522,13.2188
COLM,2008-10-27,13.2998,14.7957,13.2998,13.7437
COLM,2008-10-28,14.338,16.4173,13.9405,15.7726
COLM,2008-10-29,15.8814,16.1544,15.1389,15.7202
COLM,2008-10-30,16.3866,16.5608,14.594,14.9559
COLM,2008-10-31,14.9519,16.5301,14.8234,15.5502
COLM,2008-11-03,15.4701,15.6628,14.8898,15.2476
COLM,2008-11-04,15.4484,15.8399,15.033,15.5541
COLM,2008-11-05,15.3484,15.5857,14.235,14.4942
COLM,2008-11-06,14.2687,15.041,14.1472,14.2056
COLM,2008-11-07,14.3558,14.597,14.1679,14.597
COLM,2008-11-10,14.9718,15.0291,13.89,14.0691
COLM,2008-11-11,13.9227,15.6371,13.9227,14.6563
COLM,2008-11-12,14.3953,14.603,14.0433,14.3211
COLM,2008-11-13,14.3864,15.9527,13.716,15.9527
COLM,2008-11-14,15.4484,15.9387,14.8641,15.1784
COLM,2008-11-17,15.0033,15.5897,14.594,15.0756
COLM,2008-11-18,15.1784,15.1784,13.9227,14.8808
COLM,2008-11-19,14.7097,15.2298,12.9844,13.1416
COLM,2008-11-20,13.0011,13.6963,12.3743,13.4234
COLM,2008-11-21,13.454,14.6821,12.4435,14.6821
COLM,2008-11-24,14.7266,14.7453,12.4821,13.0011
COLM,2008-11-25,13.1911,13.2315,10.9921,12.58
COLM,2008-11-26,12.3199,13.4787,12.139,13.4106
COLM,2008-11-28,13.1811,13.4026,12.7559,13.2998
COLM,2008-12-01,12.9962,13.1366,12.0905,12.2013
COLM,2008-12-02,12.5423,14.1105,11.9779,14.0522
COLM,2008-12-03,13.7041,14.5081,13.5084,13.8773
COLM,2008-12-04,13.6379,14.5308,13.3265,14.0691
COLM,2008-12-05,13.8653,14.9519,13.2415,14.8808
COLM,2008-12-08,14.948,15.6036,14.9115,15.4969
COLM,2008-12-09,15.2822,15.915,14.7266,14.8007
COLM,2008-12-10,15.0123,15.8032,14.5763,15.475
COLM,2008-12-11,15.2951,15.2951,14.0265,14.2994
COLM,2008-12-12,14.0166,14.597,13.7615,14.5634
COLM,2008-12-15,14.7097,14.9431,13.721,13.9622
COLM,2008-12-16,14.1856,15.0252,13.8623,14.9945
COLM,2008-12-17,14.7839,15.5808,14.7621,15.2862
COLM,2008-12-18,15.5808,15.6668,14.8274,15.123
COLM,2008-12-19,15.5236,15.5236,14.8858,15.0973
COLM,2008-12-22,15.2782,15.2782,13.8743,14.5476
COLM,2008-12-23,14.7483,14.7483,13.5608,14.0166
COLM,2008-12-24,13.9622,14.2657,13.8219,14.0958
COLM,2008-12-26,14.1817,14.5862,14.1817,14.5308
COLM,2008-12-29,14.3913,14.5723,13.9879,14.257
COLM,2008-12-30,14.4863,14.8541,14.4042,14.7176
COLM,2008-12-31,14.7009,15.2782,14.7009,14.9155
COLM,2009-01-02,14.9392,15.2575,14.8858,15.1467
COLM,2009-01-05,15.1961,15.3,14.6109,14.7226
COLM,2009-01-06,14.9204,15.1646,14.5565,15.0083
COLM,2009-01-07,14.8057,14.9816,14.1719,14.5565
COLM,2009-01-08,14.2618,14.5595,14.0749,14.2944
COLM,2009-01-09,14.1817,14.2056,13.6459,13.7121
COLM,2009-01-12,13.8219,13.9267,13.4056,13.7477
COLM,2009-01-13,13.6765,14.0868,13.4194,13.6636
COLM,2009-01-14,13.3581,13.5411,13.0378,13.3176
COLM,2009-01-15,13.2869,14.0868,12.8746,14.0038
COLM,2009-01-16,14.0908,14.2056,13.7298,14.1026
COLM,2009-01-20,13.8653,14.0601,13.0615,13.1317
COLM,2009-01-21,13.0743,13.5707,12.7155,13.4945
COLM,2009-01-22,13.3937,13.7527,13.0249,13.5865
COLM,2009-01-23,13.4144,13.6676,12.8885,13.1574
COLM,2009-01-26,13.2188,13.5608,13.0466,13.2819
COLM,2009-01-27,13.2819,13.4144,12.9676,13.1534
COLM,2009-01-28,13.3809,14.1432,13.2415,14.0908
COLM,2009-01-29,13.904,13.9672,13.4144,13.5174
COLM,2009-01-30,12.2319,12.5256,11.9056,12.1083
COLM,2009-02-02,12.0777,12.4821,11.8522,12.4346
COLM,2009-02-03,12.3812,12.6985,12.3783,12.4346
COLM,2009-02-04,12.5049,12.5513,12.2932,12.4732
COLM,2009-02-05,12.3871,12.9626,12.3654,12.8885
COLM,2009-02-06,12.8499,13.6192,12.7599,13.2098
COLM,2009-02-09,13.1494,13.1494,12.6778,12.7906
COLM,2009-02-10,12.7559,12.9794,12.2892,12.487
COLM,2009-02-11,12.4435,12.7105,12.3654,12.5593
COLM,2009-02-12,12.7105,12.7995,12.3071,12.6985
COLM,2009-02-13,12.669,12.8123,12.4158,12.5306
COLM,2009-02-17,12.1617,12.6413,11.9639,12.4257
COLM,2009-02-18,12.4732,12.4909,12.1667,12.2348
COLM,2009-02-19,12.3871,12.5553,12.2191,12.312
COLM,2009-02-20,12.0984,12.7816,12.0223,12.5335
COLM,2009-02-23,12.585,12.6017,12.0173,12.0984
COLM,2009-02-24,11.9472,12.3506,11.7,12.2794
COLM,2009-02-25,12.2319,12.4821,12.0351,12.2586
COLM,2009-02-26,12.4158,12.4158,11.5438,11.5882
COLM,2009-02-27,11.4686,11.8196,11.3271,11.4349
COLM,2009-03-02,11.3104,11.4349,11.0435,11.0435
COLM,2009-03-03,11.1552,11.1552,10.554,10.6341
COLM,2009-03-04,10.7685,11.3064,10.7587,11.0741
COLM,2009-03-05,10.8813,11.2293,10.6806,10.7418
COLM,2009-03-06,10.7952,11.0118,10.6716,10.8506
COLM,2009-03-09,10.8031,10.9732,10.387,10.6638
COLM,2009-03-10,10.8418,11.5348,10.5244,11.3104
COLM,2009-03-11,11.3608,11.4993,11.1829,11.3271
COLM,2009-03-12,11.3144,12.5186,11.0968,12.2191
COLM,2009-03-13,12.2319,12.4772,12.052,12.3693
COLM,2009-03-16,12.3871,12.3871,11.8799,11.9265
COLM,2009-03-17,11.8828,12.0777,11.7633,12.052
COLM,2009-03-18,12.1034,12.7382,11.8828,12.6985
COLM,2009-03-19,12.8073,13.0111,12.568,12.9705
COLM,2009-03-20,13.0338,13.1732,12.4959,12.6174
COLM,2009-03-23,12.8845,13.1267,12.5423,13.1267
COLM,2009-03-24,12.93,13.2315,12.6631,12.7243
COLM,2009-03-25,12.7471,13.3126,12.4346,12.8963
COLM,2009-03-26,12.9389,13.2978,12.7342,13.1614
COLM,2009-03-27,12.8499,12.9923,12.6234,12.7688
COLM,2009-03-30,12.6501,12.7599,12.2348,12.6461
COLM,2009-03-31,12.7471,13.0615,12.4999,12.6146
COLM,2009-04-01,12.4772,13.3047,12.3595,12.8706
COLM,2009-04-02,13.1683,14.0433,12.9389,13.8356
COLM,2009-04-03,13.904,14.0394,13.6102,13.9316
COLM,2009-04-06,13.7298,13.8406,13.195,13.5865
COLM,2009-04-07,13.4353,13.6319,13.0615,13.1811
COLM,2009-04-08,13.2464,13.6765,13.2098,13.454
COLM,2009-04-09,13.6883,14.252,13.6192,14.0562
COLM,2009-04-13,13.9316,14.338,13.8496,14.3024
COLM,2009-04-14,14.0789,14.3341,13.7298,14.1283
COLM,2009-04-15,14.0828,14.3598,13.7744,14.1432
COLM,2009-04-16,14.2875,14.4675,13.8861,14.3498
COLM,2009-04-17,14.3647,14.7483,14.0868,14.603
COLM,2009-04-20,14.3598,14.5031,14.0958,14.248
COLM,2009-04-21,14.1856,14.603,14.0691,14.4042
COLM,2009-04-22,14.2747,15.4929,14.235,15.2011
COLM,2009-04-23,15.1389,15.9734,14.9985,15.8261
COLM,2009-04-24,13.6241,15.0499,13.0743,13.2375
COLM,2009-04-27,13.3086,13.6923,13.107,13.1732
COLM,2009-04-28,13.1267,13.3848,12.8499,13.1109
COLM,2009-04-29,13.2513,13.4234,13.015,13.1534
COLM,2009-04-30,13.2188,13.6152,12.934,12.9557
COLM,2009-05-01,12.9597,13.0417,12.6818,12.8034
COLM,2009-05-04,12.8034,13.5212,12.8034,13.2236
COLM,2009-05-05,13.1267,13.5311,12.9883,13.4441
COLM,2009-05-06,13.4827,13.721,13.0288,13.1861
COLM,2009-05-07,13.2998,13.5578,13.0249,13.1732
COLM,2009-05-08,13.3126,13.4897,13.0011,13.1771
COLM,2009-05-11,13.0655,13.2513,12.8706,13.0555
COLM,2009-05-12,13.1456,13.5084,12.7431,13.1911
COLM,2009-05-13,12.9705,12.9705,12.5513,12.6047
COLM,2009-05-14,12.6146,13.0555,12.572,12.9003
COLM,2009-05-15,12.9794,13.3226,12.58,13.0822
COLM,2009-05-18,13.0852,13.3086,12.669,13.1534
COLM,2009-05-19,13.1911,13.4273,12.8667,13.1317
COLM,2009-05-20,13.2236,13.5825,12.9676,12.9883
COLM,2009-05-21,12.8845,13.2236,12.6858,12.8459
COLM,2009-05-22,12.8796,12.9527,12.6541,12.6985
COLM,2009-05-26,12.6501,13.4945,12.6501,13.4747
COLM,2009-05-27,13.4401,13.6676,13.2513,13.274
COLM,2009-05-28,13.4026,13.7437,12.9794,13.2098
COLM,2009-05-29,13.2899,13.5124,13.1534,13.371
COLM,2009-06-01,13.5124,14.0789,13.4897,14.0562
COLM,2009-06-02,13.9711,14.235,13.8564,14.0828
COLM,2009-06-03,14.0265,14.3341,13.9088,13.9583
COLM,2009-06-04,14.0651,14.1432,13.7338,13.9583
COLM,2009-06-05,14.1332,14.3152,13.807,13.9544
COLM,2009-06-08,13.9227,14.1769,13.7822,13.9919
COLM,2009-06-09,14.0127,14.1719,13.9267,14.0433
COLM,2009-06-10,14.2193,14.2944,13.725,13.9405
COLM,2009-06-11,13.9316,14.1817,13.7862,13.8268
COLM,2009-06-12,13.7437,13.9128,13.3532,13.6459
COLM,2009-06-15,13.5965,13.716,13.2702,13.6192
COLM,2009-06-16,13.6062,13.8861,13.3403,13.4945
COLM,2009-06-17,13.464,13.5411,13.2188,13.3086
COLM,2009-06-18,13.2612,13.5965,13.1534,13.4106
COLM,2009-06-19,13.4985,13.6419,13.3937,13.5668
COLM,2009-06-22,13.4441,13.4441,13.0466,13.0516
COLM,2009-06-23,13.1317,13.3047,13.0516,13.0852
COLM,2009-06-24,13.098,13.278,12.924,13.0655
COLM,2009-06-25,12.9676,13.4353,12.9102,13.4273
COLM,2009-06-26,13.3532,13.3987,13.1317,13.2188
COLM,2009-06-29,13.1911,13.2819,12.7816,12.9962
COLM,2009-06-30,12.9626,13.1494,12.92,13.0378
COLM,2009-07-01,13.0338,13.4234,13.0051,13.2415
COLM,2009-07-02,13.0655,13.2415,12.9063,12.9844
COLM,2009-07-06,12.92,13.1534,12.5306,12.7906
COLM,2009-07-07,12.7777,12.93,12.6461,12.6728
COLM,2009-07-08,12.6818,12.837,12.5593,12.7777
COLM,2009-07-09,12.8796,13.2652,12.6174,12.6957
COLM,2009-07-10,12.6501,12.8321,12.6501,12.7342
COLM,2009-07-13,12.8163,13.019,12.4307,12.9754
COLM,2009-07-14,13.0051,13.4787,12.92,13.1861
COLM,2009-07-15,13.2998,14.2006,13.2998,13.904
COLM,2009-07-16,13.8743,14.1195,13.6636,14.0997
COLM,2009-07-17,14.0958,14.0997,13.7615,13.8446
COLM,2009-07-20,13.8623,14.0077,13.5489,13.9088
COLM,2009-07-21,14.0215,14.0215,13.5608,13.7003
COLM,2009-07-22,13.6883,14.1522,13.6883,13.9365
COLM,2009-07-23,13.8861,15.1824,13.8307,14.8728
COLM,2009-07-24,14.7621,15.1507,14.7621,15.0252
COLM,2009-07-27,14.8728,15.0617,14.5862,15.0083
COLM,2009-07-28,14.8541,15.2476,14.8007,15.037
COLM,2009-07-29,16.0218,16.2008,15.6104,15.6451
COLM,2009-07-30,15.7568,15.9348,15.0499,15.1467
COLM,2009-07-31,15.1438,15.3673,14.8057,14.9342
COLM,2009-08-03,14.9609,15.1863,14.7917,15.1467
COLM,2009-08-04,14.9718,15.3,14.8591,15.2713
COLM,2009-08-05,15.2338,15.4118,15.0973,15.2437
COLM,2009-08-06,15.2525,15.2951,14.9816,15.127
COLM,2009-08-07,15.3446,15.4177,15.1784,15.2476
COLM,2009-08-10,15.1389,15.2011,14.8057,14.9431
COLM,2009-08-11,14.7879,14.8364,14.5386,14.7146
COLM,2009-08-12,15.041,15.558,15.041,15.2615
COLM,2009-08-13,15.3712,15.3712,15.0291,15.2674
COLM,2009-08-14,16.3599,16.4035,15.1695,15.5857
COLM,2009-08-17,15.2674,15.2912,15.037,15.041
COLM,2009-08-18,15.0617,15.2011,14.9115,15.1467
COLM,2009-08-19,14.9718,15.2476,14.9015,15.1438
COLM,2009-08-20,15.0617,15.3771,15.0617,15.3524
COLM,2009-08-21,15.8546,15.8546,15.4305,15.5997
COLM,2009-08-24,15.6698,15.6698,15.4662,15.5236
COLM,2009-08-25,15.6867,16.0031,15.5353,15.7905
COLM,2009-08-26,15.8261,16.2265,15.7905,16.2048
COLM,2009-08-27,16.2868,16.97,16.1681,16.9523
COLM,2009-08-28,17.0244,17.1155,16.623,16.8425
COLM,2009-08-31,16.7693,16.7832,16.4874,16.5755
COLM,2009-09-01,16.4569,16.5795,16.2087,16.2225
COLM,2009-09-02,16.1394,16.2225,16.0218,16.0317
COLM,2009-09-03,16.1424,16.3639,15.921,16.355
COLM,2009-09-04,16.3155,16.5962,16.2947,16.5518
COLM,2009-09-08,16.6062,16.8662,16.4984,16.6141
COLM,2009-09-09,16.6586,17.4545,16.6586,17.2864
COLM,2009-09-10,17.2222,17.2597,16.9601,17.0521
COLM,2009-09-11,17.0145,17.2716,16.8089,17.2173
COLM,2009-09-14,17.1726,17.6167,17.0698,17.6028
COLM,2009-09-15,17.4941,17.8144,17.4941,17.7225
COLM,2009-09-16,17.8501,18.0784,17.767,18.0784
COLM,2009-09-17,17.9598,18.1654,17.5049,17.7492
COLM,2009-09-18,17.8421,18.1684,17.6028,17.6691
COLM,2009-09-21,17.4901,17.7413,17.3616,17.7086
COLM,2009-09-22,17.8648,18.11,17.4812,17.5781
COLM,2009-09-23,17.5306,17.7086,17.416,17.4812
COLM,2009-09-24,17.5435,17.6295,17.3191,17.4466
COLM,2009-09-25,17.3922,17.6127,17.1422,17.1509
COLM,2009-09-28,17.2677,17.5129,17.23,17.3834
COLM,2009-09-29,17.3151,17.5257,17.1155,17.2677
COLM,2009-09-30,17.3665,17.5,16.882,17.3576
COLM,2009-10-01,17.23,17.3329,16.7525,16.7693
COLM,2009-10-02,16.6141,16.7792,16.4954,16.5478
COLM,2009-10-05,16.6536,16.8376,16.4598,16.7693
COLM,2009-10-06,16.9008,17.1679,16.8504,17.0383
COLM,2009-10-07,17.4694,17.4694,16.9967,17.0431
COLM,2009-10-08,17.0698,17.4644,17.0294,17.3744
COLM,2009-10-09,17.3191,17.5396,17.2023,17.5257
COLM,2009-10-12,17.6434,17.8698,17.4981,17.7887
COLM,2009-10-13,17.7353,17.9172,17.6295,17.7887
COLM,2009-10-14,17.855,18.0833,17.8312,18.0142
COLM,2009-10-15,17.9391,18.3237,17.9242,18.3187
COLM,2009-10-16,18.4432,18.7528,18.3592,18.7093
COLM,2009-10-19,18.6994,18.998,18.5876,18.9782
COLM,2009-10-20,18.9891,19.0474,18.6361,18.9218
COLM,2009-10-21,18.8299,19.1947,18.556,18.6034
COLM,2009-10-22,18.6816,18.9416,18.4956,18.8902
COLM,2009-10-23,19.5368,19.5418,17.3784,17.7837
COLM,2009-10-26,17.6295,17.9044,17.0007,17.0521
COLM,2009-10-27,16.9523,16.9967,16.1681,16.3599
COLM,2009-10-28,16.3729,16.4598,15.8399,15.8586
COLM,2009-10-29,15.9032,16.3026,15.9032,16.2087
COLM,2009-10-30,16.0643,16.1918,15.8546,16.0446
COLM,2009-11-02,16.0258,16.0723,15.6194,15.9654
COLM,2009-11-03,15.8775,16.1296,15.6371,16.09
COLM,2009-11-04,16.1345,16.1968,15.918,15.9774
COLM,2009-11-05,16.0485,16.443,16.0079,16.4084
COLM,2009-11-06,16.0446,16.4569,15.8399,16.3866
COLM,2009-11-09,16.4569,16.711,16.3125,16.6359
COLM,2009-11-10,16.5064,16.7298,15.9477,16.2572
COLM,2009-11-11,17.3448,17.8283,17.0145,17.1372
COLM,2009-11-12,16.9226,17.1599,16.5103,16.5795
COLM,2009-11-13,16.5548,16.6457,16.1078,16.6062
COLM,2009-11-16,16.6635,17.0748,16.6457,16.974
COLM,2009-11-17,16.9601,16.9601,16.7031,16.7792
COLM,2009-11-18,16.7832,16.792,16.5103,16.6991
COLM,2009-11-19,16.4647,16.796,16.1296,16.5518
COLM,2009-11-20,16.4351,16.6359,16.0079,16.2126
COLM,2009-11-23,16.439,16.5676,16.2087,16.3689
COLM,2009-11-24,16.3273,16.3372,15.8814,16.0613
COLM,2009-11-25,16.1267,16.2789,16.0574,16.0762
COLM,2009-11-27,15.7905,16.2492,15.6104,15.9289
COLM,2009-11-30,15.9565,16.2176,15.7202,16.2008
COLM,2009-12-01,16.3639,16.6408,16.1918,16.4747
COLM,2009-12-02,16.452,16.8425,16.2947,16.5874
COLM,2009-12-03,16.5608,16.5962,16.1504,16.1918
COLM,2009-12-04,16.447,16.6724,16.2452,16.4569
COLM,2009-12-07,16.447,16.4954,16.269,16.3639
COLM,2009-12-08,16.2265,16.3817,16.0802,16.3333
COLM,2009-12-09,16.3866,16.3866,16.1504,16.3125
COLM,2009-12-10,16.3195,16.5064,16.2126,16.3333
COLM,2009-12-11,16.4351,16.8089,16.2868,16.7881
COLM,2009-12-14,16.7792,16.8504,16.5341,16.8425
COLM,2009-12-15,16.6685,16.8425,16.452,16.7031
COLM,2009-12-16,16.7604,17.1679,16.7604,17.0057
COLM,2009-12-17,16.792,16.8464,16.4984,16.5014
COLM,2009-12-18,16.5428,16.5428,16.2008,16.3777
COLM,2009-12-21,16.4123,16.623,16.1771,16.2364
COLM,2009-12-22,16.3066,16.4747,16.2265,16.4302
COLM,2009-12-23,16.5251,16.6141,16.3906,16.4084
COLM,2009-12-24,16.4797,16.5161,16.3866,16.5161
COLM,2009-12-28,16.4569,16.4569,16.2048,16.3243
COLM,2009-12-29,16.3066,16.4302,16.2908,16.3333
COLM,2009-12-30,16.2325,16.4598,16.2225,16.3996
COLM,2009-12-31,16.443,16.6724,16.3066,16.4598
COLM,2010-01-04,16.5795,16.7604,16.4598,16.5518
COLM,2010-01-05,16.452,16.5835,16.1345,16.5389
COLM,2010-01-06,16.5518,17.1459,16.5518,17.0788
COLM,2010-01-07,17.0907,17.5485,16.9315,17.3616
COLM,2010-01-08,17.2914,17.4071,17.1322,17.242
COLM,2010-01-11,17.2677,17.412,17.0985,17.235
COLM,2010-01-12,17.0955,17.3418,16.9364,17.1926
COLM,2010-01-13,17.2954,17.412,17.1242,17.3616
COLM,2010-01-14,17.2597,17.4901,17.2597,17.4021
COLM,2010-01-15,17.4545,18.1783,17.3834,18.114
COLM,2010-01-19,18.114,18.2248,17.771,18.0142
COLM,2010-01-20,17.6572,17.8698,17.5623,17.6394
COLM,2010-01-21,17.6394,17.7086,17.3418,17.3834
COLM,2010-01-22,17.324,17.5356,17.1155,17.235
COLM,2010-01-25,17.3101,17.3101,16.978,17.0007
COLM,2010-01-26,17.0057,17.2557,16.9008,17.0383
COLM,2010-01-27,17.0621,17.9044,17.0621,17.6602
COLM,2010-01-28,17.7413,17.7413,17.0431,17.065
COLM,2010-01-29,16.792,17.9479,16.711,17.4495
COLM,2010-02-01,17.5959,18.6717,17.4545,18.4315
COLM,2010-02-02,18.4996,18.6133,18.294,18.3958
COLM,2010-02-03,18.3869,18.553,18.2475,18.5323
COLM,2010-02-04,18.463,18.5926,18.0439,18.0735
COLM,2010-02-05,18.1387,18.3365,17.8421,18.123
COLM,2010-02-08,18.026,18.3286,18.026,18.0735
COLM,2010-02-09,18.3039,18.3464,18.1052,18.2426
COLM,2010-02-10,18.1308,18.3107,17.8965,18.1783
COLM,2010-02-11,18.1308,18.556,18.0784,18.5392
COLM,2010-02-12,18.4363,18.6311,18.2742,18.6272
COLM,2010-02-16,18.6627,18.7034,18.4552,18.6627
COLM,2010-02-17,18.7034,18.9683,18.3869,18.8546
COLM,2010-02-18,18.8902,19.0761,18.8229,19.0603
COLM,2010-02-19,19.0721,19.263,18.9545,19.1947
COLM,2010-02-22,19.2036,19.4784,19.0998,19.3679
COLM,2010-02-23,19.3065,19.343,19.1176,19.1671
COLM,2010-02-24,19.1245,19.3766,19.1245,19.2125
COLM,2010-02-25,18.998,19.3973,18.818,19.3973
COLM,2010-02-26,19.3973,19.443,19.2125,19.3292
COLM,2010-03-01,19.3609,19.6011,19.3154,19.523
COLM,2010-03-02,19.4874,19.6367,18.7775,19.5932
COLM,2010-03-03,19.6189,19.6189,19.3639,19.4647
COLM,2010-03-04,19.4607,19.4924,19.3154,19.4924
COLM,2010-03-05,19.5201,19.8177,19.3716,19.8038
COLM,2010-03-08,19.8177,19.875,19.6288,19.8701
COLM,2010-03-09,19.8622,20.2399,19.8216,20.0461
COLM,2010-03-10,19.9967,20.1963,19.9967,20.1963
COLM,2010-03-11,20.1509,20.5266,19.9797,20.5059
COLM,2010-03-12,20.6235,20.6235,20.2181,20.5266
COLM,2010-03-15,20.4376,21.1969,20.3397,21.1624
COLM,2010-03-16,21.2434,21.9247,21.1198,21.8594
COLM,2010-03-17,21.9039,22.1699,21.8051,22.0691
COLM,2010-03-18,22.0226,22.2114,21.978,22.0226
COLM,2010-03-19,22.1373,22.1907,21.8229,21.9643
COLM,2010-03-22,21.7754,22.4072,21.7201,22.3222
COLM,2010-03-23,22.2718,22.5229,22.1739,22.4913
COLM,2010-03-24,22.425,22.5604,22.1867,22.251
COLM,2010-03-25,22.3083,22.5407,22.2253,22.2471
COLM,2010-03-26,22.2471,22.6395,22.2471,22.5268
COLM,2010-03-29,22.4794,22.6732,22.3449,22.6297
COLM,2010-03-30,22.7384,22.7463,22.2341,22.3578
COLM,2010-03-31,22.3626,22.5437,22.1531,22.1531
COLM,2010-04-01,22.2995,22.6445,22.1531,22.6445
COLM,2010-04-05,22.6395,22.9283,22.5654,22.9243
COLM,2010-04-06,22.8986,23.1893,22.8868,23.0904
COLM,2010-04-07,23.0855,23.2743,22.9777,23.0815
COLM,2010-04-08,22.8472,22.8897,22.4339,22.6445
COLM,2010-04-09,22.6584,24.0466,22.6525,23.8507
COLM,2010-04-12,24.2314,24.4549,23.7025,23.8153
COLM,2010-04-13,23.8707,24.0119,23.6155,23.7826
COLM,2010-04-14,23.7826,23.9565,23.6748,23.8557
COLM,2010-04-15,23.7153,24.0327,23.6442,23.8784
COLM,2010-04-16,23.9011,24.3689,23.6205,24.2641
COLM,2010-04-19,24.098,24.5826,23.8211,24.3788
COLM,2010-04-20,24.3748,24.5034,24.1306,24.4104
COLM,2010-04-21,24.4005,24.5182,24.2008,24.4243
COLM,2010-04-22,24.2137,25.0581,24.0079,24.9582
COLM,2010-04-23,25.0936,25.3399,24.6606,25.3379
COLM,2010-04-26,25.2885,25.2885,24.982,25.1687
COLM,2010-04-27,24.8821,24.9365,24.1563,24.1949
COLM,2010-04-28,24.2364,24.6063,24.0119,24.0901
COLM,2010-04-29,24.3382,24.7258,23.9565,24.2037
COLM,2010-04-30,24.0159,24.3659,23.3771,23.4286
COLM,2010-05-03,23.3821,24.0119,23.3821,23.7876
COLM,2010-05-04,23.6352,23.7025,23.1349,23.6253
COLM,2010-05-05,23.4246,23.7025,22.9036,22.9401
COLM,2010-05-06,22.8245,23.1171,21.0833,22.3806
COLM,2010-05-07,22.3499,22.6782,21.5391,21.8258
COLM,2010-05-10,22.1422,22.9737,22.1422,22.7157
COLM,2010-05-11,22.5001,23.5205,22.425,23.1349
COLM,2010-05-12,23.1438,23.2566,22.8601,23.04
COLM,2010-05-13,22.9193,23.0598,22.5881,22.7157
COLM,2010-05-14,22.4794,22.4794,21.6735,22.0107
COLM,2010-05-17,22.0009,22.4379,21.543,22.0137
COLM,2010-05-18,22.2806,22.4437,21.2662,21.4659
COLM,2010-05-19,21.4481,21.4619,20.9883,21.0763
COLM,2010-05-20,20.6442,20.9705,20.2962,20.6749
COLM,2010-05-21,20.403,21.3977,20.307,21.106
COLM,2010-05-24,20.9845,21.3928,20.9231,21.0833
COLM,2010-05-25,20.578,20.9883,20.0501,20.8223
COLM,2010-05-26,20.9004,21.4362,20.7847,21.0586
COLM,2010-05-27,21.4956,21.987,21.3097,21.8673
COLM,2010-05-28,21.7378,21.9128,21.5045,21.5786
COLM,2010-06-01,21.3601,21.6934,20.9398,21.2365
COLM,2010-06-02,21.4115,21.6647,21.111,21.6478
COLM,2010-06-03,21.543,22.0473,21.543,21.978
COLM,2010-06-04,21.5134,21.7665,20.8351,20.9616
COLM,2010-06-07,21.0556,21.2197,20.4297,20.4663
COLM,2010-06-08,20.5187,20.6393,20.0678,20.4525
COLM,2010-06-09,20.6285,21.2365,20.4969,20.6363
COLM,2010-06-10,21.0072,21.4214,21.0072,21.4155
COLM,2010-06-11,21.1802,21.6527,21.1802,21.6143
COLM,2010-06-14,21.8456,22.0591,21.7111,21.7497
COLM,2010-06-15,21.9643,22.3626,21.7754,22.3132
COLM,2010-06-16,22.1323,22.2995,21.9079,22.0226
COLM,2010-06-17,22.1185,22.1185,21.7111,21.9376
COLM,2010-06-18,21.9079,22.1699,21.7061,21.9079
COLM,2010-06-21,22.251,22.3172,21.4155,21.5619
COLM,2010-06-22,21.5866,22.0256,20.8538,20.8578
COLM,2010-06-23,20.845,21.1871,20.5394,21.1407
COLM,2010-06-24,21.0159,21.0883,20.4525,20.5059
COLM,2010-06-25,20.6285,20.8717,20.5266,20.5988
COLM,2010-06-28,20.5434,20.9942,20.4376,20.5898
COLM,2010-06-29,20.22,20.4208,19.7079,19.7781
COLM,2010-06-30,19.8542,20.2715,19.6397,19.6802
COLM,2010-07-01,19.6684,19.7079,19.0691,19.426
COLM,2010-07-02,19.5348,19.7781,19.3065,19.3609
COLM,2010-07-06,19.6011,19.957,18.556,18.735
COLM,2010-07-07,18.7131,19.3559,18.4956,19.263
COLM,2010-07-08,19.3896,19.61,19.0691,19.5013
COLM,2010-07-09,19.4607,19.6901,19.3766,19.6684
COLM,2010-07-12,19.5556,19.6367,19.169,19.3252
COLM,2010-07-13,19.6189,20.1746,19.6189,20.0778
COLM,2010-07-14,20.0411,20.1429,19.7346,19.8077
COLM,2010-07-15,19.787,19.8542,19.3065,19.6733
COLM,2010-07-16,19.5061,19.5833,18.8951,18.9782
COLM,2010-07-19,18.9634,19.169,18.556,18.7388
COLM,2010-07-20,18.5263,19.439,18.467,19.4013
COLM,2010-07-21,19.5873,19.8997,19.0998,19.5061
COLM,2010-07-22,19.8008,20.4118,19.528,20.3318
COLM,2010-07-23,19.4527,20.8677,19.4527,20.8124
COLM,2010-07-26,20.8747,21.1327,20.6393,20.9578
COLM,2010-07-27,21.1465,21.2227,20.5354,20.5553
COLM,2010-07-28,20.484,20.5354,20.1182,20.2843
COLM,2010-07-29,20.4425,20.5602,19.9443,20.307
COLM,2010-07-30,20.0114,20.7421,19.8829,20.666
COLM,2010-08-02,20.8855,21.2523,20.755,21.0417
COLM,2010-08-03,20.9132,21.0072,20.4336,20.7243
COLM,2010-08-04,20.7896,21.5173,20.7896,21.4016
COLM,2010-08-05,21.2701,21.3334,20.9942,21.2523
COLM,2010-08-06,20.9398,21.3977,20.845,21.2919
COLM,2010-08-09,21.4412,21.4412,21.2968,21.3601
COLM,2010-08-10,21.0299,21.6577,21.0299,21.4214
COLM,2010-08-11,21.0833,21.7289,20.755,20.9053
COLM,2010-08-12,20.5741,20.8747,20.4376,20.6966
COLM,2010-08-13,20.5859,20.7421,20.1568,20.1796
COLM,2010-08-16,20.2982,20.7421,20.0965,20.3318
COLM,2010-08-17,20.5691,20.9458,20.3487,20.5513
COLM,2010-08-18,20.5137,21.0319,20.2883,20.7896
COLM,2010-08-19,20.6522,20.8252,20.3754,20.5107
COLM,2010-08-20,20.407,20.6028,20.0738,20.5553
COLM,2010-08-23,21.3482,21.4412,20.8252,20.8747
COLM,2010-08-24,20.5898,20.8173,20.3624,20.4702
COLM,2010-08-25,20.2982,21.0072,20.2092,20.9181
COLM,2010-08-26,20.9458,21.102,20.3981,20.4376
COLM,2010-08-27,20.6749,21.0259,20.2744,20.9231
COLM,2010-08-30,20.8944,21.1367,20.3901,20.407
COLM,2010-08-31,20.3556,20.5968,19.9937,20.222
COLM,2010-09-01,20.5434,21.3186,20.5434,21.2276
COLM,2010-09-02,21.0971,22.4596,21.0921,22.4437
COLM,2010-09-03,22.782,23.1893,22.7058,22.8047
COLM,2010-09-07,22.7058,22.7335,22.1323,22.1699
COLM,2010-09-08,22.1739,22.9877,22.0394,22.2905
COLM,2010-09-09,22.6118,22.8571,22.2026,22.2341
COLM,2010-09-10,22.3132,22.6445,22.255,22.5051
COLM,2010-09-13,22.7513,23.1893,22.6642,23.1251
COLM,2010-09-14,23.0944,24.0119,23.0765,23.8607
COLM,2010-09-15,23.7282,24.1306,23.4039,23.9972
COLM,2010-09-16,23.9498,24.2967,23.8211,24.1603
COLM,2010-09-17,24.3294,24.8257,24.2671,24.6063
COLM,2010-09-20,24.6991,24.8821,24.361,24.8257
COLM,2010-09-21,24.8059,24.978,24.5963,24.6794
COLM,2010-09-22,24.5913,24.8554,24.3294,24.5786
COLM,2010-09-23,24.3294,24.8603,24.2641,24.6754
COLM,2010-09-24,24.9582,25.0274,24.6991,24.8118
COLM,2010-09-27,24.717,25.2271,24.717,24.9503
COLM,2010-09-28,25.0531,25.595,24.6754,25.5357
COLM,2010-09-29,25.3785,25.4803,25.1223,25.3715
COLM,2010-09-30,25.4576,25.6543,25.0007,25.3536
COLM,2010-10-01,25.4407,25.6445,25.0452,25.2983
COLM,2010-10-04,25.2311,25.5169,25.0402,25.0936
COLM,2010-10-05,25.2192,25.9519,25.0659,25.6276
COLM,2010-10-06,25.5129,25.6503,25.3586,25.595
COLM,2010-10-07,25.7274,25.8204,25.4319,25.6048
COLM,2010-10-08,25.6582,26.2792,25.5644,26.1211
COLM,2010-10-11,26.2613,26.5442,26.037,26.303
COLM,2010-10-12,26.3068,26.3909,25.9647,26.2743
COLM,2010-10-13,26.4878,26.558,26.0093,26.0676
COLM,2010-10-14,25.9103,26.0804,25.159,25.1629
COLM,2010-10-15,25.4536,25.4576,24.8297,25.0621
COLM,2010-10-18,25.1105,25.2528,24.8118,25.146
COLM,2010-10-19,24.7971,25.1629,24.4718,24.6626
COLM,2010-10-20,24.8554,25.1016,24.8257,24.8554
COLM,2010-10-21,25.0007,25.0896,24.7041,24.9503
COLM,2010-10-22,23.2655,23.8607,22.5347,22.7918
COLM,2010-10-25,22.778,23.0261,22.4527,22.509
COLM,2010-10-26,22.4744,22.773,22.3399,22.3893
COLM,2010-10-27,23.0104,23.0944,22.5654,22.773
COLM,2010-10-28,22.8789,22.9925,22.5783,22.6208
COLM,2010-10-29,22.6347,22.8304,22.517,22.6632
COLM,2010-11-01,22.6821,23.0904,22.4567,22.6208
COLM,2010-11-02,22.8601,22.962,22.6445,22.7157
COLM,2010-11-03,22.7157,22.8699,22.6079,22.8382
COLM,2010-11-04,22.8868,23.2082,22.8838,23.2012
COLM,2010-11-05,23.2873,23.5798,23.2606,23.4939
COLM,2010-11-08,23.4286,23.479,23.0855,23.2783
COLM,2010-11-09,23.6036,23.7203,23.4939,23.6125
COLM,2010-11-10,23.2209,23.2833,22.604,23.0727
COLM,2010-11-11,22.9313,23.212,22.8422,23.0598
COLM,2010-11-12,22.8215,22.9925,22.6395,22.9086
COLM,2010-11-15,22.8789,23.2703,22.782,22.9036
COLM,2010-11-16,22.7592,22.9154,22.2845,22.7868
COLM,2010-11-17,22.8007,23.4286,22.8007,23.1982
COLM,2010-11-18,22.8047,23.7609,22.8047,23.4068
COLM,2010-11-19,23.4464,23.8707,23.4286,23.8478
COLM,2010-11-22,23.8745,23.9358,23.4128,23.9221
COLM,2010-11-23,23.4602,23.9408,23.4286,23.7905
COLM,2010-11-24,23.9221,24.1751,23.9221,24.1751
COLM,2010-11-26,23.7806,24.2314,23.7806,24.0466
COLM,2010-11-29,23.8834,24.0366,23.5798,23.8439
COLM,2010-11-30,23.5245,24.2561,23.4483,24.1395
COLM,2010-12-01,24.3788,24.7842,24.3788,24.6063
COLM,2010-12-02,24.6724,24.7218,24.4806,24.5873
COLM,2010-12-03,24.4055,24.5549,24.2967,24.5092
COLM,2010-12-06,24.3917,24.6606,24.3333,24.4718
COLM,2010-12-07,24.717,24.9463,24.5369,24.7446
COLM,2010-12-08,24.8257,25.0759,24.6003,25.0314
COLM,2010-12-09,25.2192,25.5693,25.1145,25.4446
COLM,2010-12-10,25.5781,26.4295,25.5317,26.1882
COLM,2010-12-13,26.1802,26.4413,26.0804,26.4216
COLM,2010-12-14,26.3632,26.6618,26.2149,26.4878
COLM,2010-12-15,25.9914,26.6322,25.4803,25.502
COLM,2010-12-16,25.5357,25.8085,25.3863,25.8036
COLM,2010-12-17,26.1051,26.5224,25.7017,26.4453
COLM,2010-12-20,26.4621,26.6282,25.9143,26.4255
COLM,2010-12-21,26.4878,26.6539,26.2792,26.6233
COLM,2010-12-22,26.6322,27.0069,26.0419,26.8477
COLM,2010-12-23,26.5047,26.6618,26.1802,26.4453
COLM,2010-12-27,26.2516,26.4216,26.2287,26.386
COLM,2010-12-28,26.3444,26.4789,26.2564,26.3296
COLM,2010-12-29,26.4403,26.5956,26.3573,26.4354
COLM,2010-12-30,26.38,26.5758,26.38,26.4493
COLM,2010-12-31,26.4196,26.478,26.1575,26.1575
COLM,2011-01-03,26.4621,26.6618,26.1525,26.4561
COLM,2011-01-04,26.4789,26.5264,25.5484,25.8036
COLM,2011-01-05,25.7571,26.1972,25.3785,26.1754
COLM,2011-01-06,26.1438,26.3662,25.7196,25.8956
COLM,2011-01-07,25.8956,25.9697,25.2924,25.418
COLM,2011-01-10,25.2885,25.7156,25.0402,25.7106
COLM,2011-01-11,25.8916,25.8916,25.3458,25.4902
COLM,2011-01-12,25.769,25.9233,25.6968,25.7364
COLM,2011-01-13,25.769,25.8332,25.6503,25.7521
COLM,2011-01-14,25.6543,26.3711,25.6315,26.3257
COLM,2011-01-18,26.1832,26.3959,26.1358,26.3068
COLM,2011-01-19,26.3068,26.3068,25.9005,25.9697
COLM,2011-01-20,25.8204,26.2287,25.7393,26.0181
COLM,2011-01-21,26.0458,26.2287,25.8293,25.8332
COLM,2011-01-24,25.7908,26.386,25.7244,26.3751
COLM,2011-01-25,26.1802,26.5758,25.9747,26.2326
COLM,2011-01-26,26.2564,26.8664,26.1972,26.7983
COLM,2011-01-27,26.8893,27.349,26.649,27.1592
COLM,2011-01-28,26.9031,27.3312,26.3583,26.5382
COLM,2011-01-31,26.384,26.9288,26.1318,26.4522
COLM,2011-02-01,26.4255,27.263,26.386,27.0781
COLM,2011-02-02,26.9288,27.1879,26.3583,26.5442
COLM,2011-02-03,26.3771,26.818,26.1882,26.6737
COLM,2011-02-04,26.6826,27.4084,26.558,27.3134
COLM,2011-02-07,27.2946,27.5448,27.1166,27.4371
COLM,2011-02-08,27.1384,27.5448,27.1345,27.5279
COLM,2011-02-09,27.3707,28.2617,27.3707,27.606
COLM,2011-02-10,27.1513,27.6842,26.9031,27.5666
COLM,2011-02-11,27.4191,27.7307,27.4191,27.6743
COLM,2011-02-14,27.7484,27.8572,27.6526,27.7307
COLM,2011-02-15,27.4271,27.5162,27.179,27.3006
COLM,2011-02-16,27.2086,27.6437,27.1879,27.5319
COLM,2011-02-17,31.81,32.56,31.6,32.24
COLM,2011-02-18,27.9264,28.229,27.7969,28.1944
COLM,2011-02-22,27.7791,28.1894,27.3757,27.442
COLM,2011-02-23,27.344,27.442,26.5758,26.7913
COLM,2011-02-24,26.7913,27.0732,26.5175,26.6539
COLM,2011-02-25,26.7429,27.5201,26.6737,27.1927
COLM,2011-02-28,27.1859,27.4628,27.0712,27.2422
COLM,2011-03-01,27.4191,27.4915,26.6411,26.6737
COLM,2011-03-02,26.475,26.835,26.3771,26.4918
COLM,2011-03-03,26.6708,27.1977,26.5906,26.998
COLM,2011-03-04,26.9752,27.0109,26.6322,26.8664
COLM,2011-03-07,26.7834,27.2175,26.2564,26.4453
COLM,2011-03-08,26.4918,27.1078,26.0221,27.0109
COLM,2011-03-09,26.818,27.1927,26.6708,27.0504
COLM,2011-03-10,26.7983,26.7983,26.4216,26.4503
COLM,2011-03-11,26.3207,26.5956,26.0804,26.5619
COLM,2011-03-14,26.2149,26.5442,26.0093,26.3405
COLM,2011-03-15,25.3379,25.9836,25.1827,25.5129
COLM,2011-03-16,25.414,25.7393,25.0492,25.0531
COLM,2011-03-17,25.3586,25.4407,24.8495,24.8999
COLM,2011-03-18,25.0581,25.2231,24.3432,24.4104
COLM,2011-03-21,24.7041,25.1727,24.6674,24.9236
COLM,2011-03-22,25.1323,25.1323,24.7664,24.8257
COLM,2011-03-23,24.7842,25.0402,24.3956,24.8385
COLM,2011-03-24,25.0274,25.15,24.3432,24.978
COLM,2011-03-25,25.0274,25.595,24.9365,25.0531
COLM,2011-03-28,25.0759,25.3586,24.7753,24.8257
COLM,2011-03-29,24.7258,24.978,24.6951,24.9137
COLM,2011-03-30,24.9463,25.6216,24.8257,25.4941
COLM,2011-03-31,25.3775,25.8332,25.3142,25.7778
COLM,2011-04-01,25.8175,25.9183,25.2231,25.4367
COLM,2011-04-04,25.3785,25.5564,25.2528,25.5317
COLM,2011-04-05,25.4586,25.8896,25.4586,25.8105
COLM,2011-04-06,25.8609,25.9994,25.2371,25.6078
COLM,2011-04-07,25.6543,26.5906,25.6543,26.298
COLM,2011-04-08,26.4097,26.4097,25.7729,26.032
COLM,2011-04-11,26.6708,27.1048,26.2516,26.3365
COLM,2011-04-12,26.2466,26.831,26.1269,26.1872
COLM,2011-04-13,26.4503,26.8893,25.4367,26.2326
COLM,2011-04-14,25.9836,26.3365,25.9252,26.0834
COLM,2011-04-15,26.037,26.3662,25.8175,26.1882
COLM,2011-04-18,25.9183,26.0181,25.4713,25.9697
COLM,2011-04-19,26.1832,26.4334,25.9183,26.1121
COLM,2011-04-20,26.5758,26.913,26.5382,26.7943
COLM,2011-04-21,26.813,27.0109,26.4176,26.4255
COLM,2011-04-25,26.6233,27.0138,26.5135,26.9802
COLM,2011-04-26,27.0069,27.1513,26.7429,27.1345
COLM,2011-04-27,27.1384,27.8038,27.0326,27.7969
COLM,2011-04-28,27.611,27.875,27.3797,27.875
COLM,2011-04-29,28.5375,30.3034,28.5375,29.4956
COLM,2011-05-02,28.673,29.0921,28.3091,29.0507
COLM,2011-05-03,29.0624,29.551,29.0624,29.4897
COLM,2011-05-04,29.5035,29.7042,29.289,29.5609
COLM,2011-05-05,29.378,29.9692,29.374,29.5609
COLM,2011-05-06,29.8555,30.0512,29.4313,29.7309
COLM,2011-05-09,29.5609,30.2748,29.5154,29.9851
COLM,2011-05-10,29.9337,30.6486,29.9337,30.5605
COLM,2011-05-11,30.349,30.5091,29.5994,29.7873
COLM,2011-05-12,29.7132,30.5872,29.6488,30.162
COLM,2011-05-13,30.1808,30.3914,29.6667,29.7696
COLM,2011-05-16,29.5559,29.9178,29.2029,29.2336
COLM,2011-05-17,29.3344,29.3621,28.6166,28.7491
COLM,2011-05-18,28.8628,29.2386,28.8223,29.0961
COLM,2011-05-19,29.1644,29.6074,28.8895,29.2386
COLM,2011-05-20,29.378,29.378,28.3111,28.5434
COLM,2011-05-23,28.2398,28.5117,28.1311,28.2261
COLM,2011-05-24,28.0332,28.5484,27.8355,27.9076
COLM,2011-05-25,27.9076,28.0234,27.5399,27.8395
COLM,2011-05-26,27.7653,28.4516,27.61,28.4159
COLM,2011-05-27,28.5177,28.5889,28.2665,28.5394
COLM,2011-05-31,28.9271,28.932,28.3675,28.5544
COLM,2011-06-01,28.4563,28.5661,27.6516,27.6931
COLM,2011-06-02,27.6842,27.7109,27.0296,27.2037
COLM,2011-06-03,26.8626,27.0929,26.5314,26.7271
COLM,2011-06-06,26.466,26.65,26.0488,26.4176
COLM,2011-06-07,26.5264,26.8824,26.2831,26.3405
COLM,2011-06-08,26.1615,26.2643,25.7294,25.8352
COLM,2011-06-09,26.0438,26.0438,25.6236,25.6592
COLM,2011-06-10,25.6592,25.8006,25.3339,25.4279
COLM,2011-06-13,25.6285,26.292,25.6285,25.8669
COLM,2011-06-14,26.1832,26.2603,25.947,26.0657
COLM,2011-06-15,25.8105,26.0113,25.4407,25.5751
COLM,2011-06-16,25.6445,26.0755,25.595,26.0073
COLM,2011-06-17,26.3108,26.558,26.0834,26.2506
COLM,2011-06-20,26.1745,26.9723,26.1745,26.7479
COLM,2011-06-21,27.0029,27.5359,26.9585,27.1612
COLM,2011-06-22,26.9348,27.1403,26.7726,26.8043
COLM,2011-06-23,26.5995,27.1572,26.5718,27.0889
COLM,2011-06-24,27.085,27.2561,26.287,26.818
COLM,2011-06-27,26.8674,27.2234,26.8043,26.9585
COLM,2011-06-28,27.1098,27.4934,27.1058,27.342
COLM,2011-06-29,27.3837,27.5022,27.0791,27.2887
COLM,2011-06-30,27.2195,27.8939,27.2195,27.5913
COLM,2011-07-01,27.6239,28.3585,27.5359,28.139
COLM,2011-07-05,28.147,28.1904,27.6783,28.1173
COLM,2011-07-06,28.0609,28.3753,27.8028,28.1954
COLM,2011-07-07,28.4733,28.844,28.2627,28.5661
COLM,2011-07-08,28.1825,28.2438,27.8008,28.1647
COLM,2011-07-11,27.9076,28.1123,27.4845,27.6881
COLM,2011-07-12,27.5379,27.6862,27.2986,27.5062
COLM,2011-07-13,27.707,28.0234,27.4024,27.792
COLM,2011-07-14,27.7307,27.8532,27.5399,27.5765
COLM,2011-07-15,27.6694,27.8088,27.347,27.441
COLM,2011-07-18,27.3243,27.5873,26.8527,26.9377
COLM,2011-07-19,27.1186,27.3896,27.1186,27.2887
COLM,2011-07-20,27.2887,27.2887,26.827,26.9308
COLM,2011-07-21,27.2037,27.4311,27.1186,27.3639
COLM,2011-07-22,27.4628,27.5359,27.2146,27.5022
COLM,2011-07-25,27.2798,27.441,27.168,27.2422
COLM,2011-07-26,27.343,27.3984,27.1365,27.2887
COLM,2011-07-27,27.1957,27.2511,26.5521,26.7232
COLM,2011-07-28,26.7873,27.3332,26.5837,26.7903
COLM,2011-07-29,26.289,26.5382,24.6003,24.982
COLM,2011-08-01,25.3112,25.8896,24.6379,24.9908
COLM,2011-08-02,24.8632,25.4843,24.183,24.1929
COLM,2011-08-03,24.1395,25.2658,23.9318,25.145
COLM,2011-08-04,24.7238,26.1111,23.1339,23.1508
COLM,2011-08-05,23.2606,23.7905,22.423,23.5087
COLM,2011-08-08,22.9984,23.3544,22.2214,22.2738
COLM,2011-08-09,22.5467,23.1291,21.3324,23.0618
COLM,2011-08-10,22.4903,23.3149,22.0691,22.2688
COLM,2011-08-11,22.3607,23.6056,22.1096,23.2466
COLM,2011-08-12,23.484,23.9201,23.0667,23.6323
COLM,2011-08-15,23.8745,23.9882,23.5047,23.8834
COLM,2011-08-16,23.5453,23.5453,22.9373,23.1191
COLM,2011-08-17,23.1636,23.3188,22.0009,22.5773
COLM,2011-08-18,21.8891,22.0009,20.7273,21.0169
COLM,2011-08-19,20.6819,21.37,20.1331,20.2092
COLM,2011-08-22,20.6956,21.0476,20.1885,20.2744
COLM,2011-08-23,20.2527,21.6153,20.0995,21.5954
COLM,2011-08-24,21.5005,22.1096,21.5005,21.9583
COLM,2011-08-25,22.5773,22.5773,21.103,21.1861
COLM,2011-08-26,21.2741,21.8001,20.9616,21.7735
COLM,2011-08-29,21.5045,22.8344,21.5045,22.8255
COLM,2011-08-30,22.6347,22.8878,22.1778,22.778
COLM,2011-08-31,22.686,23.1853,22.686,23.0251
COLM,2011-09-01,23.0618,23.3732,22.5258,22.5773
COLM,2011-09-02,21.8654,22.2094,21.5213,21.6657
COLM,2011-09-06,20.9755,21.3888,20.849,21.3552
COLM,2011-09-07,21.4768,22.2865,21.4659,22.1827
COLM,2011-09-08,22.0918,22.6959,21.8535,22.0354
COLM,2011-09-09,21.8535,22.0047,21.0556,21.3591
COLM,2011-09-12,21.0516,21.6173,21.0072,21.544
COLM,2011-09-13,21.6053,22.2965,21.4956,22.1422
COLM,2011-09-14,22.2915,23.1883,21.8753,22.9373
COLM,2011-09-15,23.0341,23.215,22.7384,23.1725
COLM,2011-09-16,23.3881,23.7015,23.2042,23.4919
COLM,2011-09-19,22.8402,23.4039,22.4814,22.9333
COLM,2011-09-20,23.0528,24.0169,22.5594,22.6385
COLM,2011-09-21,22.5724,22.9333,21.4452,21.4521
COLM,2011-09-22,20.5661,21.37,20.5661,20.9053
COLM,2011-09-23,20.9578,21.7181,20.9578,21.641
COLM,2011-09-26,21.7181,22.0691,21.2948,22.0552
COLM,2011-09-27,22.5545,23.0528,22.1996,22.4675
COLM,2011-09-28,22.7108,22.7108,21.1861,21.1891
COLM,2011-09-29,21.6537,21.8486,20.3991,21.2741
COLM,2011-09-30,20.9062,21.3848,20.2379,20.2794
COLM,2011-10-03,20.1825,20.5968,18.7835,18.8931
COLM,2011-10-04,18.7617,19.173,17.9746,19.1285
COLM,2011-10-05,18.9584,20.2023,18.9584,20.0915
COLM,2011-10-06,20.0718,20.6996,19.9729,20.5137
COLM,2011-10-07,20.758,20.8786,20.1331,20.3397
COLM,2011-10-10,20.6907,21.4402,20.664,21.4244
COLM,2011-10-11,21.3492,21.5391,20.7708,21.1475
COLM,2011-10-12,21.3176,21.637,21.0169,21.0883
COLM,2011-10-13,20.9408,21.7556,20.5286,21.0843
COLM,2011-10-14,21.1564,21.9276,21.1564,21.8891
COLM,2011-10-17,21.3462,21.4402,20.4574,20.5869
COLM,2011-10-18,20.5197,21.4521,20.0184,21.286
COLM,2011-10-19,21.195,21.3671,20.7757,20.9655
COLM,2011-10-20,20.9488,21.3176,20.4525,21.1387
COLM,2011-10-21,21.4669,21.9237,21.0476,21.8436
COLM,2011-10-24,21.9682,23.1508,21.9682,23.1458
COLM,2011-10-25,24.0012,25.7344,23.7341,23.9745
COLM,2011-10-26,24.2651,24.5559,23.1596,23.5729
COLM,2011-10-27,24.4539,24.618,23.5127,24.1929
COLM,2011-10-28,24.3659,24.4114,23.9111,23.9882
COLM,2011-10-31,23.9745,24.005,23.4731,23.485
COLM,2011-11-01,23.2169,23.6817,22.8659,23.1558
COLM,2011-11-02,23.6728,24.0129,23.4642,23.8697
COLM,2011-11-03,24.1148,24.4421,23.303,23.9535
COLM,2011-11-04,23.8153,23.8241,23.571,23.7302
COLM,2011-11-07,23.7302,24.005,23.3307,23.6046
COLM,2011-11-08,23.7549,23.9972,23.2713,23.743
COLM,2011-11-09,23.0578,23.3465,22.5674,22.5763
COLM,2011-11-10,22.9293,22.9717,22.3993,22.7453
COLM,2011-11-11,23.0391,23.5482,22.9046,23.3801
COLM,2011-11-14,23.1438,23.5344,22.7325,22.9293
COLM,2011-11-15,22.8135,23.0707,22.6218,22.8659
COLM,2011-11-16,22.6258,22.951,22.2006,22.3379
COLM,2011-11-17,22.2134,22.9006,21.3779,21.7161
COLM,2011-11-18,21.7121,22.3083,21.3008,21.4224
COLM,2011-11-21,21.104,21.2059,20.7036,20.7757
COLM,2011-11-22,20.5444,20.844,20.312,20.6452
COLM,2011-11-23,20.4148,20.5187,20.054,20.3654
COLM,2011-11-25,20.2814,20.492,20.0718,20.0778
COLM,2011-11-28,20.6165,21.196,20.492,21.0339
COLM,2011-11-29,20.9902,21.11,20.7659,20.9488
COLM,2011-11-30,21.8298,22.2945,21.63,22.2945
COLM,2011-12-01,22.0473,22.3302,21.8031,22.0651
COLM,2011-12-02,22.3993,22.5951,22.2787,22.3379
COLM,2011-12-05,22.6722,23.5759,22.4567,23.1982
COLM,2011-12-06,23.2042,24.0307,22.7592,23.8547
COLM,2011-12-07,23.6165,23.7648,22.8215,23.1596
COLM,2011-12-08,22.8245,23.0795,22.5763,22.606
COLM,2011-12-09,22.7286,22.9717,22.5278,22.7721
COLM,2011-12-12,22.3025,22.3666,21.7635,22.0394
COLM,2011-12-13,21.9959,22.164,20.8252,20.9805
COLM,2011-12-14,20.844,21.1702,20.4465,20.9538
COLM,2011-12-15,20.849,21.2464,20.309,20.5444
COLM,2011-12-16,20.579,20.6037,20.226,20.2933
COLM,2011-12-19,20.3377,20.6165,19.9363,20.1112
COLM,2011-12-20,20.5908,20.7353,19.955,20.2764
COLM,2011-12-21,20.317,20.4702,20.0481,20.2764
COLM,2011-12-22,20.402,20.5444,20.2102,20.2962
COLM,2011-12-23,20.3427,20.5137,20.3377,20.4188
COLM,2011-12-27,20.2409,20.5701,20.2409,20.406
COLM,2011-12-28,20.2962,20.406,19.964,20.0234
COLM,2011-12-29,19.7465,20.4366,19.5299,20.4109
COLM,2011-12-30,20.402,20.6412,20.322,20.4278
COLM,2012-01-03,20.6087,20.6719,20.0351,20.1301
COLM,2012-01-04,19.9264,20.226,19.7465,19.7653
COLM,2012-01-05,19.6041,19.6891,18.9841,19.4707
COLM,2012-01-06,19.525,19.5348,19.2808,19.4133
COLM,2012-01-09,19.7069,19.7069,19.2571,19.4222
COLM,2012-01-10,19.6179,19.7969,19.5299,19.7732
COLM,2012-01-11,19.7465,19.8187,19.6318,19.7682
COLM,2012-01-12,19.7553,19.7682,19.5299,19.6931
COLM,2012-01-13,19.5348,20.0104,19.5348,19.7553
COLM,2012-01-17,19.9452,19.9452,19.4203,19.7198
COLM,2012-01-18,19.6624,19.959,19.525,19.8938
COLM,2012-01-19,19.8978,20.2359,19.8473,20.1439
COLM,2012-01-20,20.1666,20.6245,20.1222,20.3377
COLM,2012-01-23,20.2626,20.484,20.2142,20.3327
COLM,2012-01-24,20.2181,21.0526,20.1706,21.0299
COLM,2012-01-25,21.0269,21.3147,20.8815,21.2405
COLM,2012-01-26,21.3008,21.3008,20.6245,20.933
COLM,2012-01-27,20.8904,21.0664,20.7353,20.8974
COLM,2012-01-30,20.664,20.6719,20.1054,20.1933
COLM,2012-01-31,19.7465,20.5177,19.6792,20.1232
COLM,2012-02-01,20.2062,20.7659,20.2062,20.6363
COLM,2012-02-02,20.7223,21.0476,20.579,21.0229
COLM,2012-02-03,20.6245,22.4913,20.2833,21.9415
COLM,2012-02-06,21.8337,22.3083,21.8337,21.982
COLM,2012-02-07,21.9415,22.0364,21.7715,21.8496
COLM,2012-02-08,21.7842,22.0483,21.4778,21.7842
COLM,2012-02-09,21.7902,21.8337,21.4501,21.5639
COLM,2012-02-10,21.4531,21.9366,21.1811,21.4422
COLM,2012-02-13,21.3759,21.808,21.1407,21.635
COLM,2012-02-14,21.4876,21.8209,21.4422,21.808
COLM,2012-02-15,21.9168,22.0226,21.3591,21.4244
COLM,2012-02-16,21.546,21.9366,21.4827,21.9029
COLM,2012-02-17,22.0276,22.0404,21.7556,21.7992
COLM,2012-02-21,21.9029,21.9029,21.4155,21.5726
COLM,2012-02-22,21.4778,21.7111,21.4066,21.4926
COLM,2012-02-23,21.5639,21.9742,21.5153,21.8288
COLM,2012-02-24,21.9603,22.6623,21.7675,22.3232
COLM,2012-02-27,21.984,22.3696,21.9296,22.0404
COLM,2012-02-28,22.0898,22.4418,21.6934,21.8851
COLM,2012-02-29,21.8555,22.2283,21.8555,22.0127
COLM,2012-03-01,22.1215,22.252,21.9296,21.9326
COLM,2012-03-02,21.984,21.9929,21.5687,21.5816
COLM,2012-03-05,21.546,21.7111,21.3364,21.6617
COLM,2012-03-06,21.4362,21.5599,21.1673,21.1811
COLM,2012-03-07,21.3848,21.3848,21.101,21.2543
COLM,2012-03-08,21.3928,21.4926,21.2078,21.3364
COLM,2012-03-09,21.3977,21.8337,21.3364,21.7942
COLM,2012-03-12,21.8337,21.8535,21.4965,21.5856
COLM,2012-03-13,21.7378,22.1126,21.639,22.0898
COLM,2012-03-14,22.0938,22.1511,21.6647,21.7803
COLM,2012-03-15,21.8367,21.8367,21.4155,21.639
COLM,2012-03-16,21.6133,21.7764,21.458,21.625
COLM,2012-03-19,21.4876,21.7556,21.4016,21.5983
COLM,2012-03-20,21.4155,21.6478,21.4155,21.4876
COLM,2012-03-21,21.5639,21.6133,21.4214,21.4876
COLM,2012-03-22,21.3324,21.4452,21.1505,21.2642
COLM,2012-03-23,21.2938,21.2938,20.9418,21.0496
COLM,2012-03-26,21.2168,21.5153,21.0536,21.1594
COLM,2012-03-27,21.0664,21.28,21.0664,21.1407
COLM,2012-03-28,21.2128,21.2128,20.662,20.7975
COLM,2012-03-29,20.6946,20.9665,20.4228,20.8677
COLM,2012-03-30,21.1188,21.1505,20.8163,20.9141
COLM,2012-04-02,20.8252,20.9014,20.5948,20.7135
COLM,2012-04-03,20.5336,20.7757,20.4001,20.6205
COLM,2012-04-04,20.3249,20.6403,20.3002,20.5888
COLM,2012-04-05,20.5336,20.7659,20.4939,20.6582
COLM,2012-04-09,20.2794,20.6245,20.2794,20.5641
COLM,2012-04-10,20.4782,20.4782,20.228,20.3496
COLM,2012-04-11,20.5593,20.9231,20.5513,20.8904
COLM,2012-04-12,20.9062,21.5282,20.8747,21.5065
COLM,2012-04-13,21.3265,21.5776,21.2375,21.4155
COLM,2012-04-16,21.4659,21.6517,21.1505,21.3671
COLM,2012-04-17,21.4155,21.9039,21.2523,21.7595
COLM,2012-04-18,21.6567,21.6794,21.4066,21.5065
COLM,2012-04-19,21.4452,21.5095,21.0664,21.1327
COLM,2012-04-20,21.1891,21.5599,21.0398,21.3462
COLM,2012-04-23,21.0299,21.0576,20.6809,20.9092
COLM,2012-04-24,20.8351,21.0536,20.7174,20.8677
COLM,2012-04-25,21.0536,21.3027,21.0229,21.1505
COLM,2012-04-26,21.106,22.0898,20.9992,21.9692
COLM,2012-04-27,20.7303,21.8001,20.3051,21.4283
COLM,2012-04-30,21.2246,21.4778,20.6986,20.761
COLM,2012-05-01,20.758,20.9438,20.6245,20.7135
COLM,2012-05-02,20.5336,21.278,20.5336,21.2078
COLM,2012-05-03,21.2434,21.3444,20.7086,20.7303
COLM,2012-05-04,20.6195,20.6809,20.4386,20.5888
COLM,2012-05-07,20.5553,20.7451,20.4821,20.7303
COLM,2012-05-08,20.4989,20.6106,20.0016,20.4584
COLM,2012-05-09,20.2448,20.7402,20.1646,20.6363
COLM,2012-05-10,20.8024,20.8637,20.662,20.7263
COLM,2012-05-11,20.6285,20.9883,20.6285,20.8677
COLM,2012-05-14,20.6245,20.7757,20.3901,20.6849
COLM,2012-05-15,20.6077,20.9735,20.3803,20.6363
COLM,2012-05-16,20.7402,21.0299,20.5583,20.9636
COLM,2012-05-17,21.0209,21.0209,20.7402,20.8024
COLM,2012-05-18,20.7787,20.9024,20.5503,20.7353
COLM,2012-05-21,20.845,21.2405,20.5553,21.2108
COLM,2012-05-22,21.1792,21.5095,21.0645,21.3878
COLM,2012-05-23,20.9883,21.4056,20.9883,21.3205
COLM,2012-05-24,21.3444,21.5687,21.3205,21.5509
COLM,2012-05-25,21.5896,21.7468,21.3918,21.6567
COLM,2012-05-29,21.7735,21.7902,21.2711,21.4867
COLM,2012-05-30,21.3581,21.4056,21.2009,21.28
COLM,2012-05-31,21.2978,21.4481,21.0843,21.2978
COLM,2012-06-01,20.9438,21.0733,20.5948,20.761
COLM,2012-06-04,20.7787,21.0209,20.6165,20.8311
COLM,2012-06-05,20.7847,21.3067,20.6314,21.2474
COLM,2012-06-06,21.4056,21.8377,21.2929,21.8209
COLM,2012-06-07,22.0295,22.0918,21.5639,21.7221
COLM,2012-06-08,21.7031,22.2371,21.5726,22.1837
COLM,2012-06-11,22.3222,22.4675,21.8041,21.8209
COLM,2012-06-12,21.8772,22.167,21.6517,22.1056
COLM,2012-06-13,22.0236,22.4507,21.8406,21.9435
COLM,2012-06-14,21.8673,22.1422,21.6934,21.8555
COLM,2012-06-15,21.7438,22.2718,21.7438,22.2234
COLM,2012-06-18,22.1244,22.7681,21.9939,22.7157
COLM,2012-06-19,22.8581,23.8527,22.778,23.5057
COLM,2012-06-20,23.5057,23.6916,23.1291,23.4622
COLM,2012-06-21,23.4731,23.6165,23.1805,23.3871
COLM,2012-06-22,23.4425,23.5661,23.1805,23.5284
COLM,2012-06-25,23.2269,23.3584,22.962,23.0064
COLM,2012-06-26,23.1023,23.1982,22.7196,22.9837
COLM,2012-06-27,23.0895,23.2319,22.962,23.1428
COLM,2012-06-28,22.9797,22.9935,22.686,22.9026
COLM,2012-06-29,23.2319,23.7954,23.0795,23.747
COLM,2012-07-02,23.7796,23.8488,23.0281,23.3999
COLM,2012-07-03,23.3584,23.8439,23.2813,23.8023
COLM,2012-07-05,23.7183,24.7091,23.7183,24.4401
COLM,2012-07-06,24.181,24.3195,23.3227,24.1098
COLM,2012-07-09,24.1098,24.1286,23.6916,23.7055
COLM,2012-07-10,23.8488,24.2037,23.6866,23.7648
COLM,2012-07-11,23.7746,23.7746,22.9233,23.3267
COLM,2012-07-12,23.2219,23.5759,22.6258,23.304
COLM,2012-07-13,23.4158,24.0753,23.3634,23.6501
COLM,2012-07-16,23.5097,23.5097,22.952,23.1201
COLM,2012-07-17,23.1893,23.5798,22.7286,23.1428
COLM,2012-07-18,23.0518,23.8211,22.8402,23.3544
COLM,2012-07-19,23.4692,23.7509,23.2536,23.5344
COLM,2012-07-20,23.4425,23.5601,23.2486,23.4622
COLM,2012-07-23,23.1805,23.4158,22.6762,23.2407
COLM,2012-07-24,23.3683,23.3871,22.7878,22.9658
COLM,2012-07-25,23.1152,23.1152,22.4586,22.4863
COLM,2012-07-26,22.686,23.1982,22.0127,23.1982
COLM,2012-07-27,22.9658,23.6966,22.7306,22.9965
COLM,2012-07-30,22.944,23.0934,22.6297,22.6623
COLM,2012-07-31,22.6138,22.7651,22.3172,22.4043
COLM,2012-08-01,22.4507,22.7384,22.0384,22.0681
COLM,2012-08-02,21.9613,22.3636,21.8772,22.2758
COLM,2012-08-03,22.5891,23.2486,22.5891,23.0381
COLM,2012-08-06,23.1152,23.7905,22.863,23.7183
COLM,2012-08-07,23.8944,24.4688,23.8073,24.3027
COLM,2012-08-08,24.1454,24.1543,23.5838,23.7707
COLM,2012-08-09,23.7826,23.9131,23.1656,23.57
COLM,2012-08-10,23.5512,23.5512,23.1558,23.4306
COLM,2012-08-13,23.4523,23.6165,23.1982,23.5838
COLM,2012-08-14,23.6689,23.7519,22.9757,23.1032
COLM,2012-08-15,23.0261,23.1972,22.8601,23.1576
COLM,2012-08-16,23.0638,23.1004,22.2885,22.5041
COLM,2012-08-17,22.4359,22.5941,22.2045,22.5407
COLM,2012-08-20,22.5714,22.6772,22.2658,22.6375
COLM,2012-08-21,22.6258,22.9263,22.5437,22.6919
COLM,2012-08-22,22.6919,22.7286,22.5753,22.6188
COLM,2012-08-23,22.5753,22.5981,22.3389,22.432
COLM,2012-08-24,22.3539,22.7573,22.3539,22.509
COLM,2012-08-27,22.5614,22.7058,22.3262,22.5407
COLM,2012-08-28,22.5041,23.1873,22.4656,22.9125
COLM,2012-08-29,22.7345,23.0815,22.6584,23.0687
COLM,2012-08-30,22.9046,23.2883,22.8027,22.9717
COLM,2012-08-31,23.1725,23.5284,22.8601,23.2516
COLM,2012-09-04,23.313,23.5146,22.9243,23.4425
COLM,2012-09-05,23.5561,23.5561,23.0311,23.1132
COLM,2012-09-06,23.1725,23.2853,22.8412,23.04
COLM,2012-09-07,23.1409,23.4563,23.0775,23.2209
COLM,2012-09-10,23.1932,23.3989,23.1409,23.1972
COLM,2012-09-11,23.1636,23.1665,22.9293,23.045
COLM,2012-09-12,23.0815,23.313,22.8907,23.2883
COLM,2012-09-13,23.2616,23.7143,23.0638,23.4602
COLM,2012-09-14,23.5245,23.7707,23.4523,23.5759
COLM,2012-09-17,23.4958,23.4958,23.2042,23.3811
COLM,2012-09-18,23.3397,23.3397,23.0954,23.1665
COLM,2012-09-19,23.1755,23.2566,22.9203,23.0914
COLM,2012-09-20,22.9243,23.2941,22.606,22.9243
COLM,2012-09-21,23.1843,23.2853,22.8195,22.9046
COLM,2012-09-24,22.775,22.951,22.6327,22.7019
COLM,2012-09-25,22.775,23.836,22.6515,23.4879
COLM,2012-09-26,23.485,24.0891,23.313,23.8458
COLM,2012-09-27,23.9101,24.7051,23.8587,24.3412
COLM,2012-09-28,24.188,24.188,23.7766,23.9645
COLM,2012-10-01,24.0723,24.183,23.8221,23.9705
COLM,2012-10-02,24.0021,24.0317,23.6689,23.9942
COLM,2012-10-03,23.9882,23.9882,23.2793,23.3989
COLM,2012-10-04,23.4128,24.0446,23.1576,24.0268
COLM,2012-10-05,24.0386,24.3501,23.8764,24.1257
COLM,2012-10-08,23.9745,23.9972,23.7609,23.7964
COLM,2012-10-09,23.7876,23.7964,23.2665,23.3307
COLM,2012-10-10,23.5284,23.5472,23.2616,23.3257
COLM,2012-10-11,23.5561,23.5561,23.2466,23.3762
COLM,2012-10-12,23.3664,23.4365,23.0548,23.1092
COLM,2012-10-15,23.1329,23.8507,23.0638,23.7914
COLM,2012-10-16,23.8627,24.3007,23.84,24.098
COLM,2012-10-17,24.2384,24.2928,24.0723,24.2117
COLM,2012-10-18,23.9942,24.2156,23.6827,23.7667
COLM,2012-10-19,23.6215,23.8914,23.5057,23.7964
COLM,2012-10-22,23.6768,23.84,23.2309,23.5433
COLM,2012-10-23,23.3257,23.6036,23.1132,23.5512
COLM,2012-10-24,23.5798,23.9101,23.1636,23.8627
COLM,2012-10-25,24.1118,24.4184,23.6689,23.8824
COLM,2012-10-26,24.2294,25.4427,24.1484,24.9118
COLM,2012-10-31,24.8514,25.5751,24.8514,25.0818
COLM,2012-11-01,25.0779,25.3399,24.9058,25.1046
COLM,2012-11-02,25.0502,25.2736,24.801,24.9365
COLM,2012-11-05,24.9156,25.2202,24.8385,25.0739
COLM,2012-11-06,25.1253,25.2736,24.9958,25.2202
COLM,2012-11-07,25.0106,25.0106,24.6922,24.7238
COLM,2012-11-08,24.6971,24.8297,24.3679,24.4084
COLM,2012-11-09,24.2621,24.3679,24.0317,24.188
COLM,2012-11-12,24.2206,24.8425,24.2206,24.4341
COLM,2012-11-13,24.4341,25.0659,24.2621,24.3047
COLM,2012-11-14,24.4816,24.802,23.9161,23.9438
COLM,2012-11-15,23.8745,24.6102,23.5443,23.742
COLM,2012-11-16,24.4668,24.4905,23.7074,24.4084
COLM,2012-11-19,24.9394,24.9423,24.4668,24.7338
COLM,2012-11-20,24.6684,25.0254,24.6684,24.9938
COLM,2012-11-21,24.9977,25.2271,24.9176,25.0442
COLM,2012-11-23,25.1283,25.4466,25.1283,25.3785
COLM,2012-11-26,25.3132,25.4012,25.0986,25.3576
COLM,2012-11-27,25.0304,25.5396,25.0057,25.326
COLM,2012-11-28,25.2488,26.0181,24.974,25.8422
COLM,2012-11-29,26.0231,26.1071,25.6939,25.9687
COLM,2012-11-30,25.8886,26.0458,25.6058,25.852
COLM,2012-12-03,26.0647,26.0647,25.7591,25.8472
COLM,2012-12-04,25.8836,26.0053,25.0759,25.2588
COLM,2012-12-05,25.3626,25.6899,25.0155,25.2172
COLM,2012-12-06,25.1668,25.5534,24.9938,25.4516
COLM,2012-12-07,25.5357,25.5534,24.5449,25.2271
COLM,2012-12-10,25.2311,25.2311,24.3986,24.4223
COLM,2012-12-11,24.4223,24.9325,24.3175,24.9276
COLM,2012-12-12,25.0254,25.1964,24.6053,24.7437
COLM,2012-12-13,24.7387,24.8959,24.0376,24.3294
COLM,2012-12-14,24.3986,24.4124,23.7628,24.0159
COLM,2012-12-17,24.1504,24.1504,23.829,24.1504
COLM,2012-12-18,24.1158,24.3175,24.0079,24.0426
COLM,2012-12-19,23.7984,24.358,23.7984,24.1108
COLM,2012-12-20,24.0624,24.0624,23.8221,24.0249
COLM,2012-12-21,23.1834,24.0525,23.0341,23.9685
COLM,2012-12-24,23.6273,23.9685,23.4078,23.5848
COLM,2012-12-26,23.6175,23.6659,23.1488,23.394
COLM,2012-12-27,23.5394,23.5522,23.1369,23.3307
COLM,2012-12-28,23.3435,23.5304,22.9313,23.2566
COLM,2012-12-31,23.4246,23.9338,23.308,23.8241
COLM,2013-01-02,24.2057,24.2156,23.4335,23.742
COLM,2013-01-03,23.838,24.2196,23.4968,23.8657
COLM,2013-01-04,24.0002,24.0525,23.7025,23.843
COLM,2013-01-07,23.6689,23.742,23.3664,23.6323
COLM,2013-01-08,23.6886,23.9161,23.4692,23.829
COLM,2013-01-09,23.8093,23.9962,23.4375,23.5719
COLM,2013-01-10,23.6273,23.8794,23.1132,23.7628
COLM,2013-01-11,23.8093,23.9526,23.5561,23.6599
COLM,2013-01-14,23.6748,23.7934,23.0677,23.481
COLM,2013-01-15,23.3891,23.5759,23.0944,23.5107
COLM,2013-01-16,23.5107,23.5344,23.1271,23.2883
COLM,2013-01-17,21.4343,23.1072,21.3067,22.6792
COLM,2013-01-18,22.51,22.7266,22.1996,22.3399
COLM,2013-01-22,22.2491,22.3588,21.9178,22.0137
COLM,2013-01-23,21.9909,22.0977,21.7289,22.0137
COLM,2013-01-24,22.0513,22.4794,22.0127,22.4418
COLM,2013-01-25,22.4863,22.952,22.3636,22.8679
COLM,2013-01-28,22.9233,23.1072,22.8047,23.0341
COLM,2013-01-29,23.0984,23.0984,22.7236,22.7493
COLM,2013-01-30,22.603,22.7266,22.3913,22.6939
COLM,2013-01-31,22.7236,23.0241,22.5991,22.8135
COLM,2013-02-01,22.8887,22.9847,22.5911,22.5961
COLM,2013-02-04,21.3452,22.0473,21.3205,21.7725
COLM,2013-02-05,21.9,22.0691,21.6824,21.9356
COLM,2013-02-06,21.9356,22.1689,21.725,21.7378
COLM,2013-02-07,21.9909,22.3786,21.4372,22.1215
COLM,2013-02-08,21.543,22.7721,21.4886,22.6198
COLM,2013-02-11,22.5763,22.9233,22.4053,22.9233
COLM,2013-02-12,23.0074,23.2062,22.6939,23.0638
COLM,2013-02-13,23.0904,23.3664,22.9401,23.3664
COLM,2013-02-14,23.2466,23.9725,23.2466,23.924
COLM,2013-02-15,23.8557,23.8834,23.5482,23.5561
COLM,2013-02-19,23.4335,24.3659,23.4335,24.0496
COLM,2013-02-20,23.9882,24.5092,23.9882,24.1138
COLM,2013-02-21,24.2276,26.291,24.1899,25.5514
COLM,2013-02-22,25.5257,25.6612,25.1085,25.1984
COLM,2013-02-25,25.3339,25.677,25.1906,25.496
COLM,2013-02-26,25.509,25.6712,25.1173,25.496
COLM,2013-02-27,25.2785,25.9964,25.0591,25.1945
COLM,2013-02-28,24.9671,25.4377,24.8919,24.9019
COLM,2013-03-01,24.8534,25.1896,24.8465,25.0818
COLM,2013-03-04,24.9641,25.145,24.6853,24.8238
COLM,2013-03-05,24.8405,24.8969,24.6003,24.7763
COLM,2013-03-06,24.804,25.064,24.6359,24.9592
COLM,2013-03-07,25.0096,25.1006,24.6814,25.0679
COLM,2013-03-08,25.1639,25.3478,24.9443,25.0492
COLM,2013-03-11,24.798,25.3162,24.6606,25.2785
COLM,2013-03-12,24.9563,25.4546,24.9563,25.155
COLM,2013-03-13,25.2391,26.0874,25.145,25.8579
COLM,2013-03-14,25.8579,26.2139,25.8253,25.8757
COLM,2013-03-15,25.9885,26.2239,25.5791,25.9964
COLM,2013-03-18,25.9024,26.3365,25.7294,25.8896
COLM,2013-03-19,25.8579,26.3187,25.6008,26.2426
COLM,2013-03-20,26.2426,26.651,26.1091,26.4789
COLM,2013-03-21,26.4344,26.6233,26.1695,26.3187
COLM,2013-03-22,26.2663,26.8754,26.2089,26.3277
COLM,2013-03-25,26.2239,26.301,25.6939,26.0934
COLM,2013-03-26,26.0914,26.3405,25.5179,26.2189
COLM,2013-03-27,26.1555,26.4196,25.7898,26.291
COLM,2013-03-28,26.0063,26.1872,25.7858,25.9519
COLM,2013-04-01,25.6672,26.1051,25.3705,25.5871
COLM,2013-04-02,25.7244,26.1972,25.6712,26.0103
COLM,2013-04-03,26.0013,26.4018,25.6197,26.2287
COLM,2013-04-04,26.6183,26.6183,26.0152,26.4878
COLM,2013-04-05,26.2386,26.4344,26.03,26.3247
COLM,2013-04-08,26.4393,26.5323,25.939,26.4601
COLM,2013-04-09,26.4146,26.4522,26.1695,26.2336
COLM,2013-04-10,25.9213,26.5135,25.9213,26.4393
COLM,2013-04-11,26.5699,26.6322,26.3335,26.4561
COLM,2013-04-12,26.4651,26.5185,26.1555,26.5057
COLM,2013-04-15,26.4117,26.4828,26.0093,26.1091
COLM,2013-04-16,26.2623,26.2623,25.8422,26.1408
COLM,2013-04-17,26.0617,26.5323,25.7769,26.1298
COLM,2013-04-18,26.2002,26.2002,25.8075,25.8709
COLM,2013-04-19,25.8332,26.3434,25.8332,26.2287
COLM,2013-04-22,26.0834,26.3098,25.8392,26.0201
COLM,2013-04-23,26.2386,26.5057,26.0063,26.4393
COLM,2013-04-24,26.5362,26.5985,26.4196,26.4196
COLM,2013-04-25,25.159,27.6536,25.159,27.2136
COLM,2013-04-26,27.2334,27.5774,25.512,26.4196
COLM,2013-04-29,26.2811,26.8053,26.2811,26.382
COLM,2013-04-30,26.3247,26.5135,26.1121,26.2753
COLM,2013-05-01,26.0063,26.295,25.8481,26.034
COLM,2013-05-02,25.9796,26.56,25.8709,26.4918
COLM,2013-05-03,26.5501,27.2858,26.5501,27.0138
COLM,2013-05-06,26.9348,27.1592,26.8804,26.9081
COLM,2013-05-07,26.9832,27.0751,26.7252,26.8654
COLM,2013-05-08,26.8804,26.8804,26.5985,26.7301
COLM,2013-05-09,26.5501,26.8358,26.5185,26.6945
COLM,2013-05-10,26.7548,26.7716,26.5738,26.6885
COLM,2013-05-13,26.5798,26.829,26.4146,26.7883
COLM,2013-05-14,26.7796,27.2669,26.4591,27.1295
COLM,2013-05-15,27.0573,27.2838,27.0573,27.168
COLM,2013-05-16,27.2669,27.4201,26.998,27.2204
COLM,2013-05-17,27.3243,27.3659,27.1028,27.2204
COLM,2013-05-20,27.1562,27.8355,27.1433,27.7673
COLM,2013-05-21,27.6012,27.8355,27.5389,27.7267
COLM,2013-05-22,27.4538,27.8809,27.168,27.352
COLM,2013-05-23,27.2709,27.3659,26.7646,26.9654
COLM,2013-05-24,26.7756,26.7756,26.559,26.6668
COLM,2013-05-28,26.82,27.2966,26.4265,26.5976
COLM,2013-05-29,26.4828,26.9565,26.293,26.7459
COLM,2013-05-30,26.8854,27.6012,26.8854,27.2481
COLM,2013-05-31,26.9111,27.4123,26.9111,27.1009
COLM,2013-06-03,27.1908,28.3516,26.7459,28.0332
COLM,2013-06-04,28.1271,28.1717,27.2442,27.7801
COLM,2013-06-05,27.7998,27.8197,27.1473,27.2966
COLM,2013-06-06,27.352,27.4992,26.8477,27.1957
COLM,2013-06-07,27.356,27.606,27.1463,27.4163
COLM,2013-06-10,27.4588,28.234,27.1256,27.44
COLM,2013-06-11,27.1908,27.5765,27.1009,27.4449
COLM,2013-06-12,27.5468,27.5566,27.2877,27.3055
COLM,2013-06-13,27.4163,27.9473,27.3055,27.8968
COLM,2013-06-14,27.9521,28.0816,27.7396,27.7673
COLM,2013-06-17,27.8672,27.9868,27.6921,27.8672
COLM,2013-06-18,27.795,28.2083,27.6723,27.9007
COLM,2013-06-19,27.8028,28.141,27.79,27.8721
COLM,2013-06-20,27.7851,27.9007,27.6397,27.7109
COLM,2013-06-21,27.8295,28.2537,27.6397,27.6871
COLM,2013-06-24,27.5062,27.7455,27.0109,27.3203
COLM,2013-06-25,27.4201,27.5439,26.9822,27.4054
COLM,2013-06-26,27.4815,27.6684,27.0336,27.3807
COLM,2013-06-27,27.4163,28.2211,27.1957,27.8809
COLM,2013-06-28,27.7574,28.4723,27.6397,28.1934
COLM,2013-07-01,28.3912,28.7599,28.148,28.6542
COLM,2013-07-02,28.6621,29.026,28.582,28.8559
COLM,2013-07-03,28.9518,29.1416,28.7303,29.0557
COLM,2013-07-05,29.373,29.9554,29.2583,29.9465
COLM,2013-07-08,29.9287,30.0118,29.0834,29.113
COLM,2013-07-09,29.3977,29.4917,28.7738,28.8015
COLM,2013-07-10,28.6977,29.2178,28.4001,28.7392
COLM,2013-07-11,28.8015,28.9913,28.1845,28.23
COLM,2013-07-12,28.2904,28.4683,27.79,28.1321
COLM,2013-07-15,28.2251,28.7036,28.1173,28.3715
COLM,2013-07-16,28.4179,28.6937,28.1321,28.2627
COLM,2013-07-17,28.4089,28.6413,28.2211,28.3131
COLM,2013-07-18,28.3229,28.9162,27.973,28.6383
COLM,2013-07-19,28.6581,28.6581,28.0312,28.3328
COLM,2013-07-22,28.2033,28.3635,28.0946,28.2122
COLM,2013-07-23,28.2627,28.5277,28.0015,28.2122
COLM,2013-07-24,28.3456,28.5394,28.0846,28.1884
COLM,2013-07-25,28.1321,28.6413,28.05,28.2675
COLM,2013-07-26,28.1934,29.6568,28.1271,29.1228
COLM,2013-07-29,28.8332,29.5243,28.7431,29.3809
COLM,2013-07-30,29.3641,29.4541,29.0961,29.1635
COLM,2013-07-31,29.2178,29.3206,28.9122,29.0339
COLM,2013-08-01,29.1692,29.1722,28.842,29.0557
COLM,2013-08-02,28.9963,29.0834,28.234,29.0587
COLM,2013-08-05,29.0507,29.0587,28.933,28.9963
COLM,2013-08-06,28.8974,29.026,28.6156,28.9795
COLM,2013-08-07,28.933,28.933,27.8038,27.8454
COLM,2013-08-08,27.9927,27.9927,27.3025,27.3856
COLM,2013-08-09,27.4094,27.6773,27.1206,27.6012
COLM,2013-08-12,27.4538,27.8672,27.4201,27.7198
COLM,2013-08-13,27.6674,27.7771,27.1582,27.6773
COLM,2013-08-14,27.696,27.7801,27.3283,27.3847
COLM,2013-08-15,27.1987,27.4478,26.2346,26.5224
COLM,2013-08-16,26.3691,26.8527,26.293,26.7212
COLM,2013-08-19,26.7122,26.7122,26.0874,26.1131
COLM,2013-08-20,25.947,26.3612,25.947,26.1091
COLM,2013-08-21,26.0764,26.3949,25.9747,26.2109
COLM,2013-08-22,26.298,26.4641,25.9836,26.2496
COLM,2013-08-23,26.2544,26.2544,25.7571,26.0577
COLM,2013-08-26,26.0399,26.1852,25.77,25.9331
COLM,2013-08-27,25.4329,25.9499,25.1026,25.2974
COLM,2013-08-28,25.2508,25.4793,25.1974,25.3853
COLM,2013-08-29,25.3813,25.5791,25.2202,25.4556
COLM,2013-08-30,25.3853,25.7354,25.2598,25.5574
COLM,2013-09-03,25.7878,25.943,25.501,25.6997
COLM,2013-09-04,25.7186,26.1348,25.7186,26.0972
COLM,2013-09-05,26.0498,26.5451,25.3112,26.1131
COLM,2013-09-06,26.2209,26.7301,25.8699,26.478
COLM,2013-09-09,26.6134,26.7756,26.2209,26.6588
COLM,2013-09-10,26.65,26.7043,26.4868,26.6945
COLM,2013-09-11,26.4868,26.7893,26.4828,26.5837
COLM,2013-09-12,26.4641,26.8724,26.298,26.65
COLM,2013-09-13,26.7606,27.0119,26.5323,26.811
COLM,2013-09-16,27.0642,27.263,26.469,26.6678
COLM,2013-09-17,26.83,27.0494,26.5689,27.0
COLM,2013-09-18,26.9198,27.5162,26.83,27.174
COLM,2013-09-19,27.265,27.3579,27.0039,27.1463
COLM,2013-09-20,27.2778,27.347,26.9198,27.0445
COLM,2013-09-23,26.9674,27.606,26.8764,27.4341
COLM,2013-09-24,27.4578,27.6347,27.179,27.3994
COLM,2013-09-25,27.4983,27.5803,27.0732,27.0732
COLM,2013-09-26,27.3006,27.5705,27.1403,27.3747
COLM,2013-09-27,27.2383,27.6871,27.2284,27.3411
COLM,2013-09-30,27.1048,27.4983,27.0959,27.2027
COLM,2013-10-01,27.2778,27.5468,27.1137,27.4478
COLM,2013-10-02,27.4034,27.6347,27.0119,27.1009
COLM,2013-10-03,27.1542,27.3411,26.816,26.8724
COLM,2013-10-04,26.9505,27.2096,26.9505,27.1186
COLM,2013-10-07,26.8951,27.0959,26.3771,26.4423
COLM,2013-10-08,26.5738,26.65,26.1378,26.3118
COLM,2013-10-09,26.2831,26.65,26.2831,26.5689
COLM,2013-10-10,26.6845,27.2096,26.6648,27.1048
COLM,2013-10-11,26.9713,27.5516,26.9417,27.5379
COLM,2013-10-14,27.3411,28.1183,27.2699,28.051
COLM,2013-10-15,28.0075,28.147,27.79,27.795
COLM,2013-10-16,27.8454,28.1677,27.8454,27.9433
COLM,2013-10-17,27.973,28.403,27.7109,28.051
COLM,2013-10-18,28.2735,28.6522,26.6845,28.3982
COLM,2013-10-21,28.5058,28.5207,28.1677,28.3249
COLM,2013-10-22,28.3051,28.7303,28.1954,28.4258
COLM,2013-10-23,28.3852,28.6334,28.1776,28.3792
COLM,2013-10-24,28.2458,29.4699,28.0471,29.4037
COLM,2013-10-25,29.9633,31.6026,29.8259,31.3208
COLM,2013-10-28,31.1656,31.1656,29.901,29.9781
COLM,2013-10-29,30.1096,30.4082,29.9969,30.2768
COLM,2013-10-30,30.3747,30.5279,29.8219,30.0889
COLM,2013-10-31,30.0632,30.3984,29.9544,30.2025
COLM,2013-11-01,30.0889,30.4824,29.8961,30.344
COLM,2013-11-04,30.341,30.5032,30.1353,30.3053
COLM,2013-11-05,30.2411,30.7197,30.0889,30.4695
COLM,2013-11-06,30.6633,30.7958,30.1353,30.5408
COLM,2013-11-07,30.6109,30.6109,30.0305,30.1502
COLM,2013-11-08,30.1026,30.5962,30.0255,30.2539
COLM,2013-11-11,30.1313,30.349,30.0532,30.2678
COLM,2013-11-12,30.2579,30.597,30.1254,30.4438
COLM,2013-11-13,30.2451,30.8058,30.2451,30.8058
COLM,2013-11-14,30.8255,30.9995,30.3528,30.8452
COLM,2013-11-15,30.7839,30.8225,30.4339,30.7404
COLM,2013-11-18,30.7602,31.041,30.5555,30.7157
COLM,2013-11-19,30.7257,30.9669,30.1838,30.2322
COLM,2013-11-20,30.3578,30.4705,29.8813,30.0008
COLM,2013-11-21,29.9722,30.6366,29.9722,30.3677
COLM,2013-11-22,30.4567,30.6219,30.158,30.5694
COLM,2013-11-25,30.4655,30.8225,30.3528,30.4191
COLM,2013-11-26,30.4705,31.219,30.4705,31.136
COLM,2013-11-27,31.1765,31.5097,30.9382,31.3208
COLM,2013-11-29,31.48,31.6343,31.2131,31.4573
COLM,2013-12-02,31.4711,31.4711,30.4567,30.5506
COLM,2013-12-03,30.5279,31.0322,30.335,30.9244
COLM,2013-12-04,30.8225,31.0094,30.4281,30.6653
COLM,2013-12-05,30.6219,31.0222,30.5645,30.8086
COLM,2013-12-06,30.9194,31.48,30.7801,31.2694
COLM,2013-12-09,31.2694,31.5532,31.0687,31.4573
COLM,2013-12-10,31.3575,31.8004,31.3338,31.7184
COLM,2013-12-11,31.7045,31.8706,31.6343,31.667
COLM,2013-12-12,31.6471,31.8982,31.5008,31.6698
COLM,2013-12-13,31.7688,32.1355,31.4998,32.011
COLM,2013-12-16,32.105,32.4134,31.8053,32.3066
COLM,2013-12-17,32.2889,32.5667,32.1218,32.4569
COLM,2013-12-18,32.4391,33.3201,32.4234,33.2716
COLM,2013-12-19,33.1481,33.239,32.894,33.1174
COLM,2013-12-20,33.2657,34.1981,32.9631,34.1496
COLM,2013-12-23,34.3257,34.6431,34.1369,34.5403
COLM,2013-12-24,34.5046,34.8448,34.5046,34.7479
COLM,2013-12-26,34.8685,35.8662,34.8358,35.8147
COLM,2013-12-27,35.9561,35.9908,35.5408,35.8453
COLM,2013-12-30,35.7822,36.0313,35.7327,35.8226
COLM,2013-12-31,35.8453,35.9314,35.5824,35.7011
COLM,2014-01-02,35.7149,35.8573,35.0524,35.4993
COLM,2014-01-03,35.4993,35.8147,35.4153,35.5764
COLM,2014-01-06,35.5864,35.619,34.6866,34.7993
COLM,2014-01-07,35.0089,35.6358,34.8537,35.5597
COLM,2014-01-08,35.6358,35.9719,35.3975,35.884
COLM,2014-01-09,36.0362,36.0362,35.6595,35.9017
COLM,2014-01-10,35.9077,36.2182,35.5764,36.2142
COLM,2014-01-13,36.2043,36.2676,35.5814,35.7861
COLM,2014-01-14,35.9077,36.2488,35.5962,36.1855
COLM,2014-01-15,36.2389,36.2864,35.8929,36.2043
COLM,2014-01-16,36.0224,36.0224,35.6417,35.8523
COLM,2014-01-17,35.2047,35.3698,34.0943,34.1724
COLM,2014-01-21,34.3801,34.5225,33.8887,34.1319
COLM,2014-01-22,34.0805,34.4908,34.0192,34.1773
COLM,2014-01-23,34.0854,34.7103,33.8056,34.0548
COLM,2014-01-24,33.855,34.1496,33.7147,33.7918
COLM,2014-01-27,33.86,34.738,33.6376,34.5146
COLM,2014-01-28,34.5531,35.3134,34.2229,34.7291
COLM,2014-01-29,34.4879,34.8882,33.5653,33.6176
COLM,2014-01-30,33.9421,34.999,33.9421,34.5947
COLM,2014-01-31,34.122,35.0703,33.693,33.7057
COLM,2014-02-03,33.687,33.9144,32.894,33.2746
COLM,2014-02-04,33.508,34.1369,32.8129,33.2746
COLM,2014-02-05,33.2746,33.3161,32.7169,33.0255
COLM,2014-02-06,33.4832,33.4832,33.0522,33.0937
COLM,2014-02-07,33.0937,33.5653,33.0334,33.3656
COLM,2014-02-10,33.2846,33.7868,33.2302,33.7424
COLM,2014-02-11,33.7117,34.1685,33.5248,33.9638
COLM,2014-02-12,33.7789,34.2594,33.7789,34.0152
COLM,2014-02-13,34.1181,35.3886,33.7215,35.1444
COLM,2014-02-14,35.1117,35.4786,34.7667,34.8922
COLM,2014-02-18,35.085,36.06,34.999,35.6625
COLM,2014-02-19,38.6921,40.0091,37.3988,38.1453
COLM,2014-02-20,37.2327,38.5328,37.2167,38.426
COLM,2014-02-21,37.3988,38.084,37.0101,37.4185
COLM,2014-02-24,37.2751,37.7102,37.0101,37.199
COLM,2014-02-25,37.3147,38.4439,37.3147,38.3677
COLM,2014-02-26,38.2422,39.1419,38.0366,38.432
COLM,2014-02-27,38.1304,38.2837,37.5411,37.8091
COLM,2014-02-28,37.5421,37.988,37.195,37.6676
COLM,2014-03-03,37.293,37.8842,37.2663,37.7369
COLM,2014-03-04,38.252,39.0678,37.7557,38.6881
COLM,2014-03-05,38.6881,38.6881,38.1384,38.3015
COLM,2014-03-06,38.4943,38.5407,38.1284,38.1719
COLM,2014-03-07,38.3885,38.7839,37.9179,38.2035
COLM,2014-03-10,38.2312,38.4814,38.0009,38.1986
COLM,2014-03-11,38.1166,38.2035,37.7854,38.1107
COLM,2014-03-12,37.8565,38.1304,37.4799,37.8802
COLM,2014-03-13,38.0336,38.0523,37.6449,37.7666
COLM,2014-03-14,37.6548,37.9653,37.2711,37.8525
COLM,2014-03-17,38.1107,38.5655,37.5965,38.1384
COLM,2014-03-18,38.1443,38.3381,37.7666,38.25
COLM,2014-03-19,38.2866,38.43,37.7695,38.0424
COLM,2014-03-20,37.6449,38.1284,37.6044,38.1166
COLM,2014-03-21,38.3558,38.3558,37.4363,37.555
COLM,2014-03-24,37.4135,37.7854,36.6503,37.1229
COLM,2014-03-25,37.2119,37.6351,36.4437,36.665
COLM,2014-03-26,37.7142,37.7142,36.7017,36.7224
COLM,2014-03-27,36.7046,37.3503,36.7046,37.1229
COLM,2014-03-28,37.1229,37.6776,36.7788,37.193
COLM,2014-03-31,37.288,37.9268,37.1783,37.5896
COLM,2014-04-01,37.7577,38.0206,37.7013,37.8635
COLM,2014-04-02,37.9179,38.43,37.9179,38.3806
COLM,2014-04-03,38.4003,38.5368,38.2412,38.2462
COLM,2014-04-04,38.613,38.613,37.5688,37.9179
COLM,2014-04-07,37.8605,37.8605,36.6009,36.7264
COLM,2014-04-08,36.855,37.7102,36.855,37.4363
COLM,2014-04-09,37.5737,37.5737,36.7452,37.2119
COLM,2014-04-10,37.2207,37.293,36.3922,36.5702
COLM,2014-04-11,36.2597,36.5238,35.5804,35.7861
COLM,2014-04-14,36.1638,36.755,36.0095,36.5238
COLM,2014-04-15,36.935,36.9834,35.9374,36.3279
COLM,2014-04-16,36.7017,37.1585,36.4534,37.1585
COLM,2014-04-17,37.0942,37.4877,36.8885,37.0181
COLM,2014-04-21,37.1486,37.5203,36.8273,37.0892
COLM,2014-04-22,37.1396,37.7894,37.0408,37.461
COLM,2014-04-23,37.5253,38.1284,37.4275,37.5867
COLM,2014-04-24,37.7102,37.7102,36.8134,36.8885
COLM,2014-04-25,36.766,37.2564,36.0827,36.4762
COLM,2014-04-28,36.4762,36.5919,35.2205,36.228
COLM,2014-04-29,36.1905,37.3938,35.9414,37.2711
COLM,2014-04-30,39.5701,40.9148,38.7285,39.1073
COLM,2014-05-01,37.7577,39.2596,37.723,39.1736
COLM,2014-05-02,39.0984,39.5671,38.7939,39.3366
COLM,2014-05-05,38.6456,39.5128,38.4379,38.8877
COLM,2014-05-06,38.9057,39.4811,38.4943,38.6218
COLM,2014-05-07,38.4716,38.5585,37.5342,38.3331
COLM,2014-05-08,38.2035,38.9264,38.072,38.3519
COLM,2014-05-09,38.1798,38.7702,38.1521,38.609
COLM,2014-05-12,38.6703,39.2952,38.4202,38.9728
COLM,2014-05-13,38.9778,39.3813,38.9778,39.1301
COLM,2014-05-14,39.1112,39.1112,38.4963,38.6732
COLM,2014-05-15,38.1304,38.4459,37.555,38.1531
COLM,2014-05-16,38.1531,38.5061,38.1047,38.3123
COLM,2014-05-19,38.2709,38.7375,38.2709,38.5902
COLM,2014-05-20,38.3727,38.3727,37.6449,38.1481
COLM,2014-05-21,38.3173,38.3173,37.6509,37.734
COLM,2014-05-22,37.8912,38.345,37.6815,38.1453
COLM,2014-05-23,37.8575,38.1453,37.7152,38.1087
COLM,2014-05-27,38.4142,38.7879,38.3311,38.6999
COLM,2014-05-28,38.5121,38.9817,38.2055,38.3123
COLM,2014-05-29,38.2846,38.3173,38.074,38.1729
COLM,2014-05-30,38.1729,38.3727,37.9316,38.1364
COLM,2014-06-02,38.1087,38.4182,37.6696,38.341
COLM,2014-06-03,38.2757,38.6198,38.2155,38.433
COLM,2014-06-04,39.5512,39.6936,38.256,38.6861
COLM,2014-06-05,38.5724,39.2013,38.2896,39.0183
COLM,2014-06-06,39.1835,39.1973,38.612,38.8453
COLM,2014-06-09,38.9541,39.1835,38.9017,39.1835
COLM,2014-06-10,39.1152,39.1835,38.9096,39.1795
COLM,2014-06-11,38.9778,39.0134,38.4241,38.521
COLM,2014-06-12,38.1453,38.3865,37.723,37.9693
COLM,2014-06-13,38.1304,38.3074,37.6232,37.901
COLM,2014-06-16,37.7894,38.1729,37.7894,37.988
COLM,2014-06-17,37.6786,38.6999,37.6786,38.4696
COLM,2014-06-18,38.3786,38.521,38.0306,38.3034
COLM,2014-06-19,38.4419,38.5447,37.7626,38.2846
COLM,2014-06-20,38.3311,38.4883,38.0641,38.4241
COLM,2014-06-23,38.4794,38.6169,38.074,38.3351
COLM,2014-06-24,37.9287,38.7929,37.9287,38.0206
COLM,2014-06-25,37.9416,38.2292,37.6232,37.8161
COLM,2014-06-26,37.7191,37.9198,37.5006,37.8398
COLM,2014-06-27,37.5688,38.1224,37.5026,37.5342
COLM,2014-06-30,37.56,37.7854,37.1595,37.7152
COLM,2014-07-01,37.7389,38.521,37.4659,38.3252
COLM,2014-07-02,38.0691,38.6554,37.9416,38.3638
COLM,2014-07-03,38.3786,38.9096,38.3786,38.876
COLM,2014-07-07,38.8453,38.959,38.4419,38.5724
COLM,2014-07-08,38.4794,38.6654,38.0691,38.4182
COLM,2014-07-09,38.4883,38.9353,38.2846,38.4182
COLM,2014-07-10,37.9376,38.3034,37.4828,37.6696
COLM,2014-07-11,37.555,37.8525,37.0072,37.2356
COLM,2014-07-14,37.4561,37.5421,37.1713,37.2968
COLM,2014-07-15,37.4314,37.4877,36.7541,36.8203
COLM,2014-07-16,36.9666,36.9666,36.5148,36.6383
COLM,2014-07-17,36.5939,36.8668,36.2212,36.5058
COLM,2014-07-18,36.4258,37.0161,36.4169,36.8006
COLM,2014-07-21,36.3418,36.9666,36.236,36.6947
COLM,2014-07-22,36.7907,37.5994,36.7907,37.5203
COLM,2014-07-23,37.4086,37.6409,37.2454,37.5421
COLM,2014-07-24,37.6914,38.1778,37.5253,37.988
COLM,2014-07-25,35.7465,37.5342,34.0716,34.5807
COLM,2014-07-28,34.7429,35.4153,34.3455,35.1988
COLM,2014-07-29,35.5013,36.1044,34.8003,35.3164
COLM,2014-07-30,35.441,35.9661,34.828,35.1374
COLM,2014-07-31,34.7103,35.3451,34.0666,34.1141
COLM,2014-08-01,33.7453,34.4009,33.682,33.9736
COLM,2014-08-04,34.0617,34.3098,33.9984,34.1873
COLM,2014-08-05,33.859,34.3029,33.8491,34.1873
COLM,2014-08-06,34.0498,34.3602,33.7739,34.216
COLM,2014-08-07,34.3879,34.5462,33.8491,33.9094
COLM,2014-08-08,34.0231,34.2247,33.7769,34.0231
COLM,2014-08-11,34.1556,34.8458,33.9144,34.3355
COLM,2014-08-12,34.383,34.6074,34.0656,34.216
COLM,2014-08-13,34.3742,34.563,34.22,34.3781
COLM,2014-08-14,34.4572,34.7212,34.4107,34.4522
COLM,2014-08-15,34.7005,34.8023,33.6653,34.0182
COLM,2014-08-18,34.4908,35.704,34.4186,35.5517
COLM,2014-08-19,35.6892,36.2172,35.5171,36.1509
COLM,2014-08-20,36.1361,36.3586,35.9274,36.0886
COLM,2014-08-21,36.1361,36.1361,35.7268,35.9177
COLM,2014-08-22,35.8573,35.9274,35.6941,35.7139
COLM,2014-08-25,35.9868,36.0283,35.6655,35.79
COLM,2014-08-26,35.79,35.8137,35.5517,35.7268
COLM,2014-08-27,35.6477,35.6842,35.2542,35.3935
COLM,2014-08-28,35.2077,35.4826,34.8695,35.1078
COLM,2014-08-29,35.0534,35.1325,34.74,34.8833
COLM,2014-09-02,34.9833,35.1681,34.7449,35.0534
COLM,2014-09-03,35.1711,35.3056,34.8428,34.8745
COLM,2014-09-04,34.8922,35.3638,34.8922,35.2077
COLM,2014-09-05,34.9833,35.359,34.8111,35.3154
COLM,2014-09-08,35.1761,35.537,35.1761,35.4826
COLM,2014-09-09,35.4153,35.4153,34.8151,34.8567
COLM,2014-09-10,34.9062,35.0207,34.4522,35.008
COLM,2014-09-11,34.8567,35.0811,34.8023,35.0494
COLM,2014-09-12,34.9012,35.1028,34.6036,34.7973
COLM,2014-09-15,34.6826,34.7499,34.2704,34.4957
COLM,2014-09-16,34.0656,35.0109,34.0656,34.9179
COLM,2014-09-17,34.9783,35.2077,34.5086,34.6312
COLM,2014-09-18,34.74,34.9833,34.5867,34.9179
COLM,2014-09-19,35.1454,35.1454,34.2991,34.3078
COLM,2014-09-22,34.2467,34.2961,33.5338,33.8985
COLM,2014-09-23,33.8382,34.1092,33.6513,33.771
COLM,2014-09-24,33.7245,33.9628,33.3438,33.7799
COLM,2014-09-25,33.7799,33.7799,33.1837,33.2973
COLM,2014-09-26,33.0275,34.2287,33.0275,34.0182
COLM,2014-09-29,33.6653,34.3078,32.5005,32.6309
COLM,2014-09-30,32.5834,32.9958,32.189,32.7783
COLM,2014-10-01,32.9237,32.9237,32.275,32.4451
COLM,2014-10-02,32.355,33.5732,32.0594,33.5643
COLM,2014-10-03,33.8481,34.2337,33.4971,33.7848
COLM,2014-10-06,34.0043,34.0409,33.3814,33.3913
COLM,2014-10-07,33.3617,33.4507,32.8297,32.885
COLM,2014-10-08,32.7941,33.1817,32.6309,32.9524
COLM,2014-10-09,32.6695,33.2529,32.4718,32.538
COLM,2014-10-10,32.4451,33.0601,32.4451,32.8129
COLM,2014-10-13,32.8129,32.9237,32.0694,32.1148
COLM,2014-10-14,32.365,32.9237,32.365,32.6596
COLM,2014-10-15,32.2088,32.5005,31.3762,32.1791
COLM,2014-10-16,31.5314,32.2997,31.5314,32.1514
COLM,2014-10-17,32.6131,32.7199,31.9981,32.2483
COLM,2014-10-20,32.0694,32.5202,31.9586,32.3273
COLM,2014-10-21,32.5647,32.8129,32.2532,32.6596
COLM,2014-10-22,32.7022,33.5822,32.6695,32.8752
COLM,2014-10-23,33.0877,33.7473,32.803,32.9237
COLM,2014-10-24,32.9868,32.9958,32.7289,32.9335
COLM,2014-10-27,32.6853,33.1431,32.4352,33.1076
COLM,2014-10-28,32.9524,33.1283,32.6309,32.9711
COLM,2014-10-29,33.0008,34.2901,32.9582,34.1873
COLM,2014-10-30,34.1586,34.3781,33.4813,34.2427
COLM,2014-10-31,35.7268,36.2933,34.8745,35.3056
COLM,2014-11-03,35.4973,36.236,35.3124,36.1559
COLM,2014-11-04,35.9472,36.146,35.4786,35.8453
COLM,2014-11-05,36.0748,36.8253,35.9561,36.6513
COLM,2014-11-06,36.7422,36.9261,36.1054,36.7669
COLM,2014-11-07,37.1536,37.3721,36.7956,37.0171
COLM,2014-11-10,37.1446,37.2851,36.9014,37.1833
COLM,2014-11-11,37.1536,38.9768,37.0804,37.3365
COLM,2014-11-12,37.0438,37.558,36.9904,37.3908
COLM,2014-11-13,37.4008,37.723,37.1813,37.5668
COLM,2014-11-14,37.5233,37.8161,37.4008,37.6855
COLM,2014-11-17,37.6766,38.0928,37.548,37.9693
COLM,2014-11-18,37.9316,38.4953,37.9316,38.2916
COLM,2014-11-19,38.8897,40.3037,38.4023,40.1505
COLM,2014-11-20,39.9933,40.3334,39.4801,39.8202
COLM,2014-11-21,40.276,40.6409,39.7827,39.8202
COLM,2014-11-24,39.7827,40.9869,39.7827,40.9484
COLM,2014-11-25,40.8258,41.3616,40.4816,40.7368
COLM,2014-11-26,40.627,41.0503,40.627,40.8208
COLM,2014-11-28,40.9582,41.8442,40.8376,41.417
COLM,2014-12-01,41.1985,41.4269,40.1029,40.1406
COLM,2014-12-02,40.3037,40.9009,39.7727,40.8544
COLM,2014-12-03,40.9009,41.5308,40.7764,41.2549
COLM,2014-12-04,41.3073,41.603,40.5805,40.7931
COLM,2014-12-05,40.7931,41.2252,40.72,41.0066
COLM,2014-12-08,41.1324,41.3251,40.5153,40.8208
COLM,2014-12-09,40.452,41.3755,40.1772,40.9009
COLM,2014-12-10,40.8544,41.5861,40.6557,40.8376
COLM,2014-12-11,40.9484,41.7859,40.8544,41.069
COLM,2014-12-12,40.5064,41.1411,40.4599,40.4986
COLM,2014-12-15,40.7842,40.9207,40.0131,40.3234
COLM,2014-12-16,40.2593,40.4262,39.6066,39.839
COLM,2014-12-17,40.9108,41.7472,40.7298,41.4813
COLM,2014-12-18,41.511,41.7375,41.069,41.2401
COLM,2014-12-19,41.2628,41.3349,40.3037,40.8831
COLM,2014-12-22,40.9108,41.3893,40.8742,41.3616
COLM,2014-12-23,41.6633,42.1744,41.077,41.7175
COLM,2014-12-24,41.7175,41.8749,41.1411,41.1511
COLM,2014-12-26,41.1511,41.5683,40.978,41.2252
COLM,2014-12-29,41.077,41.8343,41.077,41.3893
COLM,2014-12-30,41.3706,41.6633,41.069,41.3251
COLM,2014-12-31,41.5585,41.7375,40.8643,40.9484
COLM,2015-01-02,41.1411,41.2628,40.1218,40.7565
COLM,2015-01-05,40.0852,41.2252,40.0228,41.0857
COLM,2015-01-06,41.3162,41.3162,40.4005,40.8208
COLM,2015-01-07,40.9969,41.5209,40.9296,41.2994
COLM,2015-01-08,41.5585,41.9856,41.3162,41.952
COLM,2015-01-09,41.2806,41.2806,40.0131,40.2127
COLM,2015-01-12,40.4362,40.7842,40.0862,40.4689
COLM,2015-01-13,40.8831,41.4625,40.195,40.6557
COLM,2015-01-14,40.0228,40.6606,39.4138,39.8024
COLM,2015-01-15,39.8479,40.2394,38.7702,38.8897
COLM,2015-01-16,38.864,38.8897,38.4498,38.7612
COLM,2015-01-20,38.8897,38.8897,37.7962,38.4953
COLM,2015-01-21,37.9969,38.6871,37.8951,38.2629
COLM,2015-01-22,37.9505,39.5365,37.9505,39.4701
COLM,2015-01-23,39.4337,39.5908,38.9708,39.0727
COLM,2015-01-26,39.0638,39.2972,38.6604,39.1389
COLM,2015-01-27,38.7889,39.3328,38.6307,38.9708
COLM,2015-01-28,38.612,39.7253,38.612,39.3852
COLM,2015-01-29,39.5454,40.0942,39.404,39.9447
COLM,2015-01-30,39.6245,40.3137,38.696,39.0727
COLM,2015-02-02,39.5167,39.5632,38.7989,39.5365
COLM,2015-02-03,39.6689,40.7368,39.5265,40.6933
COLM,2015-02-04,40.3818,40.9682,39.7827,39.839
COLM,2015-02-05,39.7629,40.1406,39.6432,39.7253
COLM,2015-02-06,39.8993,40.188,39.5454,39.7352
COLM,2015-02-09,39.754,39.8736,38.4736,38.7158
COLM,2015-02-10,38.7158,39.0164,38.2916,38.6871
COLM,2015-02-11,38.52,39.0925,37.988,38.5665
COLM,2015-02-12,39.0164,40.5153,38.6208,40.0762
COLM,2015-02-13,45.3276,47.7589,43.3411,47.3516
COLM,2015-02-17,46.8691,50.2526,46.5843,50.1409
COLM,2015-02-18,49.7997,51.4569,49.7997,51.274
COLM,2015-02-19,51.0139,51.7406,50.9497,51.4203
COLM,2015-02-20,51.5498,51.5498,50.7905,51.3916
COLM,2015-02-23,51.5874,51.5874,50.8616,51.1563
COLM,2015-02-24,50.566,51.4203,50.5294,51.1
COLM,2015-02-25,51.1,51.533,50.7528,51.0713
COLM,2015-02-26,50.9319,51.5498,50.8973,51.5044
COLM,2015-02-27,51.3085,51.6358,51.0524,51.3836
COLM,2015-03-02,51.2018,52.1262,51.1098,51.806
COLM,2015-03-03,51.8712,52.1639,51.3639,51.9839
COLM,2015-03-04,51.9285,52.3804,51.5321,52.2113
COLM,2015-03-05,52.2212,52.5416,51.7406,52.4081
COLM,2015-03-06,52.2676,53.0339,51.5587,51.797
COLM,2015-03-09,52.4258,52.4635,51.6872,52.4635
COLM,2015-03-10,51.8613,52.1105,51.4006,51.9473
COLM,2015-03-11,52.2212,52.6463,51.8999,52.1105
COLM,2015-03-12,52.3063,52.9114,51.9839,52.6939
COLM,2015-03-13,52.5603,52.9114,51.8613,52.1915
COLM,2015-03-16,52.6078,53.4196,52.1728,53.207
COLM,2015-03-17,53.3088,54.1641,52.9965,53.8972
COLM,2015-03-18,53.9268,54.785,53.4571,54.5171
COLM,2015-03-19,54.5171,54.7464,54.1829,54.6189
COLM,2015-03-20,55.0975,55.5523,54.5616,54.9244
COLM,2015-03-23,55.0777,55.7699,54.7286,55.2013
COLM,2015-03-24,55.2013,55.8549,54.8503,55.1172
COLM,2015-03-25,55.3022,55.5701,54.1206,54.3164
COLM,2015-03-26,54.0316,54.7653,53.3839,54.5072
COLM,2015-03-27,54.8325,56.4728,54.785,56.1584
COLM,2015-03-30,56.4441,57.3281,56.4441,56.7023
COLM,2015-03-31,56.3987,56.8772,56.0466,56.1406
COLM,2015-04-01,56.1485,56.1485,55.0777,55.9271
COLM,2015-04-02,55.9271,56.2138,55.4772,55.6146
COLM,2015-04-06,55.2656,56.1406,55.2656,55.6235
COLM,2015-04-07,55.6235,55.9825,55.5049,55.5889
COLM,2015-04-08,56.103,56.4155,55.7511,56.3987
COLM,2015-04-09,56.4818,57.0008,56.0189,56.4917
COLM,2015-04-10,56.73,56.9959,56.0932,56.3413
COLM,2015-04-13,56.6924,57.0157,56.1772,56.2593
COLM,2015-04-14,56.4353,56.813,55.6235,55.7244
COLM,2015-04-15,56.1772,56.4818,55.7422,56.1129
COLM,2015-04-16,56.2691,56.4541,55.6957,56.2326
COLM,2015-04-17,55.7966,55.8747,55.0481,55.495
COLM,2015-04-20,55.5889,56.1861,55.323,55.8845
COLM,2015-04-21,55.8747,55.9191,55.4278,55.5523
COLM,2015-04-22,55.7787,55.9102,55.311,55.7422
COLM,2015-04-23,55.8064,57.511,55.5791,57.2559
COLM,2015-04-24,57.4576,58.303,56.9673,57.9283
COLM,2015-04-27,58.3624,59.5142,58.1785,58.4909
COLM,2015-04-28,58.2486,58.9418,57.339,58.4375
COLM,2015-04-29,58.4741,58.8587,57.9639,58.7114
COLM,2015-04-30,57.7998,59.8435,56.9316,57.7998
COLM,2015-05-01,56.3137,56.3137,53.4374,53.6143
COLM,2015-05-04,53.9466,54.1028,52.1728,52.2015
COLM,2015-05-05,52.1639,52.7206,51.7406,52.2212
COLM,2015-05-06,52.4792,52.6652,51.6348,51.9383
COLM,2015-05-07,51.9285,52.4081,51.5321,51.7595
COLM,2015-05-08,51.9927,52.7769,51.8999,52.0818
COLM,2015-05-11,51.9927,52.675,51.9186,52.3517
COLM,2015-05-12,52.24,52.6365,51.8899,52.5336
COLM,2015-05-13,52.6839,53.0993,52.334,52.4081
COLM,2015-05-14,52.7393,53.5856,52.2015,53.5392
COLM,2015-05-15,53.4008,53.4008,52.7027,52.9965
COLM,2015-05-18,53.0508,53.3088,52.7027,53.2268
COLM,2015-05-19,53.5689,53.5956,52.5969,52.7284
COLM,2015-05-20,52.237,53.0606,51.9622,52.587
COLM,2015-05-21,52.4238,52.4338,51.9443,52.321
COLM,2015-05-22,52.2182,52.321,51.6833,52.0985
COLM,2015-05-26,52.1242,52.1441,51.3856,51.5171
COLM,2015-05-27,51.4609,52.5317,51.1583,52.2746
COLM,2015-05-28,52.0194,52.4703,51.8672,52.1075
COLM,2015-05-29,51.8297,52.5584,51.5448,51.802
COLM,2015-06-01,52.1708,52.3033,51.3589,52.0985
COLM,2015-06-02,51.9443,52.5969,51.9443,52.2469
COLM,2015-06-03,52.321,54.613,52.1609,54.3372
COLM,2015-06-04,53.9486,54.8819,53.6894,53.8546
COLM,2015-06-05,53.9486,54.2798,53.3009,54.2047
COLM,2015-06-08,54.0514,54.2611,53.7607,53.7884
COLM,2015-06-09,53.6894,54.086,53.0232,53.4581
COLM,2015-06-10,53.645,54.5854,53.1081,53.8793
COLM,2015-06-11,53.9288,53.996,53.3741,53.7074
COLM,2015-06-12,53.7074,53.996,53.3642,53.7795
COLM,2015-06-15,53.117,53.7518,52.7096,53.5204
COLM,2015-06-16,53.3642,55.4535,53.3642,55.3318
COLM,2015-06-17,55.4535,55.4535,54.5378,54.9383
COLM,2015-06-18,55.1795,56.5796,55.1598,56.101
COLM,2015-06-19,56.2583,56.8417,55.8331,56.2306
COLM,2015-06-22,56.6537,57.0265,56.3315,56.73
COLM,2015-06-23,56.7023,57.2559,56.5717,56.9583
COLM,2015-06-24,57.0344,57.1917,56.6073,56.9683
COLM,2015-06-25,57.1086,57.1086,56.0082,56.7952
COLM,2015-06-26,56.73,58.2793,56.5974,58.2616
COLM,2015-06-29,57.8729,57.8729,56.0359,56.2583
COLM,2015-06-30,56.8772,56.8772,55.7481,55.8816
COLM,2015-07-01,56.4531,57.0167,56.0912,56.9969
COLM,2015-07-02,56.9149,57.2559,56.3779,56.8417
COLM,2015-07-06,56.1752,56.4808,55.3862,55.7115
COLM,2015-07-07,55.758,56.3127,54.6595,56.1564
COLM,2015-07-08,55.758,56.0082,54.7504,55.3487
COLM,2015-07-09,55.8717,55.9171,54.7791,54.8819
COLM,2015-07-10,55.6482,56.5282,55.2803,56.4531
COLM,2015-07-13,56.9683,57.8383,56.9683,57.5407
COLM,2015-07-14,57.5507,58.1458,57.3766,57.6445
COLM,2015-07-15,57.5317,57.8304,56.987,57.1086
COLM,2015-07-16,57.3301,57.513,56.7023,56.9771
COLM,2015-07-17,57.0542,57.2748,55.8331,56.4343
COLM,2015-07-20,57.0344,57.0344,56.4343,56.8328
COLM,2015-07-21,56.7952,57.4863,56.2306,56.7487
COLM,2015-07-22,56.4145,57.0068,55.9448,56.9504
COLM,2015-07-23,57.2184,57.5317,55.758,55.852
COLM,2015-07-24,55.852,55.8984,54.9897,55.1696
COLM,2015-07-27,54.9196,55.1124,53.7518,54.2995
COLM,2015-07-28,54.3549,55.6038,53.4206,55.5494
COLM,2015-07-29,55.4435,56.9504,55.3397,56.7388
COLM,2015-07-30,56.5796,58.1912,56.2484,57.8927
COLM,2015-07-31,64.6054,69.0588,64.6054,66.1212
COLM,2015-08-03,65.5992,66.5917,58.8003,59.7861
COLM,2015-08-04,59.7397,61.5907,58.9121,59.8525
COLM,2015-08-05,60.2717,61.0162,59.5122,60.9707
COLM,2015-08-06,60.9519,61.914,59.5875,61.3395
COLM,2015-08-07,61.0934,62.5537,60.51,62.4865
COLM,2015-08-10,63.0787,63.4506,61.1912,61.5086
COLM,2015-08-11,61.1131,61.6738,60.4911,61.1665
COLM,2015-08-12,60.6286,60.6385,58.4523,59.5499
COLM,2015-08-13,59.6161,60.9796,59.1583,60.1194
COLM,2015-08-14,59.9216,61.123,59.7397,60.5574
COLM,2015-08-17,60.4723,61.2406,59.625,61.2406
COLM,2015-08-18,61.0647,61.8981,60.6919,61.7766
COLM,2015-08-19,61.4077,61.5442,60.683,60.9885
COLM,2015-08-20,60.413,60.6751,59.2127,59.8395
COLM,2015-08-21,58.9161,59.5933,57.6821,58.0153
COLM,2015-08-24,53.7448,56.5786,51.3836,53.8289
COLM,2015-08-25,55.7827,56.2376,54.5418,54.5507
COLM,2015-08-26,55.8005,56.5619,54.432,56.3759
COLM,2015-08-27,56.7378,57.5417,56.1545,57.1086
COLM,2015-08-28,56.6527,57.3676,55.8103,56.1733
COLM,2015-08-31,56.3295,58.2279,56.2376,56.8505
COLM,2015-09-01,55.7906,56.6627,54.9847,55.3288
COLM,2015-09-02,56.1466,56.3859,54.7179,56.3018
COLM,2015-09-03,56.6914,58.1092,56.6063,57.6278
COLM,2015-09-04,57.0721,57.4596,56.0506,56.644
COLM,2015-09-08,57.6089,58.4157,56.7843,58.1845
COLM,2015-09-09,58.4622,58.7954,56.6627,56.8762
COLM,2015-09-10,56.7843,57.5417,56.545,56.987
COLM,2015-09-11,56.987,58.3396,56.7013,58.2912
COLM,2015-09-14,58.3396,58.4257,57.6089,58.31
COLM,2015-09-15,58.4059,59.2779,57.9233,58.8587
COLM,2015-09-16,58.9784,60.9509,58.5452,60.8243
COLM,2015-09-17,61.0744,61.7943,59.719,60.5821
COLM,2015-09-18,59.5736,60.2697,56.8021,57.5614
COLM,2015-09-21,58.1291,59.622,57.514,58.842
COLM,2015-09-22,58.1568,58.5255,57.6555,58.1468
COLM,2015-09-23,57.96,58.1388,57.2006,57.4052
COLM,2015-09-24,56.7576,57.0839,55.9054,56.0141
COLM,2015-09-25,56.6251,57.5991,55.6018,55.6986
COLM,2015-09-28,55.4396,55.5731,54.1166,54.6258
COLM,2015-09-29,54.9343,55.1351,53.9406,54.5971
COLM,2015-09-30,55.2933,55.8588,53.9308,54.4587
COLM,2015-10-01,54.5694,54.5694,52.5959,54.0524
COLM,2015-10-02,53.4878,53.9604,52.4141,53.9308
COLM,2015-10-05,54.44,55.8103,53.9693,55.7076
COLM,2015-10-06,55.1172,55.4198,52.7561,52.9855
COLM,2015-10-07,53.207,54.1413,51.4103,53.5135
COLM,2015-10-08,53.656,56.4511,53.5876,54.4133
COLM,2015-10-09,54.6258,56.4698,53.7448,54.1166
COLM,2015-10-12,54.1413,54.8167,53.3562,54.3402
COLM,2015-10-13,54.169,54.169,52.7473,52.857
COLM,2015-10-14,53.125,53.998,51.6725,51.7169
COLM,2015-10-15,51.4016,53.636,51.1365,53.5788
COLM,2015-10-16,53.4779,53.636,52.765,53.469
COLM,2015-10-19,53.5313,54.0454,53.0092,53.6914
COLM,2015-10-20,53.7904,55.0975,52.8837,52.9202
COLM,2015-10-21,52.9202,54.0978,51.8168,51.8741
COLM,2015-10-22,51.2542,52.6523,51.0396,51.5696
COLM,2015-10-23,51.4103,51.5498,45.0201,46.6762
COLM,2015-10-26,46.4102,48.1218,46.3144,47.2161
COLM,2015-10-27,48.1416,48.1416,46.261,46.7326
COLM,2015-10-28,46.6762,49.1322,46.3243,48.8831
COLM,2015-10-29,48.5204,50.3287,48.2711,49.8057
COLM,2015-10-30,58.4059,61.1418,50.0846,50.8112
COLM,2015-11-02,50.6777,51.1889,49.0018,51.0396
COLM,2015-11-03,51.1444,52.1876,50.9556,51.6725
COLM,2015-11-04,51.8,52.7887,50.7648,51.18
COLM,2015-11-05,51.3739,52.0254,50.8112,51.5044
COLM,2015-11-06,51.2631,52.1421,50.3939,51.7426
COLM,2015-11-09,51.5419,52.2539,50.5403,50.8824
COLM,2015-11-10,50.8824,51.2908,49.4932,51.1444
COLM,2015-11-11,50.919,51.5044,47.3279,47.5196
COLM,2015-11-12,47.6057,48.0694,45.0388,45.1565
COLM,2015-11-13,44.7521,46.0395,43.1375,45.461
COLM,2015-11-16,44.9934,46.2233,44.8332,46.1315
COLM,2015-11-17,45.5451,45.5551,43.0702,44.233
COLM,2015-11-18,44.2607,45.468,44.2607,44.9795
COLM,2015-11-19,43.0623,44.1974,42.0875,43.3798
COLM,2015-11-20,43.8277,45.7123,43.8277,44.9795
COLM,2015-11-23,44.942,47.1163,44.848,46.605
COLM,2015-11-24,46.1699,47.6106,46.1403,47.2932
COLM,2015-11-25,47.2932,47.8973,46.9699,47.042
COLM,2015-11-27,47.3318,47.3516,45.5451,45.8397
COLM,2015-11-30,44.6147,45.5738,43.261,43.5271
COLM,2015-12-01,43.8632,45.0349,43.6853,44.7086
COLM,2015-12-02,44.4792,44.9509,43.4915,43.7337
COLM,2015-12-03,44.145,44.233,42.1399,42.6095
COLM,2015-12-04,42.3742,43.2324,42.3742,42.8319
COLM,2015-12-07,42.8032,43.0001,41.7325,42.1913
COLM,2015-12-08,41.8759,43.0001,41.4932,42.6816
COLM,2015-12-09,42.748,43.3431,41.7622,42.2842
COLM,2015-12-10,42.2288,42.9812,41.7709,42.1546
COLM,2015-12-11,41.1877,42.7934,40.4876,41.7424
COLM,2015-12-14,41.4932,42.125,40.723,40.9048
COLM,2015-12-15,41.6671,42.1991,40.8317,41.3241
COLM,2015-12-16,41.7128,42.1646,40.8969,41.2984
COLM,2015-12-17,41.3518,41.4734,40.5054,40.8782
COLM,2015-12-18,41.2885,42.7835,41.2697,42.1814
COLM,2015-12-21,42.219,42.8032,41.597,42.3742
COLM,2015-12-22,42.7103,42.7103,42.0014,42.384
COLM,2015-12-23,42.7558,43.1088,42.384,43.0198
COLM,2015-12-24,43.0198,43.6902,42.8794,43.3431
COLM,2015-12-28,42.9901,44.2607,42.9249,44.0777
COLM,2015-12-29,44.5396,46.3351,44.5059,46.1966
COLM,2015-12-30,45.908,46.3451,44.7185,45.2672
COLM,2015-12-31,45.0803,45.7211,45.0803,45.3246
COLM,2016-01-04,44.5228,45.9465,44.3022,45.8981
COLM,2016-01-05,46.2423,47.573,45.8882,47.1073
COLM,2016-01-06,46.4291,47.1232,45.7123,46.4014
COLM,2016-01-07,45.6696,46.8751,45.5007,46.1799
COLM,2016-01-08,46.1799,46.8474,42.8122,43.0298
COLM,2016-01-11,42.6738,43.7713,41.6514,42.7647
COLM,2016-01-12,43.261,44.9994,42.9615,44.5228
COLM,2016-01-13,44.5494,44.848,42.8319,43.0702
COLM,2016-01-14,43.09,43.5369,41.4833,42.8883
COLM,2016-01-15,41.858,43.1563,41.7225,42.8032
COLM,2016-01-19,43.4628,44.0303,41.9589,42.3742
COLM,2016-01-20,41.6671,43.4816,40.8406,43.0376
COLM,2016-01-21,43.0099,44.7274,41.2401,43.8731
COLM,2016-01-22,44.8382,45.8684,44.6237,45.4067
COLM,2016-01-25,45.2119,47.0322,44.9894,45.8981
COLM,2016-01-26,46.0098,48.018,45.7498,47.5631
COLM,2016-01-27,47.2675,48.279,46.6782,47.4574
COLM,2016-01-28,48.1198,49.773,47.8686,49.5891
COLM,2016-01-29,49.6642,51.4569,49.5129,51.2898
COLM,2016-02-01,50.5186,51.0406,49.1699,50.4168
COLM,2016-02-02,49.9243,50.5552,49.4121,49.8868
COLM,2016-02-03,50.4445,50.4445,48.5578,49.9441
COLM,2016-02-04,48.8367,49.2657,47.5345,48.6112
COLM,2016-02-05,48.0012,48.5658,45.3711,45.4235
COLM,2016-02-08,44.9894,46.1502,44.2064,45.7123
COLM,2016-02-09,44.8035,45.5264,43.2126,43.614
COLM,2016-02-10,43.8534,45.3889,43.6853,44.2419
COLM,2016-02-11,44.2805,46.0118,42.8319,44.5593
COLM,2016-02-12,51.9987,53.1684,49.4952,51.6269
COLM,2016-02-16,52.1441,54.3402,43.623,54.2264
COLM,2016-02-17,54.4973,55.1479,54.0968,54.6645
COLM,2016-02-18,54.9531,55.3318,53.9396,54.3766
COLM,2016-02-19,54.0069,54.4993,52.6177,54.3945
COLM,2016-02-22,54.8414,55.0332,54.0069,54.2264
COLM,2016-02-23,54.2264,54.8829,53.5382,54.3668
COLM,2016-02-24,53.7261,55.6126,53.2623,55.4238
COLM,2016-02-25,55.2793,56.4204,55.1202,56.199
COLM,2016-02-26,56.4116,56.4204,54.6545,54.9076
COLM,2016-02-29,54.7099,56.5776,54.7099,55.324
COLM,2016-03-01,55.4535,56.0299,54.9531,55.8263
COLM,2016-03-02,55.5494,56.545,55.5197,55.9655
COLM,2016-03-03,55.9201,56.2089,55.305,55.7026
COLM,2016-03-04,55.666,56.4788,55.2596,55.9014
COLM,2016-03-07,55.4327,56.2899,55.1855,56.1248
COLM,2016-03-08,55.6937,56.2444,54.4202,54.4933
COLM,2016-03-09,54.7721,55.7224,54.2679,55.3754
COLM,2016-03-10,55.846,56.8338,55.2498,55.836
COLM,2016-03-11,56.5796,58.0914,56.2267,57.3361
COLM,2016-03-14,57.2224,57.6812,55.9378,56.2444
COLM,2016-03-15,56.0586,56.5174,55.7412,56.19
COLM,2016-03-16,55.7699,56.0121,54.5665,55.4821
COLM,2016-03-17,55.2953,57.2055,55.0224,56.9514
COLM,2016-03-18,57.2421,57.4487,56.626,56.6547
COLM,2016-03-21,56.4126,57.0661,56.0586,56.6934
COLM,2016-03-22,55.9835,56.282,54.5388,55.9755
COLM,2016-03-23,55.5395,56.1624,55.2221,55.5197
COLM,2016-03-24,55.3951,55.6393,54.3629,55.5009
COLM,2016-03-28,55.7125,56.5974,55.2953,56.0486
COLM,2016-03-29,55.7787,57.4843,55.6295,57.2055
COLM,2016-03-30,57.2608,57.5487,56.626,56.7961
COLM,2016-03-31,56.7131,57.2698,55.9568,56.0121
COLM,2016-04-01,56.0209,57.2698,55.5859,57.2698
COLM,2016-04-04,57.3093,57.3182,55.9478,55.9755
COLM,2016-04-05,55.6205,56.4224,55.2032,55.2953
COLM,2016-04-06,55.2676,56.7131,54.6328,56.282
COLM,2016-04-07,56.1347,56.3562,54.968,55.6937
COLM,2016-04-08,56.0121,56.0121,53.9041,54.614
COLM,2016-04-11,54.8483,55.666,53.8843,54.001
COLM,2016-04-12,54.2778,55.4139,53.5876,54.9947
COLM,2016-04-13,55.1855,56.4887,54.3906,56.3295
COLM,2016-04-14,56.4788,56.8505,55.7313,56.4887
COLM,2016-04-15,56.1624,57.0484,56.0339,56.4698
COLM,2016-04-18,56.2741,57.6248,56.2741,57.5041
COLM,2016-04-19,57.7098,58.3713,57.0008,57.3093
COLM,2016-04-20,57.5584,58.2032,57.0661,57.1026
COLM,2016-04-21,57.6445,58.4088,57.1363,57.5297
COLM,2016-04-22,58.2476,58.4088,56.6449,57.3093
COLM,2016-04-25,57.4409,57.96,56.7596,57.5387
COLM,2016-04-26,57.4754,58.6778,56.9712,58.303
COLM,2016-04-27,58.2932,58.5749,57.1215,57.4122
COLM,2016-04-28,57.168,57.7948,55.8549,56.0763
COLM,2016-04-29,54.792,55.1855,53.1061,54.5951
COLM,2016-05-02,54.6417,55.9478,54.438,55.9281
COLM,2016-05-03,55.2676,56.3562,55.1182,55.4327
COLM,2016-05-04,55.2221,55.9755,54.4557,54.5121
COLM,2016-05-05,54.697,54.697,53.6974,53.8576
COLM,2016-05-06,53.8506,54.1937,53.1872,53.9337
COLM,2016-05-09,53.8843,54.5477,53.3751,53.9337
COLM,2016-05-10,53.9633,54.6041,53.4937,53.7637
COLM,2016-05-11,53.1872,53.1911,48.9088,49.8699
COLM,2016-05-12,50.1379,50.8052,49.6395,50.3267
COLM,2016-05-13,50.0836,50.8212,49.2737,49.5051
COLM,2016-05-16,49.4221,50.2427,49.4221,49.6198
COLM,2016-05-17,49.337,50.1103,48.8802,49.2648
COLM,2016-05-18,48.8604,49.5851,48.4223,48.981
COLM,2016-05-19,49.0858,50.1497,48.3462,48.9346
COLM,2016-05-20,49.2055,49.8027,48.7972,49.6494
COLM,2016-05-23,49.7671,50.4701,49.3201,49.3736
COLM,2016-05-24,49.4398,49.9826,49.4368,49.6652
COLM,2016-05-25,49.9372,49.9372,49.332,49.5901
COLM,2016-05-26,49.9648,50.2723,49.5436,49.5624
COLM,2016-05-27,49.5526,50.3089,49.5526,49.9085
COLM,2016-05-31,49.9648,49.9648,49.4585,49.7196
COLM,2016-06-01,49.1502,50.2446,49.1502,49.9272
COLM,2016-06-02,49.8709,50.9625,49.6752,50.9625
COLM,2016-06-03,50.6926,51.1355,50.2635,50.8794
COLM,2016-06-06,50.9912,51.965,50.9714,51.7673
COLM,2016-06-07,51.4974,52.9835,51.2591,52.7808
COLM,2016-06-08,53.0122,54.5635,52.6859,54.3135
COLM,2016-06-09,54.1255,54.4904,53.5244,54.1612
COLM,2016-06-10,52.9736,53.7054,52.9736,53.1724
COLM,2016-06-13,53.1536,53.3781,52.6275,52.7235
COLM,2016-06-14,52.0047,53.0508,52.0047,52.8441
COLM,2016-06-15,52.5426,54.4904,52.5426,53.9386
COLM,2016-06-16,53.8892,54.0247,53.0309,53.9585
COLM,2016-06-17,54.0968,54.9551,53.6597,54.6951
COLM,2016-06-20,55.1261,55.7323,54.6852,55.0401
COLM,2016-06-21,55.2765,55.9034,55.1648,55.6403
COLM,2016-06-22,55.7135,55.9765,54.5447,54.5447
COLM,2016-06-23,55.0777,55.3754,54.5635,55.1261
COLM,2016-06-24,53.0794,53.5639,51.1988,53.0222
COLM,2016-06-27,52.7531,52.7531,50.4513,51.2186
COLM,2016-06-28,51.6932,51.8999,50.7905,51.2997
COLM,2016-06-29,51.8148,53.0409,51.7673,53.0222
COLM,2016-06-30,53.0222,53.8546,52.2459,53.8052
COLM,2016-07-01,53.7874,54.6752,53.7874,54.1413
COLM,2016-07-05,53.7775,53.8349,52.5059,52.7907
COLM,2016-07-06,52.7235,53.3869,52.4713,53.2841
COLM,2016-07-07,53.2653,54.0524,53.2653,54.0157
COLM,2016-07-08,54.6752,55.7234,54.3737,55.6126
COLM,2016-07-11,55.9855,56.9386,55.4722,56.6687
COLM,2016-07-12,56.5392,57.689,56.4254,57.3054
COLM,2016-07-13,57.4813,57.7829,57.0255,57.5851
COLM,2016-07-14,57.4913,57.9115,57.2758,57.3805
COLM,2016-07-15,57.8719,57.959,57.1541,57.3519
COLM,2016-07-18,57.1837,57.8719,56.8941,57.4191
COLM,2016-07-19,57.4191,57.4289,56.6687,56.7625
COLM,2016-07-20,57.1274,57.5011,57.0819,57.2184
COLM,2016-07-21,56.9563,57.3419,56.4728,56.5659
COLM,2016-07-22,56.2761,57.0898,55.6492,56.5025
COLM,2016-07-25,56.63,57.1917,56.4441,56.5836
COLM,2016-07-26,56.3987,57.2154,55.9765,56.5025
COLM,2016-07-27,56.9296,56.9296,55.2399,55.4525
COLM,2016-07-28,55.0401,55.9251,54.6011,55.6126
COLM,2016-07-29,56.5489,57.3054,51.2818,53.5342
COLM,2016-08-01,53.2169,53.9673,52.7808,53.207
COLM,2016-08-02,52.7808,53.3009,51.1158,51.1355
COLM,2016-08-03,50.3673,51.1257,49.6574,50.7411
COLM,2016-08-04,50.6076,51.4123,50.0943,50.5077
COLM,2016-08-05,50.9447,51.2275,49.8027,51.0277
COLM,2016-08-08,51.2087,52.0304,50.7508,50.9714
COLM,2016-08-09,50.7805,51.0771,50.3,50.3574
COLM,2016-08-10,50.1597,50.8626,50.0025,50.4879
COLM,2016-08-11,50.8527,52.0591,50.4879,51.3749
COLM,2016-08-12,50.8626,51.621,50.8626,51.3846
COLM,2016-08-15,51.273,52.7433,51.273,52.6562
COLM,2016-08-16,52.5346,53.2762,52.4011,53.0517
COLM,2016-08-17,52.9648,53.4067,52.3389,52.7907
COLM,2016-08-18,53.0319,53.2287,52.5613,53.1556
COLM,2016-08-19,53.1644,53.8665,53.1644,53.7448
COLM,2016-08-22,53.7448,53.7952,53.0319,53.2584
COLM,2016-08-23,53.5669,53.8576,53.2584,53.6243
COLM,2016-08-24,53.4453,53.5669,53.118,53.4651
COLM,2016-08-25,53.2188,53.7904,53.1832,53.7171
COLM,2016-08-26,53.6045,53.8388,53.3701,53.4453
COLM,2016-08-29,53.7271,54.0287,53.5175,53.8576
COLM,2016-08-30,53.4651,53.4651,51.6181,52.0304
COLM,2016-08-31,51.8307,53.3315,51.8307,52.6859
COLM,2016-09-01,52.5702,53.5095,52.1668,53.4838
COLM,2016-09-02,53.4651,53.4651,52.6523,53.3504
COLM,2016-09-06,53.4651,53.4651,52.2726,52.5702
COLM,2016-09-07,52.7057,53.1358,52.0669,53.0369
COLM,2016-09-08,52.8649,52.8649,52.1401,52.2914
COLM,2016-09-09,52.0936,52.1401,50.9487,50.9674
COLM,2016-09-12,50.8755,51.7189,50.648,51.6902
COLM,2016-09-13,51.2414,51.5884,50.3208,50.5275
COLM,2016-09-14,50.6303,51.0139,50.2694,50.4355
COLM,2016-09-15,50.1804,50.9862,49.6841,50.7746
COLM,2016-09-16,50.7746,50.8192,50.1617,50.4355
COLM,2016-09-19,50.8567,51.6082,50.4632,51.3432
COLM,2016-09-20,52.6859,53.4166,52.3389,52.9845
COLM,2016-09-21,53.0903,54.0287,53.0706,54.0
COLM,2016-09-22,54.2136,54.7474,54.1206,54.2511
COLM,2016-09-23,54.1295,54.5418,53.5846,53.644
COLM,2016-09-26,53.4552,53.7715,52.2252,52.235
COLM,2016-09-27,52.2914,52.9084,51.9078,52.8817
COLM,2016-09-28,52.7333,52.9459,52.1401,52.9361
COLM,2016-09-29,52.8451,53.0419,52.4061,52.5426
COLM,2016-09-30,53.3504,53.5175,52.8075,53.1902
COLM,2016-10-03,53.0032,53.6143,52.6226,53.2287
COLM,2016-10-04,53.1832,53.8388,53.0706,53.474
COLM,2016-10-05,53.5472,53.5472,53.0222,53.1003
COLM,2016-10-06,53.0903,53.2287,52.5346,53.1644
COLM,2016-10-07,54.2412,54.7009,53.8092,54.5883
COLM,2016-10-10,54.8355,55.667,54.6635,55.6403
COLM,2016-10-11,55.321,55.847,55.3031,55.5286
COLM,2016-10-12,55.7323,56.4748,55.5335,56.3344
COLM,2016-10-13,55.8559,56.9159,55.4218,56.4461
COLM,2016-10-14,56.8782,56.8782,56.0496,56.2691
COLM,2016-10-17,56.3809,56.3809,55.4515,55.5484
COLM,2016-10-18,56.2316,56.7003,55.7323,56.3809
COLM,2016-10-19,56.6517,57.0197,56.4174,56.8979
COLM,2016-10-20,56.5589,56.8772,55.8657,56.2948
COLM,2016-10-21,56.2394,56.2394,55.2566,56.2394
COLM,2016-10-24,56.2128,57.0197,55.4712,55.9211
COLM,2016-10-25,55.3842,55.495,54.3746,54.4766
COLM,2016-10-26,54.3085,54.6635,53.5481,53.9802
COLM,2016-10-27,54.1562,54.3717,52.5159,52.7057
COLM,2016-10-28,51.7743,54.3826,49.7107,54.346
COLM,2016-10-31,54.4023,54.4123,53.118,53.126
COLM,2016-11-01,53.1556,53.3978,52.1401,52.4882
COLM,2016-11-02,52.9648,54.0919,52.2776,53.3978
COLM,2016-11-03,53.2762,53.2762,52.1757,52.2627
COLM,2016-11-04,52.5346,53.6994,52.5346,52.6275
COLM,2016-11-07,53.3889,53.4364,52.7907,53.1358
COLM,2016-11-08,53.0903,53.6143,52.7808,53.3504
COLM,2016-11-09,52.5801,54.2412,50.9487,54.1562
COLM,2016-11-10,54.7573,55.7609,54.4677,55.1054
COLM,2016-11-11,54.5597,55.4515,54.1562,55.2289
COLM,2016-11-14,55.6126,56.812,55.3842,56.7467
COLM,2016-11-15,56.7003,56.728,55.1281,55.8341
COLM,2016-11-16,55.8341,56.1357,55.5345,55.8243
COLM,2016-11-17,55.9378,56.5756,55.3347,56.1456
COLM,2016-11-18,56.0596,56.0596,54.6475,54.9126
COLM,2016-11-21,54.9225,55.6562,54.8612,55.5444
COLM,2016-11-22,55.9281,56.8979,55.7896,56.3512
COLM,2016-11-23,56.0596,56.6627,55.8627,56.3512
COLM,2016-11-25,56.6143,56.8605,56.0131,56.8218
COLM,2016-11-28,56.5499,56.8218,55.3714,56.0596
COLM,2016-11-29,55.9845,55.9932,54.6951,55.0431
COLM,2016-11-30,55.0807,55.5345,53.3405,53.4997
COLM,2016-12-01,53.5472,54.8572,53.4651,54.8384
COLM,2016-12-02,54.6198,54.958,54.2343,54.8572
COLM,2016-12-05,55.3347,56.4264,55.1775,56.3038
COLM,2016-12-06,56.6231,56.6231,55.8727,56.2771
COLM,2016-12-07,56.2938,58.4781,55.9932,58.1311
COLM,2016-12-08,58.5255,59.5409,57.7928,59.4935
COLM,2016-12-09,59.7644,59.7821,59.2878,59.4441
COLM,2016-12-12,59.4836,59.4836,58.2506,58.6837
COLM,2016-12-13,59.0614,59.1732,57.7444,57.864
COLM,2016-12-14,57.7731,57.9313,56.9246,57.1413
COLM,2016-12-15,57.5447,57.5447,55.7649,55.9378
COLM,2016-12-16,56.1169,56.6231,55.0144,55.4574
COLM,2016-12-19,55.7679,55.9665,54.2155,54.5181
COLM,2016-12-20,54.8008,54.962,54.1582,54.4796
COLM,2016-12-21,54.5082,54.5626,53.3592,53.9633
COLM,2016-12-22,53.9337,53.9337,52.8718,53.1348
COLM,2016-12-23,53.1071,54.262,53.1071,53.2752
COLM,2016-12-27,53.1902,54.5912,53.1902,54.2708
COLM,2016-12-28,54.3479,54.3479,53.654,53.9041
COLM,2016-12-29,54.1137,54.4796,53.7725,54.3766
COLM,2016-12-30,54.7049,55.2696,53.8546,54.8474
COLM,2017-01-03,55.2616,55.6186,53.0883,53.6243
COLM,2017-01-04,53.7271,54.8245,53.5472,53.8843
COLM,2017-01-05,53.4255,54.2659,51.978,52.8887
COLM,2017-01-06,52.9163,53.4255,52.3834,52.5406
COLM,2017-01-09,52.5584,53.2851,52.2212,52.503
COLM,2017-01-10,52.5771,54.0484,52.5227,53.0784
COLM,2017-01-11,53.3592,53.3592,51.9592,52.3161
COLM,2017-01-12,52.0985,52.2499,51.3649,51.622
COLM,2017-01-13,52.4842,52.9825,52.1194,52.9628
COLM,2017-01-17,52.7877,53.9633,52.7877,53.7271
COLM,2017-01-18,53.6627,53.6627,51.4113,52.3073
COLM,2017-01-19,52.4476,52.5406,51.5924,51.8929
COLM,2017-01-20,52.2686,52.587,51.9325,52.0985
COLM,2017-01-23,51.7783,52.7027,51.1118,52.2499
COLM,2017-01-24,52.5129,53.116,52.231,52.8629
COLM,2017-01-25,53.2663,53.7558,52.8975,53.0883
COLM,2017-01-26,53.1734,53.4838,52.2113,52.231
COLM,2017-01-27,52.3636,52.5673,51.4687,51.797
COLM,2017-01-30,50.1043,51.0891,49.6632,50.9506
COLM,2017-01-31,50.0123,51.3649,48.8733,51.1504
COLM,2017-02-01,51.272,52.5771,51.0159,51.7783
COLM,2017-02-02,51.2908,51.8831,50.7658,50.8676
COLM,2017-02-03,50.4445,50.8489,48.7882,48.9098
COLM,2017-02-06,48.6943,50.9783,48.6943,49.9164
COLM,2017-02-07,49.8601,50.9032,49.8601,49.9362
COLM,2017-02-08,49.8798,50.6402,49.5406,50.6016
COLM,2017-02-09,50.6777,51.3926,50.0598,50.131
COLM,2017-02-10,52.6929,57.3024,52.6829,56.285
COLM,2017-02-13,55.7866,56.1822,54.5527,54.6288
COLM,2017-02-14,54.442,55.6562,54.3668,54.8839
COLM,2017-02-15,54.7426,54.791,53.7627,54.1137
COLM,2017-02-16,54.0573,54.7613,53.1734,53.3968
COLM,2017-02-17,53.3879,53.644,52.853,53.4453
COLM,2017-02-21,53.3305,54.3569,52.5079,52.7591
COLM,2017-02-22,52.9064,53.2129,52.4476,52.7877
COLM,2017-02-23,52.8718,53.2327,52.1401,52.2587
COLM,2017-02-24,52.0718,52.944,51.8929,52.4298
COLM,2017-02-27,52.4199,53.5768,52.4199,53.3494
COLM,2017-02-28,53.116,53.5372,51.3462,51.7139
COLM,2017-03-01,52.4121,52.6829,51.44,52.3437
COLM,2017-03-02,52.2874,52.7779,51.7041,52.4575
COLM,2017-03-03,52.4298,52.4298,51.5113,51.7783
COLM,2017-03-06,51.5725,51.968,51.272,51.8158
COLM,2017-03-07,51.7139,51.9216,51.2977,51.7139
COLM,2017-03-08,51.8534,52.3092,51.7139,52.1095
COLM,2017-03-09,52.1559,52.4862,51.9126,52.0631
COLM,2017-03-10,52.4141,52.6949,51.979,52.3754
COLM,2017-03-13,52.6859,52.766,52.2419,52.4595
COLM,2017-03-14,52.4595,53.299,52.4595,52.9668
COLM,2017-03-15,53.0241,54.2601,52.9668,53.9792
COLM,2017-03-16,54.0376,54.4884,53.6687,54.1018
COLM,2017-03-17,53.8734,54.2698,53.7151,54.1374
COLM,2017-03-20,54.1374,54.3372,53.471,54.2995
COLM,2017-03-21,54.4884,54.5527,53.2713,54.2798
COLM,2017-03-22,54.0554,54.2698,53.1902,54.2324
COLM,2017-03-23,54.3756,54.6198,53.5629,54.3756
COLM,2017-03-24,54.4884,54.8483,54.166,54.6101
COLM,2017-03-27,54.175,55.226,53.8269,55.1696
COLM,2017-03-28,55.0718,55.2439,54.5824,54.9758
COLM,2017-03-29,54.876,56.2424,54.876,56.0724
COLM,2017-03-30,55.5751,55.6947,55.0154,55.5751
COLM,2017-03-31,55.6205,55.7807,55.3634,55.4505
COLM,2017-04-03,55.6393,55.6947,54.9333,55.0342
COLM,2017-04-04,54.958,55.1696,53.9456,54.442
COLM,2017-04-05,54.6565,54.7426,53.8072,54.0474
COLM,2017-04-06,54.175,55.0619,54.175,54.7524
COLM,2017-04-07,54.6388,55.0619,54.3846,54.876
COLM,2017-04-10,54.8107,55.9221,54.6475,55.3279
COLM,2017-04-11,55.1983,55.7748,55.1983,55.6116
COLM,2017-04-12,55.4989,55.7293,54.9857,55.226
COLM,2017-04-13,55.3357,55.4208,54.7149,54.8008
COLM,2017-04-17,54.968,55.5572,54.8058,55.5088
COLM,2017-04-18,55.318,55.4208,54.7811,55.0154
COLM,2017-04-19,55.31,55.7896,55.0668,55.489
COLM,2017-04-20,55.8964,56.366,55.5938,56.0269
COLM,2017-04-21,56.0457,56.0823,54.8958,55.1598
COLM,2017-04-24,55.7896,56.0645,55.2636,55.6591
COLM,2017-04-25,55.8864,56.366,55.757,55.9785
COLM,2017-04-26,56.1584,56.63,55.7807,56.0922
COLM,2017-04-27,56.4897,56.4995,55.3634,56.4126
COLM,2017-04-28,53.1022,53.9308,51.1365,53.4413
COLM,2017-05-01,53.3267,53.4215,52.2419,52.9104
COLM,2017-05-02,52.857,53.9693,52.857,53.7151
COLM,2017-05-03,53.7428,53.7607,52.6662,53.1397
COLM,2017-05-04,53.1684,53.7518,53.0339,53.4116
COLM,2017-05-05,53.6006,54.0089,53.121,53.8269
COLM,2017-05-08,53.989,54.4607,53.8912,53.9506
COLM,2017-05-09,53.6777,54.6001,53.6777,54.2798
COLM,2017-05-10,53.9209,54.8948,53.7845,54.5072
COLM,2017-05-11,54.1947,54.1947,52.7333,53.2129
COLM,2017-05-12,52.9865,52.9865,52.1262,52.4496
COLM,2017-05-15,52.6088,52.9014,52.2607,52.5613
COLM,2017-05-16,52.3942,52.3942,51.5113,51.6279
COLM,2017-05-17,50.8853,50.9615,49.0701,49.24
COLM,2017-05-18,49.429,50.0549,49.2006,49.2599
COLM,2017-05-19,49.4091,50.0549,48.8239,49.864
COLM,2017-05-22,49.9975,50.9674,49.9253,50.3475
COLM,2017-05-23,49.7493,50.6777,49.24,50.4236
COLM,2017-05-24,50.4236,50.8032,49.7216,50.0073
COLM,2017-05-25,50.5819,51.0564,50.48,50.5166
COLM,2017-05-26,50.7064,51.3502,50.6105,51.1158
COLM,2017-05-30,51.0179,51.6368,50.5542,51.3589
COLM,2017-05-31,51.3125,51.6368,50.7361,51.3976
COLM,2017-06-01,51.6082,52.1519,51.2037,52.1352
COLM,2017-06-02,52.2983,52.8847,52.1352,52.4318
COLM,2017-06-05,52.496,52.9578,52.0788,52.6859
COLM,2017-06-06,52.5702,53.0172,52.2884,52.6275
COLM,2017-06-07,52.6473,53.0746,52.2983,52.7057
COLM,2017-06-08,52.9114,53.4908,52.676,52.8095
COLM,2017-06-09,53.113,54.2955,52.7818,54.2194
COLM,2017-06-12,54.171,55.0234,53.9842,54.4854
COLM,2017-06-13,54.5794,54.5794,53.6807,54.3055
COLM,2017-06-14,54.3717,54.4756,53.906,54.3352
COLM,2017-06-15,53.7735,54.429,53.5264,54.4202
COLM,2017-06-16,53.9555,54.0424,53.3009,53.5846
COLM,2017-06-19,53.8111,54.3519,53.5165,53.9357
COLM,2017-06-20,53.7835,53.7835,51.7565,52.0165
COLM,2017-06-21,52.0521,52.4703,51.6458,51.977
COLM,2017-06-22,51.9869,52.9291,51.7199,52.6088
COLM,2017-06-23,52.6088,53.644,52.0788,53.5462
COLM,2017-06-26,53.7093,54.0138,53.2099,53.4443
COLM,2017-06-27,53.4146,53.8022,53.0556,53.7093
COLM,2017-06-28,53.9842,54.7019,53.821,53.9456
COLM,2017-06-29,54.0692,54.9027,53.7637,54.3717
COLM,2017-06-30,54.6535,55.3614,54.4756,54.974
COLM,2017-07-03,55.1885,55.3447,54.8275,55.1005
COLM,2017-07-05,55.0421,55.0421,54.4469,54.8562
COLM,2017-07-06,54.5597,54.5597,53.5264,53.7637
COLM,2017-07-07,53.8685,54.617,53.7181,54.4756
COLM,2017-07-10,54.4004,54.4004,53.473,53.6627
COLM,2017-07-11,53.737,53.8111,52.2509,52.7244
COLM,2017-07-12,53.0459,53.3197,52.6662,52.9114
COLM,2017-07-13,52.8678,53.3098,52.6128,53.123
COLM,2017-07-14,53.123,53.205,52.5524,52.8935
COLM,2017-07-17,52.8847,53.6677,52.7917,52.9775
COLM,2017-07-18,52.7917,53.5165,52.2696,53.3098
COLM,2017-07-19,53.3098,54.2659,53.2633,54.087
COLM,2017-07-20,54.2284,55.0609,53.7637,54.874
COLM,2017-07-21,54.874,54.874,54.0039,54.5794
COLM,2017-07-24,54.4953,54.4953,53.205,53.644
COLM,2017-07-25,53.8862,55.2993,53.644,54.3519
COLM,2017-07-26,54.4756,54.8187,54.0968,54.7396
COLM,2017-07-27,54.7316,55.2062,54.439,54.6071
COLM,2017-07-28,54.5883,58.7935,54.5883,58.7173
COLM,2017-07-31,58.4622,58.4622,56.7952,57.3538
COLM,2017-08-01,57.4686,57.7059,56.6153,56.729
COLM,2017-08-02,56.8238,57.4319,55.7056,55.7629
COLM,2017-08-03,55.7728,56.7378,55.5276,55.7342
COLM,2017-08-04,56.0388,56.5312,55.7253,55.9805
COLM,2017-08-07,56.0002,56.6053,55.9855,56.3127
COLM,2017-08-08,56.6814,57.0978,56.0655,56.2751
COLM,2017-08-09,56.0289,56.4441,55.7253,55.9341
COLM,2017-08-10,55.6502,56.1238,54.9215,55.0234
COLM,2017-08-11,55.2626,55.6957,54.3342,55.1202
COLM,2017-08-14,55.4702,55.849,55.4603,55.8193
COLM,2017-08-15,55.6591,56.2563,54.7761,55.1182
COLM,2017-08-16,55.1765,55.5562,54.796,55.2973
COLM,2017-08-17,55.0985,55.4198,54.5457,54.7376
COLM,2017-08-18,54.3766,54.7277,53.1714,53.6173
COLM,2017-08-21,53.5115,53.5115,52.9124,53.0953
COLM,2017-08-22,53.294,53.3691,52.6048,52.6177
COLM,2017-08-23,52.7343,52.7443,52.1332,52.4486
COLM,2017-08-24,52.7541,53.5976,52.6959,53.4463
COLM,2017-08-25,53.6747,54.4716,53.4848,54.3203
COLM,2017-08-28,54.2234,54.6318,53.9298,54.4716
COLM,2017-08-29,54.0632,54.5942,53.637,54.1374
COLM,2017-08-30,54.2421,54.3766,53.9001,54.0267
COLM,2017-08-31,54.0632,54.786,54.0632,54.4153
COLM,2017-09-01,54.6595,55.316,54.4252,55.2507
COLM,2017-09-05,55.223,55.7056,54.613,55.1084
COLM,2017-09-06,55.2783,55.9725,55.2507,55.7441
COLM,2017-09-07,55.9627,55.9627,55.1271,55.4099
COLM,2017-09-08,55.4198,55.8677,55.1371,55.325
COLM,2017-09-11,55.5928,56.105,55.5464,55.6957
COLM,2017-09-12,55.7995,55.7995,55.3427,55.6591
COLM,2017-09-13,55.7896,56.2761,55.6028,56.2661
COLM,2017-09-14,56.2563,56.2563,55.1271,55.6858
COLM,2017-09-15,55.8093,56.3522,55.3337,56.0753
COLM,2017-09-18,56.0753,56.1713,55.2606,55.4198
COLM,2017-09-19,55.4099,55.6106,55.0204,55.4792
COLM,2017-09-20,55.4792,55.8677,55.0589,55.6858
COLM,2017-09-21,55.6779,55.7342,54.9758,55.4693
COLM,2017-09-22,55.2606,55.7629,55.1469,55.3812
COLM,2017-09-25,55.3624,56.0398,54.8997,54.9463
COLM,2017-09-26,55.0204,56.3433,54.613,56.0655
COLM,2017-09-27,55.9912,57.1205,55.6591,56.9683
COLM,2017-09-28,56.9218,57.9847,56.9218,57.6821
COLM,2017-09-29,57.9362,58.6877,56.191,58.4899
COLM,2017-10-02,58.6491,58.9635,57.7879,58.9458
COLM,2017-10-03,58.8123,59.1246,57.5011,58.6026
COLM,2017-10-04,58.6491,58.9081,57.4725,58.3465
COLM,2017-10-05,58.9081,59.9444,56.9683,59.3145
COLM,2017-10-06,59.3046,59.7604,58.7362,59.4768
COLM,2017-10-09,59.4371,59.4371,58.4711,58.7935
COLM,2017-10-10,59.1148,59.3432,58.9902,59.2127
COLM,2017-10-11,58.842,58.9547,57.3024,57.3578
COLM,2017-10-12,56.9683,57.4459,56.0952,57.3676
COLM,2017-10-13,57.5861,57.9757,57.0177,57.2628
COLM,2017-10-16,57.1887,57.8255,56.9218,57.1017
COLM,2017-10-17,57.3578,57.9946,56.4086,56.7596
COLM,2017-10-18,56.9494,57.7394,56.3048,57.605
COLM,2017-10-19,57.3776,57.8423,56.5282,57.7493
COLM,2017-10-20,58.2131,59.6576,57.7394,58.7262
COLM,2017-10-23,58.9081,60.4536,58.2971,59.3145
COLM,2017-10-24,59.6399,60.3339,58.2179,59.4865
COLM,2017-10-25,59.5439,59.8662,58.6778,59.8268
COLM,2017-10-26,60.1401,61.385,59.6399,61.0924
COLM,2017-10-27,61.1764,64.2059,59.7981,61.8714
COLM,2017-10-30,61.034,61.2535,59.5162,60.3972
COLM,2017-10-31,60.159,60.3695,59.009,59.2503
COLM,2017-11-01,59.1633,59.9256,58.8597,59.0585
COLM,2017-11-02,59.0288,59.1148,58.2596,58.8517
COLM,2017-11-03,58.8517,59.3046,58.4613,58.6877
COLM,2017-11-06,58.7164,59.2968,58.4533,58.8794
COLM,2017-11-07,58.8794,58.927,58.0914,58.0914
COLM,2017-11-08,57.9946,58.7658,57.7968,58.5175
COLM,2017-11-09,58.4613,59.0189,57.7879,59.009
COLM,2017-11-10,59.1445,60.1213,59.1445,59.3797
COLM,2017-11-13,59.2028,60.2074,59.0288,59.6576
COLM,2017-11-14,59.3333,60.2371,59.0485,60.1975
COLM,2017-11-15,59.972,60.9411,59.4451,60.9025
COLM,2017-11-16,60.9697,62.2956,60.5317,62.1316
COLM,2017-11-17,62.1413,63.6097,62.1413,63.3031
COLM,2017-11-20,63.5336,64.7616,63.1717,64.6291
COLM,2017-11-21,64.4551,65.257,63.9232,64.8853
COLM,2017-11-22,64.905,65.343,64.286,65.0483
COLM,2017-11-24,65.0839,65.4854,64.8189,65.1037
COLM,2017-11-27,65.4953,66.3051,64.9731,65.1729
COLM,2017-11-28,65.0188,65.7157,63.8845,65.6663
COLM,2017-11-29,65.7257,67.4184,65.1284,66.9546
COLM,2017-11-30,67.1524,68.2569,66.5048,66.9833
COLM,2017-12-01,66.8301,67.0011,65.0385,66.581
COLM,2017-12-04,66.9833,67.3917,66.228,66.3722
COLM,2017-12-05,66.6106,66.9152,65.3914,65.7247
COLM,2017-12-06,65.8947,66.7332,65.8947,66.2951
COLM,2017-12-07,66.6956,67.2482,66.1439,66.2664
COLM,2017-12-08,66.4019,67.019,65.7534,65.8571
COLM,2017-12-11,65.7622,66.1399,64.9831,65.0483
COLM,2017-12-12,64.1604,65.5151,64.1318,64.9731
COLM,2017-12-13,65.257,66.048,65.0285,65.8195
COLM,2017-12-14,66.1805,66.5146,65.0939,65.3628
COLM,2017-12-15,65.6189,67.2779,65.3628,66.7906
COLM,2017-12-18,67.1425,68.0116,67.1138,67.8189
COLM,2017-12-19,68.1056,68.422,67.4016,67.7437
COLM,2017-12-20,67.9247,68.1441,67.4105,67.9524
COLM,2017-12-21,67.9721,68.2855,67.4471,67.7535
COLM,2017-12-22,67.6962,68.2855,67.2206,68.2103
COLM,2017-12-26,68.2569,69.0963,68.2292,68.6109
COLM,2017-12-27,68.5722,69.0578,68.0393,68.1441
COLM,2017-12-28,68.3834,68.3834,67.6863,68.1817
COLM,2017-12-29,68.3735,69.1062,68.2569,68.4754
COLM,2018-01-02,68.9737,70.1058,68.7453,69.5837
COLM,2018-01-03,69.7054,69.8488,68.3538,68.5525
COLM,2018-01-04,68.9836,68.9836,67.1624,68.6109
COLM,2018-01-05,68.6483,68.9639,68.2569,68.5921
COLM,2018-01-08,69.0667,69.7726,69.0667,69.3158
COLM,2018-01-09,69.3642,69.7825,68.7542,68.774
COLM,2018-01-10,68.4596,68.8955,67.1624,68.8955
COLM,2018-01-11,69.1062,69.8388,68.7839,69.7726
COLM,2018-01-12,69.8221,70.093,69.4108,70.0189
COLM,2018-01-16,70.2492,71.1035,68.6573,69.0488
COLM,2018-01-17,69.3544,69.9348,68.6206,69.5937
COLM,2018-01-18,69.744,69.9249,68.6009,69.3642
COLM,2018-01-19,69.5254,70.5151,69.3158,70.4103
COLM,2018-01-22,70.535,70.9878,69.555,70.6881
COLM,2018-01-23,70.9541,71.9232,70.4015,71.5158
COLM,2018-01-24,71.764,72.3978,70.6497,70.7722
COLM,2018-01-25,71.0688,71.2192,70.2393,71.059
COLM,2018-01-26,71.4792,71.5622,70.886,71.3448
COLM,2018-01-29,71.3448,72.2217,71.0985,71.238
COLM,2018-01-30,70.6111,71.9439,70.6111,71.059
COLM,2018-01-31,71.3072,71.5722,70.7545,71.1342
COLM,2018-02-01,70.6981,72.3354,69.8131,72.286
COLM,2018-02-02,72.2317,74.5542,70.8473,71.5257
COLM,2018-02-05,71.1638,71.7373,69.6025,69.6965
COLM,2018-02-06,68.8204,71.0402,68.3538,70.3728
COLM,2018-02-07,70.6012,72.0498,70.6012,71.764
COLM,2018-02-08,71.5158,72.9545,69.7825,69.8299
COLM,2018-02-09,72.6311,75.4629,70.2106,73.0681
COLM,2018-02-12,73.0583,74.1162,68.8373,69.8299
COLM,2018-02-13,69.6866,71.402,67.0249,71.1272
COLM,2018-02-14,70.5448,73.5883,69.555,72.6311
COLM,2018-02-15,72.726,73.2045,72.204,72.5639
COLM,2018-02-16,72.3058,72.908,71.0402,71.144
COLM,2018-02-20,70.8573,71.3072,70.1157,70.2878
COLM,2018-02-21,70.3352,71.9053,69.555,70.886
COLM,2018-02-22,71.0788,71.8224,70.5013,71.5622
COLM,2018-02-23,71.9637,72.1546,70.9453,72.1169
COLM,2018-02-26,72.4887,74.0034,71.9874,73.7345
COLM,2018-02-27,73.3539,74.2932,72.554,73.1759
COLM,2018-02-28,73.0967,73.5181,71.9726,72.0013
COLM,2018-03-01,71.9242,72.8793,70.5063,72.3641
COLM,2018-03-02,71.9825,73.345,70.7178,73.1264
COLM,2018-03-05,72.8694,74.3753,72.5076,73.7445
COLM,2018-03-06,74.0134,74.7847,73.087,74.5542
COLM,2018-03-07,74.0875,74.9547,73.603,74.757
COLM,2018-03-08,75.1188,75.2336,72.4145,72.9405
COLM,2018-03-09,73.4172,75.806,73.4172,75.625
COLM,2018-03-12,75.7862,75.8357,73.9817,74.1242
COLM,2018-03-13,74.7668,75.4916,74.0015,74.0301
COLM,2018-03-14,74.3842,74.5711,73.427,73.8097
COLM,2018-03-15,73.8957,74.4405,73.2945,73.5625
COLM,2018-03-16,73.5239,74.9171,73.5239,74.4504
COLM,2018-03-19,74.3357,74.757,73.2945,73.7128
COLM,2018-03-20,73.6664,74.3159,73.4073,73.866
COLM,2018-03-21,73.7315,74.6412,73.7315,74.0214
COLM,2018-03-22,73.3885,74.4672,73.082,73.3124
COLM,2018-03-23,73.5239,74.4959,71.756,72.5975
COLM,2018-03-26,73.4745,74.6679,73.2362,74.5147
COLM,2018-03-27,74.5147,74.7086,72.7102,73.2649
COLM,2018-03-28,73.5803,74.1627,72.2613,72.3572
COLM,2018-03-29,72.9307,74.0301,72.9307,73.0166
COLM,2018-04-02,72.8061,73.5526,70.9631,71.7837
COLM,2018-04-03,72.0803,73.0019,71.9262,72.8931
COLM,2018-04-04,72.0616,74.7668,72.0616,74.6512
COLM,2018-04-05,75.1475,76.2935,73.3983,76.2262
COLM,2018-04-06,75.8456,76.6375,74.6412,75.3274
COLM,2018-04-09,75.9315,75.9819,74.9942,75.0229
COLM,2018-04-10,75.54,77.2575,74.8034,77.0865
COLM,2018-04-11,78.3461,79.4189,77.0301,78.3461
COLM,2018-04-12,78.7773,79.1381,77.0488,77.1537
COLM,2018-04-13,77.305,77.8616,76.0829,76.2737
COLM,2018-04-16,76.3419,76.961,75.9405,76.2935
COLM,2018-04-17,76.7444,77.479,76.6574,76.9707
COLM,2018-04-18,77.3544,77.3544,76.3122,76.418
COLM,2018-04-19,76.3519,76.5793,75.7575,76.3607
COLM,2018-04-20,75.9682,76.4557,75.2997,75.4432
COLM,2018-04-23,76.3519,77.4394,75.8159,76.9233
COLM,2018-04-24,77.1922,77.4493,75.9879,76.2451
COLM,2018-04-25,76.5594,77.3297,75.6992,77.0963
COLM,2018-04-26,77.3149,78.9196,75.806,78.4212
COLM,2018-04-27,82.1597,84.0404,79.9617,80.734
COLM,2018-04-30,80.5837,81.1552,78.2907,79.3022
COLM,2018-05-01,78.6052,79.2725,77.296,79.1213
COLM,2018-05-02,79.1777,79.7808,78.0683,78.5479
COLM,2018-05-03,77.9477,78.003,77.0104,77.4098
COLM,2018-05-04,77.2199,77.5374,76.3903,77.4593
COLM,2018-05-07,77.8517,78.6547,77.745,78.4124
COLM,2018-05-08,78.2146,79.2923,78.1662,78.7476
COLM,2018-05-09,78.7298,79.1677,78.2819,78.6348
COLM,2018-05-10,78.7298,79.2628,78.3194,78.7021
COLM,2018-05-11,78.7119,79.2439,78.5004,78.5479
COLM,2018-05-14,78.7119,79.0759,78.4312,78.8336
COLM,2018-05-15,78.7871,80.0458,78.5479,79.2825
COLM,2018-05-16,79.6562,81.6485,79.6562,81.2165
COLM,2018-05-17,81.1789,82.3377,81.0385,81.9936
COLM,2018-05-18,81.9076,82.2448,80.9604,82.1093
COLM,2018-05-21,82.1974,83.2147,82.0025,82.581
COLM,2018-05-22,82.7788,82.7788,81.8513,82.0509
COLM,2018-05-23,82.0609,83.0586,81.8226,82.666
COLM,2018-05-24,82.675,83.6221,82.3763,83.4313
COLM,2018-05-25,83.2968,84.2757,83.1198,83.8337
COLM,2018-05-29,83.6805,85.1181,83.3976,84.7345
COLM,2018-05-30,84.7997,85.8172,84.7918,84.8195
COLM,2018-05-31,84.5506,85.1467,83.3452,83.4413
COLM,2018-06-01,83.9583,85.1666,83.3641,85.0895
COLM,2018-06-04,85.4345,86.007,85.0895,85.653
COLM,2018-06-05,85.8468,87.1381,85.1083,86.976
COLM,2018-06-06,87.1471,87.7799,87.0155,87.4625
COLM,2018-06-07,87.4911,88.0379,87.2322,87.5406
COLM,2018-06-08,87.684,88.739,87.3399,88.2683
COLM,2018-06-11,88.557,89.2877,88.0379,88.1349
COLM,2018-06-12,88.0379,89.2729,87.4911,88.7191
COLM,2018-06-13,88.6036,88.6036,87.3695,87.3695
COLM,2018-06-14,87.3695,87.5692,86.889,87.2045
COLM,2018-06-15,87.0155,88.2407,86.7357,87.8095
COLM,2018-06-18,87.2142,88.7964,86.9463,88.7291
COLM,2018-06-19,88.297,88.7944,87.6453,88.6895
COLM,2018-06-20,89.3124,89.351,88.3266,89.1423
COLM,2018-06-21,89.3025,89.6417,88.1635,88.6994
COLM,2018-06-22,88.7093,88.8438,86.1256,87.1866
COLM,2018-06-25,87.0155,88.0765,86.8692,87.4911
COLM,2018-06-26,88.5472,89.2729,88.2871,89.1592
COLM,2018-06-27,89.0445,90.3566,86.9364,87.0155
COLM,2018-06-28,86.9859,87.501,85.9219,87.1471
COLM,2018-06-29,87.6553,88.6133,87.3884,87.6168
COLM,2018-07-02,87.6078,87.6078,85.4049,86.4391
COLM,2018-07-03,86.4668,87.6453,86.2858,86.6785
COLM,2018-07-05,87.0244,87.3666,85.7678,86.8217
COLM,2018-07-06,86.9167,87.9528,86.707,87.3794
COLM,2018-07-09,87.7037,88.3415,86.9463,88.2307
COLM,2018-07-10,88.4206,88.8912,87.3597,87.9994
COLM,2018-07-11,87.8273,88.4404,86.0367,87.4368
COLM,2018-07-12,87.5109,87.9905,86.9563,87.4625
COLM,2018-07-13,87.3013,89.2155,87.1668,88.1922
COLM,2018-07-16,86.6032,88.8912,86.6032,88.6331
COLM,2018-07-17,88.3365,90.4218,88.3365,89.8108
COLM,2018-07-18,88.7765,89.6368,88.3722,89.4953
COLM,2018-07-19,89.2828,90.4218,88.9199,90.3467
COLM,2018-07-20,90.2329,91.5529,89.8987,90.0016
COLM,2018-07-23,90.3654,90.9034,88.991,89.7059
COLM,2018-07-24,90.3566,90.4317,87.2913,88.2871
COLM,2018-07-25,86.707,89.2254,86.6872,89.0257
COLM,2018-07-26,88.8042,90.412,87.5495,88.6233
COLM,2018-07-27,90.855,90.855,78.6774,81.785
COLM,2018-07-30,81.6881,83.5568,80.4028,81.7366
COLM,2018-07-31,82.5414,83.8238,82.0994,83.3165
COLM,2018-08-01,83.191,83.9484,82.4535,83.4986
COLM,2018-08-02,83.4413,84.6188,82.7678,84.1017
COLM,2018-08-03,84.2065,84.4081,82.5513,82.9439
COLM,2018-08-06,83.1535,84.1768,82.9903,83.8238
COLM,2018-08-07,84.5506,85.1083,83.9484,84.7068
COLM,2018-08-08,84.8581,85.4444,84.4448,84.4942
COLM,2018-08-09,84.6188,87.675,84.6188,86.8494
COLM,2018-08-10,86.181,87.1381,86.181,86.3333
COLM,2018-08-13,86.4193,86.6785,85.567,85.6994
COLM,2018-08-14,86.1513,87.2913,85.5482,86.4767
COLM,2018-08-15,87.859,88.0805,85.6412,87.9084
COLM,2018-08-16,87.9568,88.1002,85.7658,85.9783
COLM,2018-08-17,86.1306,87.6286,86.0911,87.2539
COLM,2018-08-20,87.3814,87.9765,87.1797,87.7354
COLM,2018-08-21,88.0805,88.8675,87.5238,87.7166
COLM,2018-08-22,87.4565,88.1863,87.0126,87.2636
COLM,2018-08-23,87.2736,87.7641,86.5934,86.9868
COLM,2018-08-24,86.8425,87.0917,86.3512,86.89
COLM,2018-08-27,87.0551,87.5624,85.7074,86.4193
COLM,2018-08-28,86.2581,87.323,86.2581,87.0818
COLM,2018-08-29,87.064,87.8125,85.7558,87.5139
COLM,2018-08-30,87.2636,87.2636,85.9299,86.1702
COLM,2018-08-31,86.18,87.2933,86.0644,87.0917
COLM,2018-09-04,87.0067,87.8689,86.628,87.3814
COLM,2018-09-05,87.2636,87.2636,86.2551,86.534
COLM,2018-09-06,86.9573,87.85,86.5834,87.3714
COLM,2018-09-07,87.1589,88.1101,87.0165,87.1204
COLM,2018-09-10,87.4852,89.2224,87.4852,88.8872
COLM,2018-09-11,89.1493,89.2996,88.4404,88.6954
COLM,2018-09-12,88.7725,88.8002,87.6009,88.6283
COLM,2018-09-13,88.6183,89.1572,88.2347,88.4057
COLM,2018-09-14,88.4156,88.735,87.332,88.0706
COLM,2018-09-17,88.0805,88.0805,86.708,86.9276
COLM,2018-09-18,87.2933,89.5874,86.7654,88.647
COLM,2018-09-19,88.5036,88.7637,87.3814,88.1101
COLM,2018-09-20,88.2534,88.3504,87.2262,88.1863
COLM,2018-09-21,88.475,88.7153,86.5143,87.5722
COLM,2018-09-24,87.3123,87.7166,86.545,86.794
COLM,2018-09-25,86.6605,87.5722,86.3046,87.0452
COLM,2018-09-26,86.9473,88.5886,86.6982,87.9945
COLM,2018-09-27,88.1289,89.4933,88.1289,89.0317
COLM,2018-09-28,88.8774,90.2616,88.8774,89.3678
COLM,2018-10-01,89.7139,90.1945,89.2511,89.6061
COLM,2018-10-02,89.3678,89.3678,86.6695,86.7654
COLM,2018-10-03,87.332,88.4551,86.9374,88.2821
COLM,2018-10-04,87.9084,87.9084,85.5651,85.9962
COLM,2018-10-05,85.8251,87.0165,85.0806,85.9685
COLM,2018-10-08,86.0257,86.7309,84.7306,86.0357
COLM,2018-10-09,85.8349,86.803,84.9016,85.921
COLM,2018-10-10,85.5849,85.5849,82.3367,82.4336
COLM,2018-10-11,81.9067,83.6301,81.607,81.7158
COLM,2018-10-12,82.5711,84.2599,82.5711,83.6448
COLM,2018-10-15,83.7408,84.7493,83.6735,84.0374
COLM,2018-10-16,84.2302,85.8933,82.5612,85.6887
COLM,2018-10-17,85.6797,85.8449,84.3756,85.2862
COLM,2018-10-18,84.8838,85.9388,83.8941,84.3954
COLM,2018-10-19,84.8917,84.8917,82.3367,82.4535
COLM,2018-10-22,82.2824,84.2984,82.2824,83.7596
COLM,2018-10-23,82.675,84.4221,82.2527,83.9722
COLM,2018-10-24,83.8851,84.7216,82.6363,82.7798
COLM,2018-10-25,83.9425,84.8106,83.3956,84.2105
COLM,2018-10-26,85.6797,86.3709,80.6114,82.1667
COLM,2018-10-29,83.6054,87.6483,83.4817,86.2285
COLM,2018-10-30,86.2483,89.7514,86.2483,88.3959
COLM,2018-10-31,88.9159,89.5033,86.5934,86.6882
COLM,2018-11-01,86.8702,87.6681,86.4816,87.6385
COLM,2018-11-02,87.6583,89.7613,87.2262,89.7613
COLM,2018-11-05,89.2996,90.1648,88.2821,89.4637
COLM,2018-11-06,89.0899,89.4637,87.8787,88.9823
COLM,2018-11-07,88.9633,89.532,87.8303,89.2037
COLM,2018-11-08,89.2511,90.4416,88.4354,89.963
COLM,2018-11-09,90.0006,90.5692,88.8675,89.348
COLM,2018-11-12,89.2314,90.2616,87.8984,87.9945
COLM,2018-11-13,87.9855,88.8201,87.2786,87.6286
COLM,2018-11-14,88.4473,90.0936,87.3497,88.6312
COLM,2018-11-15,88.0913,89.0841,86.274,88.3979
COLM,2018-11-16,87.9479,88.3335,86.9256,87.1579
COLM,2018-11-19,87.1194,87.3704,84.9521,85.3268
COLM,2018-11-20,83.8654,85.4691,83.0367,84.7236
COLM,2018-11-21,85.2803,86.9354,84.8947,86.5607
COLM,2018-11-23,85.9339,87.2252,85.9299,86.4826
COLM,2018-11-26,87.321,88.6687,87.321,87.9391
COLM,2018-11-27,87.6108,87.7689,84.7236,84.7612
COLM,2018-11-28,85.0312,86.6952,84.7612,86.5113
COLM,2018-11-29,89.0355,89.0355,86.2444,86.7536
COLM,2018-11-30,86.7149,88.6589,86.4362,87.9291
COLM,2018-12-03,88.9099,91.8011,88.7281,91.4057
COLM,2018-12-04,91.6726,92.1748,87.9391,88.8428
COLM,2018-12-06,88.8428,89.3628,86.6575,88.555
COLM,2018-12-07,88.294,89.4212,84.9818,85.0796
COLM,2018-12-10,84.7898,85.646,80.7122,84.7236
COLM,2018-12-11,85.7024,85.916,84.0097,84.347
COLM,2018-12-12,84.4804,89.2936,84.2411,84.4705
COLM,2018-12-13,84.5289,84.5971,81.3044,81.3924
COLM,2018-12-14,80.466,82.9784,80.2376,81.265
COLM,2018-12-17,80.6509,82.9221,80.12,80.2574
COLM,2018-12-18,80.6509,82.6235,80.6509,81.5626
COLM,2018-12-19,81.5724,82.2675,80.1002,80.7933
COLM,2018-12-20,80.6509,81.9284,79.3507,80.5551
COLM,2018-12-21,80.8704,81.8918,78.532,78.8197
COLM,2018-12-24,78.3668,78.7061,77.0459,77.3089
COLM,2018-12-26,77.6738,80.9386,77.6738,80.8902
COLM,2018-12-27,80.0606,81.5724,79.2331,81.5042
COLM,2018-12-28,81.5132,82.5088,80.1694,81.2847
COLM,2018-12-31,81.5229,82.3575,80.3494,80.9585
COLM,2019-01-02,79.8432,81.44,78.9255,80.6509
COLM,2019-01-03,79.937,79.937,77.9368,78.4935
COLM,2019-01-04,79.5514,80.5254,78.792,79.8896
COLM,2019-01-07,79.8806,81.0651,79.8332,80.7636
COLM,2019-01-08,81.4024,81.9165,80.4265,81.2452
COLM,2019-01-09,81.2749,82.1133,80.5401,80.8803
COLM,2019-01-10,78.3007,79.5702,77.4632,78.7822
COLM,2019-01-11,79.5416,81.4123,79.0432,79.4763
COLM,2019-01-14,79.156,81.265,78.6576,79.5416
COLM,2019-01-15,79.4565,80.2663,79.0659,79.6473
COLM,2019-01-16,79.3309,80.2089,79.0729,79.6374
COLM,2019-01-17,79.3012,81.4123,77.9872,80.7162
COLM,2019-01-18,81.44,83.7586,81.265,82.8836
COLM,2019-01-22,82.8152,83.3739,81.9679,82.4001
COLM,2019-01-23,83.0269,83.1999,81.6357,82.4989
COLM,2019-01-24,82.4001,83.3165,81.9976,83.1999
COLM,2019-01-25,83.6439,85.2506,83.6439,84.3864
COLM,2019-01-28,83.5668,84.9046,83.4907,84.2806
COLM,2019-01-29,84.4705,84.9421,84.0285,84.6059
COLM,2019-01-30,84.6257,85.6175,84.0197,85.4256
COLM,2019-01-31,85.3959,86.2918,83.5381,85.8696
COLM,2019-02-01,85.9082,86.5804,85.3762,86.4737
COLM,2019-02-04,86.4559,88.0815,86.2542,87.7551
COLM,2019-02-05,88.2743,89.9868,88.1882,89.787
COLM,2019-02-06,89.4311,90.1321,87.7828,89.8929
COLM,2019-02-07,89.2649,89.5824,87.8412,89.006
COLM,2019-02-08,98.9548,105.648,98.9548,102.861
COLM,2019-02-11,103.326,105.006,102.485,102.969
COLM,2019-02-12,103.266,103.533,100.665,101.249
COLM,2019-02-13,101.624,102.267,100.358,100.478
COLM,2019-02-14,99.7058,101.476,99.7058,100.091
COLM,2019-02-15,100.814,101.961,100.161,100.764
COLM,2019-02-19,100.33,101.219,99.934,100.606
COLM,2019-02-20,100.596,101.279,99.5976,99.8343
COLM,2019-02-21,99.9539,101.516,99.3108,100.922
COLM,2019-02-22,101.1,101.961,100.863,101.347
COLM,2019-02-25,102.0,102.702,101.091,101.387
COLM,2019-02-26,101.476,102.168,100.863,101.328
COLM,2019-02-27,100.992,101.644,100.121,101.081
COLM,2019-02-28,100.804,100.853,98.9647,99.1031
COLM,2019-03-01,99.9828,101.851,99.8842,101.219
COLM,2019-03-04,101.239,101.921,99.4488,99.8642
COLM,2019-03-05,100.013,100.883,99.4488,99.538
COLM,2019-03-06,99.7556,100.121,98.1341,98.2517
COLM,2019-03-07,97.8257,98.1925,97.2551,97.7733
COLM,2019-03-08,96.9821,98.0116,96.5333,97.4341
COLM,2019-03-11,97.5873,99.6371,97.5873,99.1724
COLM,2019-03-12,99.4289,99.9728,98.232,99.3803
COLM,2019-03-13,99.5876,100.596,99.5876,99.8543
COLM,2019-03-14,99.9041,100.567,99.2513,100.101
COLM,2019-03-15,100.517,100.745,99.4984,100.121
COLM,2019-03-18,100.625,101.575,100.201,101.347
COLM,2019-03-19,101.694,102.287,101.12,101.614
COLM,2019-03-20,101.614,101.614,99.1525,99.5678
COLM,2019-03-21,99.7058,101.456,99.0932,101.328
COLM,2019-03-22,100.517,100.645,97.4143,97.5528
COLM,2019-03-25,97.5528,99.657,96.7983,99.2811
COLM,2019-03-26,99.9828,100.764,99.0833,99.2811
COLM,2019-03-27,99.2811,100.023,98.579,99.4984
COLM,2019-03-28,99.8154,101.516,99.6869,101.15
COLM,2019-03-29,101.199,101.367,100.121,100.537
COLM,2019-04-01,101.249,102.188,100.912,101.12
COLM,2019-04-02,101.031,101.031,99.41,100.418
COLM,2019-04-03,100.685,101.536,99.9728,100.131
COLM,2019-04-04,100.003,101.654,100.003,101.536
COLM,2019-04-05,101.684,102.287,100.368,100.448
COLM,2019-04-08,100.428,101.298,99.4289,99.5778
COLM,2019-04-09,98.8955,99.3803,97.9334,98.3308
COLM,2019-04-10,98.3507,99.0833,98.0748,98.9252
COLM,2019-04-11,99.3405,99.9041,98.6681,98.9943
COLM,2019-04-12,99.4289,100.517,99.3604,100.339
COLM,2019-04-15,100.339,101.021,99.5778,99.7058
COLM,2019-04-16,100.25,101.1,100.033,100.596
COLM,2019-04-17,100.962,101.506,99.1724,99.3902
COLM,2019-04-18,99.6769,100.003,98.5593,99.558
COLM,2019-04-22,99.3207,99.9439,97.7634,98.3308
COLM,2019-04-23,98.7076,99.7955,98.055,99.7457
COLM,2019-04-24,99.9141,101.614,99.5678,101.377
COLM,2019-04-25,101.753,102.05,100.32,100.804
COLM,2019-04-26,102.287,103.246,95.5723,97.7139
COLM,2019-04-29,97.6259,98.0945,94.9068,95.0799
COLM,2019-04-30,95.4863,96.826,95.1451,96.474
COLM,2019-05-01,96.5432,97.0603,94.9464,95.0799
COLM,2019-05-02,95.4962,96.0794,94.4431,95.7462
COLM,2019-05-03,95.862,97.704,95.862,96.5056
COLM,2019-05-06,95.0799,96.2091,94.5795,95.6781
COLM,2019-05-07,95.0225,95.235,92.7256,93.2082
COLM,2019-05-08,93.1321,95.3932,92.8907,94.704
COLM,2019-05-09,94.183,95.0947,93.0243,93.3436
COLM,2019-05-10,93.2082,93.4108,91.8465,93.0243
COLM,2019-05-13,91.6736,91.8485,89.3095,89.4746
COLM,2019-05-14,89.5694,91.7527,89.5131,91.0478
COLM,2019-05-15,90.4752,91.994,89.5093,91.7744
COLM,2019-05-16,91.8485,95.0373,91.5391,94.5875
COLM,2019-05-17,94.1237,95.6414,93.7272,94.0368
COLM,2019-05-20,93.4356,94.7624,92.8265,94.4224
COLM,2019-05-21,94.8287,95.0512,94.0071,94.9839
COLM,2019-05-22,94.4224,95.1105,94.2236,94.8782
COLM,2019-05-23,94.1523,94.6943,92.4092,93.4948
COLM,2019-05-24,93.9398,94.7714,93.6393,93.9596
COLM,2019-05-28,94.095,94.9365,93.1468,93.2239
COLM,2019-05-29,92.5477,92.5575,90.9597,91.1436
COLM,2019-05-30,91.3473,91.6706,90.4703,90.7085
COLM,2019-05-31,89.4903,90.7836,89.2244,90.7264
COLM,2019-06-03,90.8331,92.2649,90.2992,91.3572
COLM,2019-06-04,92.1304,92.9441,91.5678,92.7771
COLM,2019-06-05,93.7075,95.2844,91.8772,93.1844
COLM,2019-06-06,93.2438,93.747,91.735,92.605
COLM,2019-06-07,93.0874,94.6359,92.9254,94.2187
COLM,2019-06-10,94.4224,95.3765,93.5146,93.6679
COLM,2019-06-11,94.1623,95.0323,91.9663,93.9398
COLM,2019-06-12,94.3274,94.3274,92.6148,92.7968
COLM,2019-06-13,92.7771,94.3274,92.7691,93.9784
COLM,2019-06-14,93.7075,95.6326,93.3001,95.508
COLM,2019-06-17,95.5653,96.0775,94.9938,95.3034
COLM,2019-06-18,95.9134,97.7436,95.4436,97.533
COLM,2019-06-19,97.4736,97.4736,95.3034,95.6801
COLM,2019-06-20,96.5818,97.2156,95.8935,97.0692
COLM,2019-06-21,96.7795,97.3263,95.7967,96.3969
COLM,2019-06-24,96.4344,97.0989,95.4635,95.5564
COLM,2019-06-25,95.7295,96.0043,94.6853,94.8089
COLM,2019-06-26,94.9464,95.7878,94.8287,95.0512
COLM,2019-06-27,95.3518,95.8738,94.7803,95.3231
COLM,2019-06-28,95.593,97.0208,95.593,96.904
COLM,2019-07-01,97.7237,98.6087,96.9734,97.7534
COLM,2019-07-02,97.5587,98.0116,95.9332,96.378
COLM,2019-07-03,96.4444,98.144,96.127,98.144
COLM,2019-07-05,97.4044,97.7634,96.3969,97.4539
COLM,2019-07-08,97.4539,98.589,97.3026,98.4605
COLM,2019-07-09,98.321,98.5692,96.7795,97.1186
COLM,2019-07-10,97.178,97.444,95.9906,96.4255
COLM,2019-07-11,96.7597,96.914,96.0143,96.474
COLM,2019-07-12,96.8556,99.3009,96.8556,98.9252
COLM,2019-07-15,99.2711,99.8543,98.7273,98.8361
COLM,2019-07-16,98.6779,100.616,98.4406,99.7756
COLM,2019-07-17,99.924,100.665,99.3307,100.388
COLM,2019-07-18,100.774,101.1,99.9629,100.774
COLM,2019-07-19,101.298,102.02,100.33,100.586
COLM,2019-07-22,100.814,101.021,98.7273,98.8263
COLM,2019-07-23,101.377,102.792,101.061,101.565
COLM,2019-07-24,101.506,103.423,101.397,101.773
COLM,2019-07-25,101.684,102.762,101.269,101.614
COLM,2019-07-26,103.176,103.513,97.2156,100.547
COLM,2019-07-29,100.468,103.473,100.468,103.216
COLM,2019-07-30,102.574,104.254,101.614,103.977
COLM,2019-07-31,103.82,105.866,101.546,102.515
COLM,2019-08-01,102.425,102.899,98.589,99.6769
COLM,2019-08-02,99.1031,99.558,97.6753,98.589
COLM,2019-08-05,97.0603,97.6843,94.9266,95.6701
COLM,2019-08-06,96.2802,97.4637,95.0907,96.0488
COLM,2019-08-07,95.3992,96.0874,94.8979,95.7967
COLM,2019-08-08,97.5428,97.9432,96.2605,97.5428
COLM,2019-08-09,97.5685,98.4209,96.2605,96.65
COLM,2019-08-12,95.9707,96.1932,93.7954,93.9101
COLM,2019-08-13,93.9497,97.5033,92.7731,95.768
COLM,2019-08-14,93.7707,94.0416,91.6854,91.7547
COLM,2019-08-15,91.7645,91.9465,88.8141,89.3184
COLM,2019-08-16,89.9017,91.0171,89.1166,90.2122
COLM,2019-08-19,91.4906,92.0938,90.2606,91.3562
COLM,2019-08-20,91.2099,91.9366,90.4426,91.3365
COLM,2019-08-21,92.4212,92.8987,91.5282,92.6168
COLM,2019-08-22,92.8295,93.5088,91.897,93.3723
COLM,2019-08-23,91.9751,94.0228,90.0837,90.2803
COLM,2019-08-26,91.2099,91.8922,89.8672,91.3957
COLM,2019-08-27,91.8872,92.1027,90.7135,91.2375
COLM,2019-08-28,90.6858,91.8585,90.581,90.7916
COLM,2019-08-29,91.6854,92.9758,91.4818,92.0642
COLM,2019-08-30,92.3648,92.5684,90.6383,90.9577
COLM,2019-09-03,90.7916,91.3859,87.6503,88.7083
COLM,2019-09-04,89.0969,90.2319,88.9496,89.872
COLM,2019-09-05,90.851,92.5684,90.4524,92.0938
COLM,2019-09-06,92.5497,93.8083,92.171,93.304
COLM,2019-09-09,93.402,95.6128,92.8096,95.4179
COLM,2019-09-10,95.0205,96.738,94.4975,96.2712
COLM,2019-09-11,96.5531,98.0945,95.3024,98.0748
COLM,2019-09-12,98.321,98.9252,97.0889,98.055
COLM,2019-09-13,98.3111,98.8559,95.8363,95.9332
COLM,2019-09-16,95.2647,96.2139,94.7407,95.332
COLM,2019-09-17,95.5554,96.0686,94.4491,95.0887
COLM,2019-09-18,95.2153,95.235,92.9184,94.0328
COLM,2019-09-19,94.2444,94.4975,92.3153,92.4606
COLM,2019-09-20,92.7315,94.1336,92.6258,92.7415
COLM,2019-09-23,92.6544,93.3535,91.9663,92.5003
COLM,2019-09-24,92.6258,93.7509,92.0977,92.693
COLM,2019-09-25,93.0223,94.7307,92.7949,94.3729
COLM,2019-09-26,94.721,95.4279,94.0812,95.2153
COLM,2019-09-27,95.6029,95.8451,93.4593,93.6728
COLM,2019-09-30,93.6926,94.4777,93.2852,93.9645
COLM,2019-10-01,94.1198,95.3508,93.8182,93.9834
COLM,2019-10-02,93.3139,93.5572,89.5694,90.9577
COLM,2019-10-03,91.2574,91.3562,89.0385,90.7916
COLM,2019-10-04,91.1703,91.6409,90.1528,91.2672
COLM,2019-10-07,92.6643,93.9834,91.3463,93.2378
COLM,2019-10-08,92.7415,93.304,91.8535,92.5881
COLM,2019-10-09,93.4108,93.7509,92.7711,93.1398
COLM,2019-10-10,93.051,94.3136,93.051,94.2542
COLM,2019-10-11,95.2252,96.8181,94.8564,95.3795
COLM,2019-10-14,96.0983,96.0983,94.7871,95.2252
COLM,2019-10-15,95.3024,96.1754,95.0789,95.7967
COLM,2019-10-16,95.3695,96.6955,95.3508,96.3406
COLM,2019-10-17,97.5033,98.3111,96.914,98.1628
COLM,2019-10-18,97.3263,98.49,96.8656,98.0649
COLM,2019-10-21,98.0649,99.7656,97.4242,97.9829
COLM,2019-10-22,98.1726,99.2021,97.704,98.3111
COLM,2019-10-23,98.0649,98.0649,92.9422,94.187
COLM,2019-10-24,94.5657,94.5657,91.9267,93.0321
COLM,2019-10-25,92.3251,92.6692,91.1802,91.5105
COLM,2019-10-28,92.2471,93.8567,91.5105,92.2658
COLM,2019-10-29,92.1413,92.8403,91.3098,91.3463
COLM,2019-10-30,91.735,92.8393,90.0065,90.5711
COLM,2019-10-31,88.6687,88.7944,84.9837,87.7185
COLM,2019-11-01,88.2436,89.5991,86.884,87.6701
COLM,2019-11-04,88.1645,88.4987,87.0887,88.0963
COLM,2019-11-05,88.6687,90.5612,88.1358,90.4327
COLM,2019-11-06,90.7432,90.7432,88.8625,89.7554
COLM,2019-11-07,90.6008,92.0147,89.6971,90.2706
COLM,2019-11-08,90.4327,91.0506,89.8236,90.8016
COLM,2019-11-11,90.5711,91.9366,90.3367,91.4057
COLM,2019-11-12,91.6261,91.9069,90.2953,90.4524
COLM,2019-11-13,90.319,90.319,88.999,89.8038
COLM,2019-11-14,89.7169,91.6953,89.6378,91.5866
COLM,2019-11-15,91.6854,91.6854,90.143,90.3457
COLM,2019-11-18,89.5794,90.1825,89.0771,89.523
COLM,2019-11-19,89.4943,89.523,88.1941,88.6787
COLM,2019-11-20,88.649,88.9604,87.6473,88.0459
COLM,2019-11-21,87.9598,88.1358,87.4081,87.7838
COLM,2019-11-22,88.0459,88.7281,87.5505,88.203
COLM,2019-11-25,87.4635,88.9219,87.2876,88.4838
COLM,2019-11-26,88.4838,91.3433,88.3395,90.3032
COLM,2019-11-27,90.9934,91.7724,90.226,90.7105
COLM,2019-11-29,90.8964,91.0131,89.3895,89.9423
COLM,2019-12-02,90.0787,90.2162,87.3467,87.502
COLM,2019-12-03,86.8989,86.8989,85.1784,85.8982
COLM,2019-12-04,86.1306,88.7755,86.1306,88.64
COLM,2019-12-05,88.8536,89.6011,88.6687,89.0484
COLM,2019-12-06,89.6902,90.1865,88.3395,88.4541
COLM,2019-12-09,88.6885,89.7781,88.4541,89.3698
COLM,2019-12-10,89.5814,89.8553,89.0098,89.4389
COLM,2019-12-11,89.2511,89.9047,88.7844,89.6408
COLM,2019-12-12,89.5053,90.323,88.8438,90.2843
COLM,2019-12-13,90.4771,91.2346,90.0105,90.6532
COLM,2019-12-16,91.3631,92.4309,91.0902,91.6538
COLM,2019-12-17,91.6538,91.9455,90.8667,91.7921
COLM,2019-12-18,97.6062,99.1229,96.7795,98.2221
COLM,2019-12-19,97.704,98.7768,97.2452,97.9136
COLM,2019-12-20,98.2023,99.2218,96.8458,98.5099
COLM,2019-12-23,98.4505,98.4505,96.7597,97.1088
COLM,2019-12-24,97.2353,97.8741,96.9437,97.2847
COLM,2019-12-26,97.2847,97.8257,96.5066,97.3263
COLM,2019-12-27,97.2551,97.2927,96.5689,96.904
COLM,2019-12-30,96.7597,98.055,96.391,97.1286
COLM,2019-12-31,97.0889,97.8642,96.9734,97.4242
COLM,2020-01-02,97.6753,98.2023,96.8606,98.1341
COLM,2020-01-03,97.2353,98.579,96.8181,98.4505
COLM,2020-01-06,97.7139,98.6384,96.826,97.694
COLM,2020-01-07,97.7337,98.6187,97.2353,97.5587
COLM,2020-01-08,97.7139,98.1726,97.2749,97.5972
COLM,2020-01-09,97.9631,97.9631,96.7943,96.9921
COLM,2020-01-10,97.1186,97.4341,94.9118,94.9216
COLM,2020-01-13,95.1352,95.5347,94.717,94.8138
COLM,2020-01-14,94.7564,95.8254,94.4154,94.8831
COLM,2020-01-15,94.707,94.9019,93.9784,94.2097
COLM,2020-01-16,93.6867,94.3086,92.8601,93.2299
COLM,2020-01-17,93.7163,94.0268,92.8206,92.9491
COLM,2020-01-21,93.1418,95.6603,92.7227,94.5905
COLM,2020-01-22,95.1352,95.1352,94.2987,94.4451
COLM,2020-01-23,93.6373,93.8508,90.4723,93.0627
COLM,2020-01-24,92.3351,92.3351,90.2893,90.7679
COLM,2020-01-27,89.3302,90.5068,88.2801,89.2214
COLM,2020-01-28,89.6605,91.373,88.9022,91.3038
COLM,2020-01-29,91.7427,92.3054,91.3136,92.16
COLM,2020-01-30,91.7627,93.0924,91.4699,92.8897
COLM,2020-01-31,93.2398,93.3466,90.5662,91.3235
COLM,2020-02-03,92.1106,93.0243,91.2741,91.4027
COLM,2020-02-04,92.7325,93.034,91.5698,91.8378
COLM,2020-02-05,92.8304,93.4137,92.1106,92.3251
COLM,2020-02-06,92.9293,93.1518,91.4798,91.6043
COLM,2020-02-07,86.539,88.3573,85.2664,87.9498
COLM,2020-02-10,88.0261,88.3949,86.9374,87.3467
COLM,2020-02-11,87.5801,88.1437,86.4332,87.9411
COLM,2020-02-12,88.2524,90.0204,88.213,89.173
COLM,2020-02-13,89.0,89.35,88.0062,88.5629
COLM,2020-02-14,88.8725,89.2611,88.3148,88.9022
COLM,2020-02-18,88.8822,88.99,88.114,88.377
COLM,2020-02-19,88.8141,88.824,87.6672,87.677
COLM,2020-02-20,87.8036,89.1176,87.677,89.0484
COLM,2020-02-21,88.7478,88.9506,87.7057,88.377
COLM,2020-02-24,85.655,87.4051,84.8779,85.6066
COLM,2020-02-25,85.8597,86.1208,81.8236,82.3377
COLM,2020-02-26,82.8152,84.5555,82.0372,82.0569
COLM,2020-02-27,80.6668,84.1857,79.2064,81.3777
COLM,2020-02-28,79.1994,81.5299,77.4384,79.054
COLM,2020-03-02,79.586,80.1615,77.6946,79.7037
COLM,2020-03-03,79.7037,80.7973,75.8831,75.9692
COLM,2020-03-04,76.9124,80.0972,75.5133,79.9657
COLM,2020-03-05,78.1187,82.0272,76.427,77.3416
COLM,2020-03-06,74.8805,77.6233,74.8074,76.6317
COLM,2020-03-09,72.642,73.6851,69.1586,71.1381
COLM,2020-03-10,73.2065,73.5586,70.1928,73.4409
COLM,2020-03-11,71.7244,71.7244,66.1626,67.3927
COLM,2020-03-12,63.2567,66.2704,61.8704,62.709
COLM,2020-03-13,65.0899,68.6513,61.7242,68.5139
COLM,2020-03-16,58.5344,63.6948,56.632,58.4573
COLM,2020-03-17,59.2858,61.0211,54.7099,58.8764
COLM,2020-03-18,55.5286,57.7632,50.5542,57.4419
COLM,2020-03-19,57.1195,63.6651,54.6505,61.9001
COLM,2020-03-20,62.612,64.8269,58.0776,58.8764
COLM,2020-03-23,59.2958,59.2958,53.2564,54.8572
COLM,2020-03-24,57.3825,62.0949,57.3825,61.471
COLM,2020-03-25,62.1918,66.9052,59.7347,62.9146
COLM,2020-03-26,63.4119,68.8551,62.4074,68.778
COLM,2020-03-27,65.1294,68.4941,65.1096,66.0855
COLM,2020-03-30,66.3397,69.9585,64.4452,69.1883
COLM,2020-03-31,68.3093,69.4502,67.1,68.065
COLM,2020-04-01,64.8654,66.485,62.5092,64.5639
COLM,2020-04-02,63.8994,66.4375,62.8474,64.2702
COLM,2020-04-03,63.9686,64.5837,62.5922,63.9192
COLM,2020-04-06,66.661,68.9242,65.5298,68.0947
COLM,2020-04-07,70.1839,73.3539,69.7538,70.2402
COLM,2020-04-08,70.1247,71.9479,69.6648,70.5834
COLM,2020-04-09,72.1249,74.1439,71.7146,73.3726
COLM,2020-04-13,73.4597,73.4597,69.305,70.3876
COLM,2020-04-14,71.3349,72.7864,70.6319,72.6796
COLM,2020-04-15,70.71,71.5682,67.7832,69.1586
COLM,2020-04-16,69.4028,69.4028,68.0462,69.0696
COLM,2020-04-17,69.8903,72.7488,69.8903,70.6704
COLM,2020-04-20,70.3293,70.3293,67.899,67.9978
COLM,2020-04-21,66.3001,66.8558,64.1931,64.3493
COLM,2020-04-22,65.2471,67.4312,64.5688,66.7974
COLM,2020-04-23,66.9536,68.1046,65.2372,65.6456
COLM,2020-04-24,66.7974,68.68,65.9194,68.0175
COLM,2020-04-27,68.9242,72.5975,68.9242,71.9677
COLM,2020-04-28,72.7685,75.5094,72.4067,73.7238
COLM,2020-04-29,75.2266,75.8901,72.5827,72.6796
COLM,2020-04-30,72.1931,72.1931,69.6648,71.1094
COLM,2020-05-01,67.4124,68.8698,64.2999,65.3538
COLM,2020-05-04,64.9444,65.2471,63.3438,64.1347
COLM,2020-05-05,65.1294,66.2358,63.5593,63.7244
COLM,2020-05-06,64.1732,64.6024,61.8804,62.7979
COLM,2020-05-07,63.85,65.2372,63.6948,63.8223
COLM,2020-05-08,65.3538,66.1726,64.8853,65.9976
COLM,2020-05-11,65.0405,65.0405,62.9641,63.8895
COLM,2020-05-12,64.1931,64.6855,61.1001,61.1497
COLM,2020-05-13,60.495,60.495,57.6376,58.3198
COLM,2020-05-14,57.5002,59.9988,55.7639,59.9097
COLM,2020-05-15,58.9537,61.558,58.043,61.2476
COLM,2020-05-18,63.7442,65.7444,63.7442,65.4804
COLM,2020-05-19,65.5782,66.5829,64.5045,64.9444
COLM,2020-05-20,65.6366,68.0383,65.431,66.4553
COLM,2020-05-21,65.9095,68.3488,65.4458,68.2895
COLM,2020-05-22,68.5338,68.7196,66.661,67.5291
COLM,2020-05-26,70.359,71.9281,70.2502,71.1381
COLM,2020-05-27,72.8556,74.134,72.0556,73.8602
COLM,2020-05-28,74.6215,74.9141,71.763,72.0853
COLM,2020-05-29,72.1931,72.1931,70.4756,71.2755
COLM,2020-06-01,71.3151,73.7088,71.2557,73.3143
COLM,2020-06-02,74.1439,74.7193,73.436,74.5434
COLM,2020-06-03,75.5875,78.8108,74.9132,78.6417
COLM,2020-06-04,78.1632,80.1832,76.8066,80.1041
COLM,2020-06-05,84.8947,85.1864,82.3367,82.67
COLM,2020-06-08,83.4797,84.6801,82.9537,84.6307
COLM,2020-06-09,83.5865,83.6904,81.7237,82.7668
COLM,2020-06-10,82.6502,82.6502,80.5541,81.1859
COLM,2020-06-11,76.953,78.1038,75.4362,76.0067
COLM,2020-06-12,78.8642,79.062,75.6172,77.9298
COLM,2020-06-15,77.0904,78.006,75.4797,77.4414
COLM,2020-06-16,80.727,81.1859,78.5825,79.7531
COLM,2020-06-17,79.7631,80.465,78.2126,78.5142
COLM,2020-06-18,77.471,78.789,76.9233,77.1003
COLM,2020-06-19,78.5241,78.5241,76.3192,76.7295
COLM,2020-06-22,76.7779,77.5195,75.5973,77.48
COLM,2020-06-23,78.5241,78.5241,76.9036,77.6165
COLM,2020-06-24,79.1006,79.1006,75.1287,75.8416
COLM,2020-06-25,74.9626,75.8219,73.6654,75.7526
COLM,2020-06-26,75.3818,76.3092,74.2695,75.7625
COLM,2020-06-29,76.4457,77.9763,75.5865,77.9101
COLM,2020-06-30,78.0347,79.1283,77.0716,78.6121
COLM,2020-07-01,78.973,79.938,77.9298,77.9477
COLM,2020-07-02,79.4417,80.0646,77.8221,78.0159
COLM,2020-07-06,79.0906,79.3142,77.5394,77.7529
COLM,2020-07-07,76.9629,77.6215,74.744,75.0803
COLM,2020-07-08,75.1386,75.7724,74.2645,75.3729
COLM,2020-07-09,75.1188,75.7428,73.2165,73.8602
COLM,2020-07-10,73.8997,75.1287,73.2065,74.9626
COLM,2020-07-13,75.3729,76.4705,73.8602,75.3244
COLM,2020-07-14,74.7777,75.6557,74.5819,75.0902
COLM,2020-07-15,76.7868,78.445,76.7868,77.8616
COLM,2020-07-16,77.5581,78.6615,77.4216,78.0347
COLM,2020-07-17,78.1038,78.1038,75.8614,75.8801
COLM,2020-07-20,75.8514,76.4852,74.6996,75.802
COLM,2020-07-21,76.4754,78.6467,76.3232,77.7232
COLM,2020-07-22,77.1863,78.3867,76.69,77.8814
COLM,2020-07-23,78.4252,80.816,77.3831,79.5573
COLM,2020-07-24,79.5089,80.5541,78.266,78.445
COLM,2020-07-27,78.261,79.6058,78.1138,79.1283
COLM,2020-07-28,79.4812,80.0448,78.6714,78.7001
COLM,2020-07-29,78.8939,80.732,78.8939,80.4947
COLM,2020-07-30,79.2448,80.0251,78.1237,78.5439
COLM,2020-07-31,79.5089,80.3562,73.3242,73.9867
COLM,2020-08-03,73.8116,74.0757,71.7146,71.9192
COLM,2020-08-04,71.938,72.8753,71.5098,71.9093
COLM,2020-08-05,71.9874,75.9,71.7927,75.8614
COLM,2020-08-06,75.2652,75.6073,72.6608,72.8556
COLM,2020-08-07,72.4659,74.3289,71.9964,74.3289
COLM,2020-08-10,74.8064,78.5626,74.4168,77.7924
COLM,2020-08-11,78.7199,80.0251,77.6936,77.9001
COLM,2020-08-12,78.6814,79.147,76.4655,77.0716
COLM,2020-08-13,76.3874,77.9575,76.0156,77.7727
COLM,2020-08-14,77.4414,79.0719,77.0518,78.8841
COLM,2020-08-17,78.6517,79.8519,78.2897,79.0906
COLM,2020-08-18,79.3636,79.5663,78.1532,78.6902
COLM,2020-08-19,78.2226,79.9568,78.0643,78.8741
COLM,2020-08-20,78.2126,78.6714,77.471,78.0347
COLM,2020-08-21,77.6649,78.9433,77.6649,78.6615
COLM,2020-08-24,79.4219,83.012,79.3833,82.8944
COLM,2020-08-25,83.2751,83.4797,80.9733,81.1275
COLM,2020-08-26,81.1275,81.7435,80.6025,81.2452
COLM,2020-08-27,83.2751,84.5338,82.3269,83.9573
COLM,2020-08-28,84.1818,85.7232,83.6458,85.4701
COLM,2020-08-31,85.3139,85.5868,83.4413,83.4797
COLM,2020-09-01,83.3245,87.417,83.1663,87.2736
COLM,2020-09-02,87.8016,89.1572,87.1095,88.5629
COLM,2020-09-03,88.5629,89.353,86.6308,87.4704
COLM,2020-09-04,88.4938,88.4938,86.2314,87.6345
COLM,2020-09-08,86.5231,88.1724,86.0456,86.3293
COLM,2020-09-09,86.6211,87.2736,85.6946,86.1029
COLM,2020-09-10,86.6794,87.5871,86.3867,86.9226
COLM,2020-09-11,87.5287,88.6599,87.0511,87.7917
COLM,2020-09-14,88.2218,89.6398,88.1229,88.7667
COLM,2020-09-15,89.2838,90.4544,88.7854,90.0253
COLM,2020-09-16,90.7175,92.0948,90.2222,90.2903
COLM,2020-09-17,89.5655,90.1134,88.2317,88.3484
COLM,2020-09-18,88.4146,88.6994,86.4559,87.0699
COLM,2020-09-21,85.4414,85.6946,83.6558,85.5769
COLM,2020-09-22,85.9675,87.3627,85.6263,87.1194
COLM,2020-09-23,88.0735,89.5734,87.6543,87.7917
COLM,2020-09-24,87.2539,88.6994,85.8795,87.851
COLM,2020-09-25,87.3527,88.1724,86.8642,87.8994
COLM,2020-09-28,88.9239,89.1661,86.9621,87.0116
COLM,2020-09-29,86.6308,86.9621,83.4797,84.3667
COLM,2020-09-30,84.3093,86.0654,83.8989,84.8561
COLM,2020-10-01,85.3425,86.6022,85.0015,86.1326
COLM,2020-10-02,83.6271,87.2439,83.6271,86.7673
COLM,2020-10-05,87.4892,88.7577,87.2933,88.739
COLM,2020-10-06,89.0415,89.8118,87.3033,87.5188
COLM,2020-10-07,88.739,89.8899,87.9875,89.7336
COLM,2020-10-08,89.792,91.1179,89.5854,90.8647
COLM,2020-10-09,92.2984,92.514,90.7956,92.2204
COLM,2020-10-12,92.2204,92.4349,90.7956,91.2939
COLM,2020-10-13,91.1861,91.3433,89.6545,90.7175
COLM,2020-10-14,90.1925,91.0408,89.2936,90.2409
COLM,2020-10-15,89.5003,91.9079,89.4509,91.5569
COLM,2020-10-16,91.7043,91.7043,89.7435,90.405
COLM,2020-10-19,90.9241,91.5856,90.055,90.2706
COLM,2020-10-20,91.1476,91.378,89.5854,89.8019
COLM,2020-10-21,91.3433,92.2599,90.143,90.2319
COLM,2020-10-22,89.9472,96.4839,85.4889,96.1902
COLM,2020-10-23,96.8062,96.8062,92.504,93.4889
COLM,2020-10-26,92.1037,93.5859,91.0556,93.4691
COLM,2020-10-27,93.3822,94.2691,92.8749,93.6748
COLM,2020-10-28,91.8308,93.5472,89.8602,91.4224
COLM,2020-10-29,92.0058,94.368,90.0747,93.918
COLM,2020-10-30,79.5277,82.4356,71.3299,72.7685
COLM,2020-11-02,73.0326,75.544,72.2119,72.905
COLM,2020-11-03,74.6115,77.7034,73.2708,77.2645
COLM,2020-11-04,77.4117,78.7673,75.9198,77.0904
COLM,2020-11-05,78.1435,78.3668,77.3336,78.0347
COLM,2020-11-06,78.5043,78.5043,76.3389,76.7394
COLM,2020-11-09,82.924,82.924,77.7776,77.9298
COLM,2020-11-10,78.5626,79.5761,77.4216,79.4031
COLM,2020-11-11,79.5089,79.5089,77.0124,78.1435
COLM,2020-11-12,77.8419,78.0446,75.1969,75.627
COLM,2020-11-13,75.9198,76.8551,75.3097,76.426
COLM,2020-11-16,78.2423,78.622,76.6415,78.5241
COLM,2020-11-17,78.2423,82.924,77.388,80.9733
COLM,2020-11-18,81.3934,82.3664,80.5343,80.7469
COLM,2020-11-19,80.0349,82.1243,79.1371,81.8414
COLM,2020-11-20,81.9373,82.3862,80.2623,82.2121
COLM,2020-11-23,82.5642,83.7526,80.8062,83.1762
COLM,2020-11-24,84.4061,84.6109,83.3147,83.6558
COLM,2020-11-25,83.7913,83.9475,82.2033,82.4554
COLM,2020-11-27,82.495,82.9666,81.9472,82.5919
COLM,2020-11-30,82.6017,82.7274,79.7631,79.9281
COLM,2020-12-01,80.7863,81.5369,80.2326,81.1562
COLM,2020-12-02,81.4705,82.1243,80.4947,81.606
COLM,2020-12-03,81.3144,83.0507,80.9436,82.67
COLM,2020-12-04,82.8846,84.8857,82.4554,84.8759
COLM,2020-12-07,85.0409,85.3228,84.1145,85.1093
COLM,2020-12-08,84.3183,86.0456,83.7526,85.7232
COLM,2020-12-09,84.163,85.6847,81.4894,82.4653
COLM,2020-12-10,82.3862,82.8993,81.1088,82.1737
COLM,2020-12-11,81.5082,83.0704,80.7913,81.1275
COLM,2020-12-14,82.3081,82.5543,80.7863,81.6456
COLM,2020-12-15,81.9472,84.1818,81.5171,83.987
COLM,2020-12-16,83.6261,85.0806,83.547,84.6208
COLM,2020-12-17,85.3525,85.6847,83.4699,83.7724
COLM,2020-12-18,83.9771,86.3472,82.9824,86.1227
COLM,2020-12-21,85.216,86.982,84.2411,86.4065
COLM,2020-12-22,86.4163,86.8544,84.2916,86.7476
COLM,2020-12-23,87.0314,88.6123,86.9918,88.2703
COLM,2020-12-24,88.7667,88.7667,87.0314,87.9479
COLM,2020-12-28,88.4838,88.4838,84.8857,85.9092
COLM,2020-12-29,86.2018,87.1045,83.9969,85.6066
COLM,2020-12-30,85.8606,87.1875,85.2654,86.2799
COLM,2020-12-31,86.2701,86.2701,85.0409,85.2457
COLM,2021-01-04,85.4889,85.8311,82.1737,82.8361
COLM,2021-01-05,82.1934,84.1531,82.134,83.0605
COLM,2021-01-06,83.8802,86.8989,83.7913,86.543
COLM,2021-01-07,87.5772,88.118,85.9972,87.2341
COLM,2021-01-08,86.982,87.7819,85.4889,86.5727
COLM,2021-01-11,86.1919,88.0834,85.8606,87.7235
COLM,2021-01-12,88.7667,91.1476,88.2901,90.7274
COLM,2021-01-13,90.934,92.517,90.4644,91.108
COLM,2021-01-14,91.3335,92.5337,91.2257,91.7931
COLM,2021-01-15,91.1476,91.6499,89.9887,90.5335
COLM,2021-01-19,91.3927,91.6943,89.0998,89.176
COLM,2021-01-20,89.8019,90.8253,89.7732,90.1678
COLM,2021-01-21,90.7175,91.0655,89.353,89.4024
COLM,2021-01-22,88.9823,90.0352,88.0795,90.0056
COLM,2021-01-25,89.966,91.373,88.6173,89.264
COLM,2021-01-26,89.6842,89.9956,86.6408,86.9621
COLM,2021-01-27,85.6165,87.851,84.337,86.1425
COLM,2021-01-28,86.5528,86.972,83.196,85.4019
COLM,2021-01-29,85.8311,87.3428,83.7249,85.3228
COLM,2021-02-01,85.9092,88.9426,85.0212,88.739
COLM,2021-02-02,89.5951,90.2803,88.4047,88.7667
COLM,2021-02-03,88.8745,89.181,87.4802,87.8016
COLM,2021-02-04,88.1922,92.6119,87.9678,91.4601
COLM,2021-02-05,97.6359,109.465,97.1483,105.254
COLM,2021-02-08,102.642,105.174,99.1921,100.101
COLM,2021-02-09,100.378,101.614,98.8855,100.25
COLM,2021-02-10,99.8055,100.28,98.7076,99.2021
COLM,2021-02-11,99.4785,101.466,98.2814,99.9828
COLM,2021-02-12,99.538,100.211,97.4044,99.2415
COLM,2021-02-16,99.4884,100.358,98.0116,98.144
COLM,2021-02-17,97.4539,98.7273,96.0745,98.6483
COLM,2021-02-18,98.3605,100.29,96.7775,100.28
COLM,2021-02-19,100.013,101.15,98.7966,100.873
COLM,2021-02-22,99.5182,102.831,99.5182,101.14
COLM,2021-02-23,99.9539,102.198,98.4308,102.02
COLM,2021-02-24,101.269,103.661,101.269,103.306
COLM,2021-02-25,103.79,105.115,102.337,102.692
COLM,2021-02-26,102.445,103.316,100.111,100.557
COLM,2021-03-01,101.951,103.413,101.842,102.594
COLM,2021-03-02,102.148,102.445,97.9927,100.013
COLM,2021-03-03,102.612,103.049,99.7955,99.7955
COLM,2021-03-04,100.408,101.15,95.1085,96.0943
COLM,2021-03-05,97.8157,100.221,95.7137,99.6869
COLM,2021-03-08,99.4884,102.01,99.3207,101.13
COLM,2021-03-09,101.585,102.248,100.398,100.804
COLM,2021-03-10,101.15,101.99,99.934,101.239
COLM,2021-03-11,102.04,102.455,100.814,101.338
COLM,2021-03-12,101.832,102.782,101.486,102.574
COLM,2021-03-15,102.909,105.589,101.911,104.611
COLM,2021-03-16,104.433,104.433,101.417,101.624
COLM,2021-03-17,101.347,102.375,100.527,102.07
COLM,2021-03-18,102.455,104.768,102.455,103.69
COLM,2021-03-19,102.337,105.846,101.12,104.996
COLM,2021-03-22,106.953,109.941,105.501,106.351
COLM,2021-03-23,105.698,106.598,102.821,103.236
COLM,2021-03-24,103.196,105.619,100.754,100.892
COLM,2021-03-25,99.8254,104.017,99.2811,103.613
COLM,2021-03-26,104.194,106.598,103.613,106.469
COLM,2021-03-29,106.113,107.418,102.692,103.117
COLM,2021-03-30,103.206,105.214,102.435,104.927
COLM,2021-03-31,105.075,105.52,103.246,103.306
COLM,2021-04-01,103.206,103.81,101.496,102.248
COLM,2021-04-05,103.246,105.421,101.219,105.174
COLM,2021-04-06,105.915,106.045,104.413,105.244
COLM,2021-04-07,105.471,105.54,103.127,103.957
COLM,2021-04-08,104.304,104.304,101.733,103.384
COLM,2021-04-09,103.71,105.411,102.899,105.382
COLM,2021-04-12,105.095,105.569,102.712,104.413
COLM,2021-04-13,104.067,104.631,102.327,104.087
COLM,2021-04-14,104.254,106.509,103.603,105.501
COLM,2021-04-15,105.807,106.766,104.294,106.331
COLM,2021-04-16,106.953,108.733,103.977,108.328
COLM,2021-04-19,108.279,108.902,106.459,108.556
COLM,2021-04-20,108.299,108.299,105.144,106.39
COLM,2021-04-21,106.816,109.821,106.371,108.378
COLM,2021-04-22,108.141,109.881,107.093,109.436
COLM,2021-04-23,110.315,111.225,108.418,110.988
COLM,2021-04-26,111.492,111.719,109.11,109.139
COLM,2021-04-27,109.347,111.799,108.179,110.879
COLM,2021-04-28,110.464,111.63,109.861,110.236
COLM,2021-04-29,110.543,112.461,110.305,110.909
COLM,2021-04-30,102.989,108.022,99.548,106.618
COLM,2021-05-03,106.696,107.913,105.401,107.33
COLM,2021-05-04,106.657,107.142,104.471,105.965
COLM,2021-05-05,106.371,107.487,104.471,104.64
COLM,2021-05-06,104.838,105.382,103.088,105.174
COLM,2021-05-07,104.531,107.003,103.87,105.836
COLM,2021-05-10,105.915,106.104,103.967,104.047
COLM,2021-05-11,102.782,103.889,101.99,103.117
COLM,2021-05-12,102.879,104.501,100.705,100.992
COLM,2021-05-13,101.15,102.821,100.616,101.644
COLM,2021-05-14,102.04,104.156,101.822,103.69
COLM,2021-05-17,103.75,104.521,102.802,103.81
COLM,2021-05-18,104.304,104.738,101.328,102.505
COLM,2021-05-19,101.437,101.614,100.033,101.081
COLM,2021-05-20,101.466,102.03,99.0932,101.199
COLM,2021-05-21,102.04,102.118,100.072,100.131
COLM,2021-05-24,100.221,101.091,99.7855,100.063
COLM,2021-05-25,100.557,101.091,99.42,100.211
COLM,2021-05-26,100.962,102.375,100.962,101.714
COLM,2021-05-27,101.901,103.276,101.012,102.356
COLM,2021-05-28,102.732,102.939,100.418,100.725
COLM,2021-06-01,102.258,102.258,99.6274,99.8842
COLM,2021-06-02,99.8543,100.527,98.5396,98.9252
COLM,2021-06-03,98.9252,100.111,97.6456,98.8064
COLM,2021-06-04,99.1031,99.5678,97.4697,98.1144
COLM,2021-06-07,98.9647,99.5778,97.2343,97.9927
COLM,2021-06-08,97.9927,100.527,97.2343,100.033
COLM,2021-06-09,100.33,100.398,98.4505,98.6483
COLM,2021-06-10,99.4001,99.9629,97.3758,99.113
COLM,2021-06-11,99.548,101.279,98.9943,101.15
COLM,2021-06-14,101.437,101.595,98.7472,99.2811
COLM,2021-06-15,99.5182,99.9728,98.2023,99.7357
COLM,2021-06-16,99.7257,99.7257,97.7237,98.055
COLM,2021-06-17,97.8642,98.579,96.0181,97.9432
COLM,2021-06-18,97.2343,98.7175,96.2338,96.4008
COLM,2021-06-21,97.087,98.4605,96.3129,97.9432
COLM,2021-06-22,97.7237,98.2517,96.6758,97.9927
COLM,2021-06-23,98.5493,98.9943,97.7534,98.7273
COLM,2021-06-24,99.024,99.4785,97.4796,98.3408
COLM,2021-06-25,99.0141,100.081,98.8164,99.3703
COLM,2021-06-28,99.1031,99.3803,96.8319,97.0178
COLM,2021-06-29,97.5388,98.5396,96.9694,97.0672
COLM,2021-06-30,96.7736,97.4697,95.7146,96.4394
COLM,2021-07-01,96.5768,98.7768,96.5768,97.9532
COLM,2021-07-02,98.2023,99.3803,97.7287,99.3207
COLM,2021-07-06,99.5976,99.9041,96.6461,98.9449
COLM,2021-07-07,99.0932,99.3207,97.3411,98.7669
COLM,2021-07-08,97.264,98.5493,96.0874,97.6753
COLM,2021-07-09,98.757,100.053,98.1826,99.2415
COLM,2021-07-12,98.9152,100.438,98.5988,100.181
COLM,2021-07-13,99.6869,99.6869,96.9574,98.9152
COLM,2021-07-14,99.3604,100.033,98.2023,98.2517
COLM,2021-07-15,97.8028,98.321,96.7053,97.7139
COLM,2021-07-16,97.7237,98.1341,95.9401,96.0874
COLM,2021-07-19,94.8415,95.8421,93.3713,94.4985
COLM,2021-07-20,94.891,99.1724,94.8811,98.1925
COLM,2021-07-21,98.4011,99.657,97.6159,98.0748
COLM,2021-07-22,98.0649,98.3803,95.7729,95.9499
COLM,2021-07-23,96.4591,97.9927,96.2288,97.3114
COLM,2021-07-26,97.3807,98.0214,96.2436,97.529
COLM,2021-07-27,96.9891,97.176,95.3121,96.382
COLM,2021-07-28,96.6955,98.4505,95.9697,98.0847
COLM,2021-07-29,98.8064,99.5976,97.6556,98.3605
COLM,2021-07-30,97.9235,99.2218,97.2343,97.6753
COLM,2021-08-02,99.0438,100.625,98.3012,99.4289
COLM,2021-08-03,104.917,104.917,99.5083,100.003
COLM,2021-08-04,99.3505,101.595,98.846,99.3604
COLM,2021-08-05,99.8543,101.941,99.3604,100.873
COLM,2021-08-06,100.992,101.516,100.003,101.081
COLM,2021-08-09,100.745,101.367,99.5083,100.577
COLM,2021-08-10,100.735,102.07,100.013,100.577
COLM,2021-08-11,100.883,102.682,99.8443,102.574
COLM,2021-08-12,102.889,102.959,100.883,101.288
COLM,2021-08-13,101.357,101.743,100.517,101.328
COLM,2021-08-16,101.179,101.803,99.7058,100.705
COLM,2021-08-17,101.516,101.516,98.3012,98.935
COLM,2021-08-18,98.589,100.31,98.5692,98.6978
COLM,2021-08-19,97.6873,99.2811,97.2057,97.8642
COLM,2021-08-20,97.9235,99.4587,97.8741,99.1724
COLM,2021-08-23,99.8154,100.171,99.4001,99.41
COLM,2021-08-24,99.7955,101.209,99.6371,100.735
COLM,2021-08-25,100.992,102.346,100.27,102.128
COLM,2021-08-26,102.02,102.089,99.7955,100.448
COLM,2021-08-27,100.932,102.297,100.695,101.604
COLM,2021-08-30,101.604,102.277,101.012,101.169
COLM,2021-08-31,101.377,101.377,99.9928,100.27
COLM,2021-09-01,101.031,102.989,101.031,102.228
COLM,2021-09-02,102.158,102.365,101.051,101.219
COLM,2021-09-03,101.091,102.939,101.091,101.546
COLM,2021-09-07,101.536,101.536,98.589,99.1031
COLM,2021-09-08,99.1031,99.1031,97.5211,98.2914
COLM,2021-09-09,98.6087,100.111,98.3111,99.0438
COLM,2021-09-10,99.558,101.536,99.4289,100.982
COLM,2021-09-13,101.486,102.465,100.912,101.901
COLM,2021-09-14,102.307,102.465,100.596,101.812
COLM,2021-09-15,102.0,102.208,99.558,99.6274
COLM,2021-09-16,100.003,100.685,99.3604,99.4289
COLM,2021-09-17,99.3108,100.388,96.6065,97.4222
COLM,2021-09-20,96.036,98.0945,95.0333,96.026
COLM,2021-09-21,96.734,98.144,96.4779,96.5274
COLM,2021-09-22,97.2452,98.8757,97.2452,97.3827
COLM,2021-09-23,97.4914,99.2811,97.4914,98.1726
COLM,2021-09-24,97.3134,98.2715,95.9332,98.1242
COLM,2021-09-27,98.2023,99.8443,97.2847,99.3207
COLM,2021-09-28,98.8263,99.42,97.2353,97.6082
COLM,2021-09-29,97.8257,98.6581,96.7637,97.7169
COLM,2021-09-30,97.7861,97.7861,94.1484,94.2077
COLM,2021-10-01,95.3478,96.3712,94.366,95.8303
COLM,2021-10-04,96.0854,97.4914,95.7413,96.4878
COLM,2021-10-05,93.4514,94.6754,91.7013,92.1433
COLM,2021-10-06,92.0948,94.2671,91.5639,93.9814
COLM,2021-10-07,94.4629,96.3712,94.0011,95.4566
COLM,2021-10-08,95.8403,95.8403,93.5542,93.6768
COLM,2021-10-11,93.6274,95.1372,93.1271,93.1468
COLM,2021-10-12,92.9985,94.277,92.9985,93.4414
COLM,2021-10-13,93.9724,94.1683,92.8512,93.8736
COLM,2021-10-14,94.6112,95.5159,94.2275,95.0333
COLM,2021-10-15,95.3478,95.5743,94.4134,94.5815
COLM,2021-10-18,94.0111,94.7783,93.3822,94.3363
COLM,2021-10-19,94.5222,95.6721,94.0159,95.3675
COLM,2021-10-20,95.2203,97.1473,94.8861,95.3873
COLM,2021-10-21,95.5554,97.1375,95.1026,97.0584
COLM,2021-10-22,96.6758,98.4703,95.2984,97.3827
COLM,2021-10-25,97.5607,99.3405,97.1968,98.6187
COLM,2021-10-26,98.7669,99.657,98.1529,98.8855
COLM,2021-10-27,99.3207,99.5778,97.8157,97.9927
COLM,2021-10-28,98.144,100.625,97.358,100.468
COLM,2021-10-29,98.5493,103.049,97.8257,102.079
COLM,2021-11-01,102.425,103.079,100.992,101.694
COLM,2021-11-02,101.793,101.842,99.538,99.6869
COLM,2021-11-03,99.6869,102.762,99.6869,102.05
COLM,2021-11-04,102.04,103.622,101.091,101.229
COLM,2021-11-05,101.743,103.493,101.743,102.899
COLM,2021-11-08,102.812,103.72,102.218,103.127
COLM,2021-11-09,103.127,104.996,102.435,104.72
COLM,2021-11-10,104.354,105.075,103.76,104.176
COLM,2021-11-11,104.393,104.798,103.78,103.81
COLM,2021-11-12,104.166,105.055,103.394,104.423
COLM,2021-11-15,104.611,105.668,103.72,103.987
COLM,2021-11-16,104.234,105.451,104.107,104.65
COLM,2021-11-17,104.214,104.461,103.326,103.83
COLM,2021-11-18,103.909,104.69,103.049,103.453
COLM,2021-11-19,103.069,103.356,101.189,101.763
COLM,2021-11-22,102.337,103.443,101.773,102.831
COLM,2021-11-23,102.812,103.453,102.089,102.821
COLM,2021-11-24,101.871,102.158,99.6869,101.624
COLM,2021-11-26,99.7955,99.8543,97.3648,98.7175
COLM,2021-11-29,99.3604,99.7656,97.882,98.3803
COLM,2021-11-30,97.6506,98.0945,94.6359,96.1042
COLM,2021-12-01,97.9364,99.5083,94.6754,94.6754
COLM,2021-12-02,95.2074,96.2615,94.4134,95.4339
COLM,2021-12-03,95.9164,96.557,94.5963,95.2272
COLM,2021-12-06,96.2416,99.0833,95.7789,98.7076
COLM,2021-12-07,99.113,102.228,99.113,100.745
COLM,2021-12-08,100.547,101.367,99.0636,101.239
COLM,2021-12-09,100.625,101.614,99.8941,99.924
COLM,2021-12-10,100.408,100.863,99.4488,99.7955
COLM,2021-12-13,99.4785,99.4785,97.2274,98.0847
COLM,2021-12-14,97.8671,98.2864,96.6758,96.9614
COLM,2021-12-15,97.1681,97.6407,96.1576,97.6111
COLM,2021-12-16,95.6504,97.1483,93.6897,94.2711
COLM,2021-12-17,94.5963,95.4733,93.0193,93.2556
COLM,2021-12-20,92.1719,92.1719,89.1176,89.5607
COLM,2021-12-21,90.6453,91.7635,90.4673,91.3641
COLM,2021-12-22,91.2554,92.2708,90.852,91.463
COLM,2021-12-23,91.5707,92.7335,91.0982,92.3885
COLM,2021-12-27,92.1126,93.9358,92.1126,93.8864
COLM,2021-12-28,93.7392,94.8821,93.1181,93.4731
COLM,2021-12-29,94.0348,96.0251,94.0348,95.9065
COLM,2021-12-30,96.0745,97.3648,95.9262,96.4681
COLM,2021-12-31,96.1141,97.1286,95.503,96.0153
COLM,2022-01-03,96.1576,96.912,95.8086,96.6658
COLM,2022-01-04,95.591,96.8626,95.1975,95.2667
COLM,2022-01-05,95.069,96.3702,93.4336,93.5225
COLM,2022-01-06,93.2753,94.8722,92.0345,93.1675
COLM,2022-01-07,92.7138,93.6244,91.7388,92.9016
COLM,2022-01-10,91.9159,92.862,90.054,90.5267
COLM,2022-01-11,90.8223,91.6894,89.521,91.5213
COLM,2022-01-12,91.5213,92.4873,91.0685,91.6894
COLM,2022-01-13,91.4234,92.872,91.4037,92.1027
COLM,2022-01-14,90.7531,91.7388,89.1967,89.9354
COLM,2022-01-18,88.6934,90.8025,88.6934,90.1915
COLM,2022-01-19,90.4574,91.5609,89.7089,89.8463
COLM,2022-01-20,90.0737,90.32,87.6889,87.8757
COLM,2022-01-21,87.5999,89.5854,87.5999,88.0538
COLM,2022-01-24,86.8118,90.4277,86.2601,90.0342
COLM,2022-01-25,88.2801,89.6595,86.9591,88.3879
COLM,2022-01-26,88.9594,90.0342,85.8162,85.8359
COLM,2022-01-27,86.7426,88.2604,85.7568,85.8755
COLM,2022-01-28,86.9296,88.6737,86.1513,88.6253
COLM,2022-01-31,87.856,91.5125,87.5109,91.5125
COLM,2022-02-01,91.197,92.3598,90.3052,91.4828
COLM,2022-02-02,91.985,92.9748,90.9894,92.162
COLM,2022-02-03,91.5707,91.985,88.4473,88.733
COLM,2022-02-04,92.5862,95.5713,91.8665,93.2072
COLM,2022-02-07,93.7392,94.724,92.2609,93.7489
COLM,2022-02-08,93.6995,97.7,93.3643,97.178
COLM,2022-02-09,98.0253,99.4884,98.0056,98.8855
COLM,2022-02-10,97.267,100.151,97.267,97.5033
COLM,2022-02-11,97.3056,98.3408,94.5963,94.9612
COLM,2022-02-14,94.6062,97.8671,93.9655,94.6556
COLM,2022-02-15,95.5811,99.0734,95.2123,96.922
COLM,2022-02-16,96.9516,98.6284,96.1328,96.8527
COLM,2022-02-17,96.6758,98.2419,95.5228,95.5327
COLM,2022-02-18,95.7789,96.2911,94.3481,94.9711
COLM,2022-02-22,94.2414,95.1579,92.1719,92.3498
COLM,2022-02-23,92.8917,92.9312,90.0737,90.1915
COLM,2022-02-24,87.4526,91.0783,87.3437,90.9498
COLM,2022-02-25,91.0783,92.8423,90.3299,92.507
COLM,2022-02-28,90.9311,91.9702,90.2953,91.3641
COLM,2022-03-01,91.374,91.3937,88.5709,89.1868
COLM,2022-03-02,89.0979,93.0193,88.8318,92.4279
COLM,2022-03-03,92.6158,92.7978,90.9211,91.719
COLM,2022-03-04,90.7432,90.7432,88.6934,89.2452
COLM,2022-03-07,88.999,89.6595,82.3921,82.4959
COLM,2022-03-08,83.1752,87.0383,82.5256,84.2006
COLM,2022-03-09,86.0821,89.1671,86.0821,86.4767
COLM,2022-03-10,85.2308,86.9315,84.7958,85.8933
COLM,2022-03-11,86.3185,88.1082,84.5486,84.598
COLM,2022-03-14,85.7945,87.7819,85.2012,85.4879
COLM,2022-03-15,86.2789,87.9401,85.7548,87.6335
COLM,2022-03-16,89.3243,91.9,88.4443,91.638
COLM,2022-03-17,91.0842,93.398,90.6097,93.2695
COLM,2022-03-18,92.2214,92.9036,91.633,92.5971
COLM,2022-03-21,93.2002,93.21,91.4798,92.8937
COLM,2022-03-22,93.5759,94.2582,90.8667,91.5193
COLM,2022-03-23,91.3413,91.9247,89.6505,89.6605
COLM,2022-03-24,90.2833,90.4911,89.3045,90.2241
COLM,2022-03-25,90.7778,91.0842,89.8088,91.0052
COLM,2022-03-28,90.9558,90.9558,89.4826,90.7185
COLM,2022-03-29,91.9544,93.9418,91.9544,93.5365
COLM,2022-03-30,92.9826,93.2743,92.1521,92.7355
COLM,2022-03-31,92.0928,92.9234,89.4726,89.5121
COLM,2022-04-01,89.9769,92.3498,88.9881,89.2155
COLM,2022-04-04,88.9584,90.6591,88.6618,90.3625
COLM,2022-04-05,89.9077,89.9077,87.2876,87.8115
COLM,2022-04-06,86.9117,86.971,84.7563,85.4286
COLM,2022-04-07,84.9837,86.6842,84.5486,85.9032
COLM,2022-04-08,86.0515,86.9463,85.0035,86.1899
COLM,2022-04-11,85.7747,87.1688,84.6969,85.8735
COLM,2022-04-12,86.981,88.3455,85.5275,85.8142
COLM,2022-04-13,85.7054,87.4457,85.7054,87.0403
COLM,2022-04-14,87.2579,88.4641,86.7931,87.337
COLM,2022-04-18,87.0798,88.0389,86.0911,87.0699
COLM,2022-04-19,87.6632,89.4133,87.4753,88.9783
COLM,2022-04-20,89.4726,90.4713,88.7014,88.7705
COLM,2022-04-21,90.0659,90.1351,87.4358,88.0092
COLM,2022-04-22,87.3073,87.327,85.132,85.2803
COLM,2022-04-25,84.8254,86.6547,83.9256,86.5755
COLM,2022-04-26,86.0614,86.536,84.0789,84.331
COLM,2022-04-27,85.3198,86.4075,84.4596,85.5769
COLM,2022-04-28,86.6448,88.1278,85.4187,87.2676
COLM,2022-04-29,80.0794,82.7837,79.1203,81.2363
COLM,2022-05-02,81.9383,82.8085,79.9954,81.8592
COLM,2022-05-03,80.7913,81.8295,79.5159,81.088
COLM,2022-05-04,81.3846,82.5315,79.9014,82.4821
COLM,2022-05-05,81.7109,81.7109,78.0426,78.8534
COLM,2022-05-06,77.8448,77.8448,75.1554,75.452
COLM,2022-05-09,75.452,75.6003,73.6524,74.9874
COLM,2022-05-10,75.8574,76.3616,73.9244,75.3531
COLM,2022-05-11,75.7882,76.0453,73.7415,73.9689
COLM,2022-05-12,73.2669,76.688,73.2274,76.6187
COLM,2022-05-13,77.2713,79.8916,77.2713,78.9522
COLM,2022-05-16,78.7446,79.2291,77.7855,78.5271
COLM,2022-05-17,79.496,80.3365,77.9635,79.4367
COLM,2022-05-18,77.6106,78.355,74.0873,74.4943
COLM,2022-05-19,73.869,74.8813,73.2239,73.2934
COLM,2022-05-20,74.1271,75.2287,72.956,75.0104
COLM,2022-05-23,75.2485,75.5463,72.9063,73.6308
COLM,2022-05-24,73.0652,73.3629,70.3756,72.0131
COLM,2022-05-25,71.1993,74.0477,71.1993,73.1246
COLM,2022-05-26,74.0477,75.8341,74.0477,75.1493
COLM,2022-05-27,75.1691,76.6677,73.7251,76.6677
COLM,2022-05-31,76.1021,77.4617,74.9608,77.1937
COLM,2022-06-01,77.9183,78.5316,76.1814,76.9158
COLM,2022-06-02,77.422,79.5012,77.0548,79.4466
COLM,2022-06-03,78.8016,79.7841,78.1118,79.4764
COLM,2022-06-06,80.0124,80.201,79.1291,80.0223
COLM,2022-06-07,79.2183,79.5766,76.8365,78.9306
COLM,2022-06-08,78.4741,79.3871,77.4816,78.3152
COLM,2022-06-09,77.7892,78.6924,76.8861,76.9158
COLM,2022-06-10,75.5661,76.1914,74.4347,74.6629
COLM,2022-06-13,72.4002,73.0155,70.8817,71.229
COLM,2022-06-14,71.6459,72.0429,70.2664,70.7329
COLM,2022-06-15,71.5367,72.559,70.7825,71.7352
COLM,2022-06-16,70.0679,70.3259,67.7753,68.2119
COLM,2022-06-17,68.5394,71.2688,68.5394,70.842
COLM,2022-06-21,72.0627,72.0627,70.7875,71.5268
COLM,2022-06-22,70.8717,71.755,70.6922,71.6658
COLM,2022-06-23,72.3406,73.2785,71.4971,73.2438
COLM,2022-06-24,73.74,76.6677,73.2487,76.231
COLM,2022-06-27,76.3204,76.6379,74.8019,75.1096
COLM,2022-06-28,75.3974,76.38,73.472,73.5911
COLM,2022-06-29,73.4125,73.8789,71.9933,72.4498
COLM,2022-06-30,71.5467,72.3406,70.579,71.0405
COLM,2022-07-01,71.0802,71.8146,69.9786,70.9611
COLM,2022-07-05,70.0877,72.7673,69.8,72.7177
COLM,2022-07-06,73.0948,73.611,71.4871,72.1223
COLM,2022-07-07,72.5094,74.1767,72.3804,74.1171
COLM,2022-07-08,73.5713,74.3554,72.8269,73.9881
COLM,2022-07-11,73.7698,74.1866,72.951,73.6606
COLM,2022-07-12,73.3529,74.8515,72.9262,73.4819
COLM,2022-07-13,72.6086,73.7698,71.8742,73.2934
COLM,2022-07-14,72.3804,73.1148,71.631,72.7376
COLM,2022-07-15,73.4125,73.8442,72.5094,72.7971
COLM,2022-07-18,73.6308,74.1866,72.43,72.5391
COLM,2022-07-19,73.343,75.4371,73.343,75.0996
COLM,2022-07-20,74.5141,76.5685,74.5141,76.4097
COLM,2022-07-21,76.2806,76.2806,74.9408,75.8738
COLM,2022-07-22,76.3998,76.5089,74.6729,75.8242
COLM,2022-07-25,75.6752,75.9135,74.0873,74.6927
COLM,2022-07-26,73.4125,73.4125,71.7898,71.894
COLM,2022-07-27,72.9162,74.2809,71.8046,74.1271
COLM,2022-07-28,72.946,73.5117,70.2828,73.1148
COLM,2022-07-29,73.0552,73.5713,71.6608,73.4521
COLM,2022-08-01,72.8765,73.472,72.4696,73.1048
COLM,2022-08-02,72.4398,72.549,71.0454,71.765
COLM,2022-08-03,72.2513,73.6209,71.9734,73.5713
COLM,2022-08-04,73.5713,73.9484,72.956,73.2537
COLM,2022-08-05,72.7177,74.3354,72.2811,74.3057
COLM,2022-08-08,74.6431,76.5189,74.6431,75.6058
COLM,2022-08-09,75.3181,75.3181,72.6681,73.3133
COLM,2022-08-10,74.6431,75.3875,74.4148,75.1592
COLM,2022-08-11,76.0127,76.8266,75.3974,75.6456
COLM,2022-08-12,75.8738,76.0583,75.3527,75.8142
COLM,2022-08-15,75.5264,76.4693,75.3181,75.9135
COLM,2022-08-16,75.9334,78.2241,75.9085,77.6571
COLM,2022-08-17,76.8899,77.5575,76.1227,76.7604
COLM,2022-08-18,76.7006,77.1689,75.5448,77.149
COLM,2022-08-19,76.7006,76.7006,75.1961,75.6046
COLM,2022-08-22,74.3492,74.3791,72.9443,73.2532
COLM,2022-08-23,73.1037,74.4588,73.1037,73.4624
COLM,2022-08-24,73.5122,74.4289,72.7948,74.3791
COLM,2022-08-25,74.2296,75.9683,74.0602,75.6843
COLM,2022-08-26,75.6544,75.9733,72.8696,73.014
COLM,2022-08-29,72.3465,72.9144,71.938,72.2767
COLM,2022-08-30,72.9044,73.2432,71.0462,71.5494
COLM,2022-08-31,72.2169,72.4063,70.9217,70.9814
COLM,2022-09-01,70.553,71.5095,70.0947,71.4597
COLM,2022-09-02,72.4361,72.4361,70.1146,70.543
COLM,2022-09-06,71.0313,71.2156,69.0883,69.4371
COLM,2022-09-07,69.467,71.5344,69.4072,71.3501
COLM,2022-09-08,70.842,72.4959,69.7459,72.476
COLM,2022-09-09,73.2731,74.2396,73.029,74.0702
COLM,2022-09-12,74.4986,76.5611,74.4986,76.3718
COLM,2022-09-13,74.3591,74.5534,72.4561,72.6155
COLM,2022-09-14,72.9842,72.9842,71.5095,72.2468
COLM,2022-09-15,71.9679,73.6816,71.5593,71.7985
COLM,2022-09-16,71.3003,71.7387,70.3238,70.7423
COLM,2022-09-19,70.0548,72.5059,70.0548,72.4461
COLM,2022-09-20,71.5693,72.1073,70.4235,70.6526
COLM,2022-09-21,70.8519,72.0974,69.7559,69.7858
COLM,2022-09-22,69.8057,70.1644,67.8927,67.9126
COLM,2022-09-23,67.1952,67.4244,66.2885,67.2152
COLM,2022-09-26,66.976,68.2215,66.6821,66.996
COLM,2022-09-27,67.7931,68.1219,66.1291,67.1355
COLM,2022-09-28,67.4443,69.8157,67.4443,69.5566
COLM,2022-09-29,68.5902,69.1282,67.8329,68.3909
COLM,2022-09-30,66.8266,67.7532,64.784,67.0557
COLM,2022-10-03,67.9724,69.5417,67.285,68.8492
COLM,2022-10-04,70.1943,72.5756,70.1943,72.5258
COLM,2022-10-05,71.4497,75.216,71.4497,74.9271
COLM,2022-10-06,74.2894,75.226,74.2894,74.947
COLM,2022-10-07,73.8908,74.3193,72.1671,72.5059
COLM,2022-10-10,72.6454,72.7749,70.9914,71.7985
COLM,2022-10-11,71.9479,73.5322,71.2156,72.1671
COLM,2022-10-12,72.3465,73.4624,71.8184,72.1572
COLM,2022-10-13,70.2441,73.3229,69.1451,72.2967
COLM,2022-10-14,72.8646,73.3628,71.2305,71.4796
COLM,2022-10-17,72.7849,72.9742,71.7088,71.928
COLM,2022-10-18,73.1635,74.115,72.3265,72.9343
COLM,2022-10-19,72.4262,72.9842,71.4996,72.4162
COLM,2022-10-20,72.8347,73.7414,70.5929,70.7921
COLM,2022-10-21,70.6028,72.5457,70.284,72.3963
COLM,2022-10-24,73.0041,73.9207,72.0974,73.7812
COLM,2022-10-25,74.0303,75.8238,74.0303,75.4352
COLM,2022-10-26,74.9271,76.4117,74.5385,75.2758
COLM,2022-10-27,75.6345,76.0231,72.0575,73.3329
COLM,2022-10-28,74.2396,77.8484,73.2432,76.7803
COLM,2022-10-31,75.9733,76.5711,74.1399,74.2296
COLM,2022-11-01,75.4552,75.8338,74.1599,74.4588
COLM,2022-11-02,74.1101,76.7405,73.1635,73.2532
COLM,2022-11-03,73.1436,74.6879,71.9878,73.5919
COLM,2022-11-04,75.1463,76.6807,74.6182,75.7441
COLM,2022-11-07,76.5113,76.5113,73.7514,74.4389
COLM,2022-11-08,74.8075,75.6943,73.6418,74.2894
COLM,2022-11-09,73.9207,74.3691,71.7785,71.9878
COLM,2022-11-10,74.8175,76.9597,74.7527,76.9298
COLM,2022-11-11,77.3184,81.3736,77.3184,81.3138
COLM,2022-11-14,80.7459,81.1544,79.8193,80.2178
COLM,2022-11-15,81.8618,83.2268,81.254,82.36
COLM,2022-11-16,81.45,81.96,79.28,80.58
COLM,2022-11-17,79.42,81.2,79.12,80.98
COLM,2022-11-18,82.85,86.02,82.58,85.63
COLM,2022-11-21,85.03,85.35,83.5,84.47
COLM,2022-11-22,85.44,87.21,85.25,87.16
COLM,2022-11-23,86.77,88.5,85.735,88.49
COLM,2022-11-25,88.05,89.27,86.09,89.11
COLM,2022-11-28,88.46,89.39,86.06,86.47
COLM,2022-11-29,86.92,87.92,86.64,87.15
COLM,2022-11-30,87.57,89.64,86.765,89.59
COLM,2022-12-01,89.75,91.06,87.88,90.17
COLM,2022-12-02,89.3,91.59,89.12,91.17
COLM,2022-12-05,89.9,89.92,88.56,89.46
COLM,2022-12-06,89.35,90.08,87.38,88.09
COLM,2022-12-07,88.09,90.0299,87.38,87.79
COLM,2022-12-08,88.29,89.82,87.9,89.77
COLM,2022-12-09,88.81,89.27,87.445,87.51
COLM,2022-12-12,87.47,88.21,87.047,87.99
COLM,2022-12-13,90.84,91.02,88.18,88.54
COLM,2022-12-14,88.5,89.93,87.0,87.68
COLM,2022-12-15,86.26,86.26,84.96,85.69
COLM,2022-12-16,85.02,85.474,84.1,84.43
COLM,2022-12-19,84.89,84.89,83.25,83.91
COLM,2022-12-20,83.91,84.345,82.97,83.67
COLM,2022-12-21,85.44,86.69,85.29,85.84
COLM,2022-12-22,84.81,85.96,84.7,85.9
COLM,2022-12-23,85.77,85.96,84.66,85.91
COLM,2022-12-27,86.28,87.36,85.745,87.1
COLM,2022-12-28,87.07,87.65,84.705,85.08
COLM,2022-12-29,85.42,88.023,85.42,87.83
COLM,2022-12-30,86.82,87.88,86.82,87.58
COLM,2023-01-03,88.67,89.33,88.03,88.61
COLM,2023-01-04,89.65,91.975,89.37,91.43
COLM,2023-01-05,90.8,91.84,89.69,90.22
COLM,2023-01-06,90.73,93.07,90.39,92.71
COLM,2023-01-09,92.51,93.3399,91.085,92.26
COLM,2023-01-10,91.77,92.722,90.755,91.88
COLM,2023-01-11,92.17,92.6,91.73,92.03
COLM,2023-01-12,92.13,92.13,90.78,91.95
COLM,2023-01-13,91.44,93.35,91.03,93.03
COLM,2023-01-17,92.61,92.78,91.24,91.44
COLM,2023-01-18,91.44,92.35,90.3,90.48
COLM,2023-01-19,90.06,90.16,87.31,87.65
COLM,2023-01-20,88.23,88.97,87.09,88.84
COLM,2023-01-23,89.32,90.91,88.8518,90.41
COLM,2023-01-24,90.0,91.0,89.53,90.6
COLM,2023-01-25,89.7,90.72,88.77,90.63
COLM,2023-01-26,91.15,91.6,89.445,90.85
COLM,2023-01-27,90.3,92.29,89.99,91.6
COLM,2023-01-30,90.98,93.14,90.49,92.83
COLM,2023-01-31,93.03,96.05,93.03,95.9
COLM,2023-02-01,95.6,98.04,94.885,97.4
COLM,2023-02-02,97.4,98.32,95.22,96.11
COLM,2023-02-03,85.99,93.83,85.99,93.49
COLM,2023-02-06,92.5,92.919,90.77,91.24
COLM,2023-02-07,90.64,92.45,90.17,91.38
COLM,2023-02-08,89.81,91.48,89.11,90.49
COLM,2023-02-09,91.8,92.98,89.665,90.01
COLM,2023-02-10,89.95,90.01,88.52,89.59
COLM,2023-02-13,89.93,91.45,89.12,91.42
COLM,2023-02-14,90.99,91.88,90.215,90.88
COLM,2023-02-15,89.94,91.86,89.94,91.86
COLM,2023-02-16,90.83,91.35,90.2,90.65
COLM,2023-02-17,90.4,91.2,90.03,91.03
COLM,2023-02-21,90.07,90.245,87.305,87.52
COLM,2023-02-22,87.76,88.895,87.045,87.61
COLM,2023-02-23,88.0,88.4,87.23,87.93
COLM,2023-02-24,86.9,88.475,86.78,87.97
COLM,2023-02-27,88.4,89.03,87.64,87.96
COLM,2023-02-28,87.74,88.45,87.15,87.2
COLM,2023-03-01,87.19,88.755,87.05,88.41
COLM,2023-03-02,87.71,89.38,87.71,89.36
COLM,2023-03-03,89.72,90.02,88.26,89.99
COLM,2023-03-06,89.99,90.42,88.22,88.47
COLM,2023-03-07,88.51,89.6,88.125,88.28
COLM,2023-03-08,88.28,89.005,87.64,88.9
COLM,2023-03-09,89.08,89.24,87.39,87.57
COLM,2023-03-10,87.57,87.585,85.195,86.33
COLM,2023-03-13,85.07,86.77,84.92,85.38
COLM,2023-03-14,87.23,87.46,85.78,86.38
COLM,2023-03-15,84.68,85.52,83.92,85.24
COLM,2023-03-16,84.31,87.06,84.02,86.98
COLM,2023-03-17,86.51,86.76,85.48,86.0
COLM,2023-03-20,86.88,87.58,86.05,86.46
COLM,2023-03-21,87.55,88.59,87.12,87.73
COLM,2023-03-22,87.24,88.47,85.62,85.67
COLM,2023-03-23,86.05,87.36,85.01,86.03
COLM,2023-03-24,85.58,86.92,84.95,86.9
COLM,2023-03-27,87.5,87.77,86.01,86.52
COLM,2023-03-28,86.74,88.03,86.54,87.41
COLM,2023-03-29,87.97,88.05,87.01,87.57
COLM,2023-03-30,88.2,88.72,87.54,87.97
COLM,2023-03-31,88.55,90.29,88.22,90.24
COLM,2023-04-03,90.08,91.625,90.08,91.61
COLM,2023-04-04,91.45,91.55,89.755,90.68
COLM,2023-04-05,90.03,90.46,88.71,89.53
COLM,2023-04-06,89.0,89.0,87.42,88.39
COLM,2023-04-10,87.86,89.11,87.86,88.6
COLM,2023-04-11,88.8,89.34,88.35,88.67
COLM,2023-04-12,89.24,89.28,87.63,87.78
COLM,2023-04-13,87.88,88.86,87.61,88.23
COLM,2023-04-14,88.35,89.525,87.77,87.9
COLM,2023-04-17,87.88,88.36,86.47,86.89
COLM,2023-04-18,87.17,87.85,87.08,87.76
COLM,2023-04-19,87.79,88.48,86.89,88.41
COLM,2023-04-20,88.37,89.72,88.37,88.73
COLM,2023-04-21,88.91,89.1,87.965,88.83
COLM,2023-04-24,89.08,90.04,88.915,89.78
COLM,2023-04-25,88.35,89.11,86.11,86.14
COLM,2023-04-26,85.86,86.56,85.58,86.14
COLM,2023-04-27,86.14,88.17,85.49,87.6
COLM,2023-04-28,85.26,86.96,82.0,83.54
COLM,2023-05-01,83.44,85.73,83.13,83.28
COLM,2023-05-02,82.52,82.75,80.91,81.25
COLM,2023-05-03,81.3,83.68,80.67,80.98
COLM,2023-05-04,80.22,83.12,80.09,80.72
COLM,2023-05-05,81.81,83.25,81.465,82.63
COLM,2023-05-08,82.89,83.29,81.73,82.01
COLM,2023-05-09,81.34,81.34,80.27,80.31
COLM,2023-05-10,81.06,81.41,78.48,79.46
COLM,2023-05-11,79.49,80.0375,79.17,79.33
COLM,2023-05-12,79.49,80.28,77.62,78.22
COLM,2023-05-15,78.73,79.08,77.19,77.55
COLM,2023-05-16,76.91,76.91,75.99,76.0
COLM,2023-05-17,75.83,76.92,75.575,76.44
COLM,2023-05-18,76.68,77.05,76.067,76.89
COLM,2023-05-19,76.61,76.61,74.565,75.75
COLM,2023-05-22,75.99,76.92,75.035,76.55
COLM,2023-05-23,76.26,77.125,75.655,76.01
COLM,2023-05-24,76.03,76.39,73.5333,73.91
COLM,2023-05-25,73.83,75.49,73.41,73.96
COLM,2023-05-26,73.92,75.09,73.54,74.65
COLM,2023-05-30,74.72,75.219,73.92,74.61
COLM,2023-05-31,74.35,74.41,72.84,73.83
COLM,2023-06-01,73.64,74.01,72.9,73.57
COLM,2023-06-02,74.9,76.46,74.08,75.84
COLM,2023-06-05,75.04,75.99,74.55,75.82
COLM,2023-06-06,75.82,78.16,75.82,77.94
COLM,2023-06-07,78.36,79.715,78.26,78.87
COLM,2023-06-08,78.79,78.79,76.26,77.54
COLM,2023-06-09,77.46,77.724,76.59,76.99
COLM,2023-06-12,77.25,77.26,76.0,76.23
COLM,2023-06-13,76.65,77.07,76.14,76.26
COLM,2023-06-14,76.25,77.37,76.11,76.99
COLM,2023-06-15,76.56,77.47,76.23,77.36
COLM,2023-06-16,77.79,77.79,76.55,76.92
COLM,2023-06-20,76.47,76.52,75.36,76.21
COLM,2023-06-21,75.84,76.485,75.3,76.16
COLM,2023-06-22,76.1,76.595,75.05,75.25
COLM,2023-06-23,74.69,74.9,73.6,74.33
COLM,2023-06-26,74.75,75.665,74.35,75.13
COLM,2023-06-27,75.27,76.89,75.12,76.29
COLM,2023-06-28,76.06,76.57,75.14,76.57
COLM,2023-06-29,76.58,77.3,76.005,76.52
COLM,2023-06-30,76.87,77.7,76.445,77.24
COLM,2023-07-03,77.24,77.71,76.91,77.04
COLM,2023-07-05,76.86,76.86,75.51,75.95
COLM,2023-07-06,75.1,75.84,74.09,75.63
COLM,2023-07-07,75.78,75.78,74.64,75.12
COLM,2023-07-10,74.89,76.6475,74.7325,75.68
COLM,2023-07-11,75.95,77.33,75.695,77.13
COLM,2023-07-12,77.89,78.76,76.96,78.76
COLM,2023-07-13,79.03,79.24,77.76,77.84
COLM,2023-07-14,78.07,78.07,76.45,77.38
COLM,2023-07-17,76.92,77.5,76.225,77.04
COLM,2023-07-18,76.89,78.45,76.835,77.81
COLM,2023-07-19,77.6,78.37,77.575,77.95
COLM,2023-07-20,78.26,78.27,76.725,77.07
COLM,2023-07-21,77.74,77.88,77.0975,77.43
COLM,2023-07-24,77.67,79.41,77.275,77.6
COLM,2023-07-25,77.76,77.78,76.77,77.36
COLM,2023-07-26,77.36,78.38,77.33,77.87
COLM,2023-07-27,78.31,78.54,76.68,77.1
COLM,2023-07-28,77.43,77.93,77.085,77.48
COLM,2023-07-31,77.51,79.115,77.51,78.61
COLM,2023-08-01,78.13,79.285,77.14,77.3
COLM,2023-08-02,72.0,75.29,71.54,74.25
COLM,2023-08-03,74.04,75.81,72.5,75.3
COLM,2023-08-04,75.64,76.82,74.97,75.37
COLM,2023-08-07,75.245,75.85,74.57,74.86
COLM,2023-08-08,74.09,76.42,74.09,76.25
COLM,2023-08-09,76.08,77.0,75.7,76.37
COLM,2023-08-10,77.1,77.57,75.67,75.68
COLM,2023-08-11,75.54,76.22,75.28,75.79
COLM,2023-08-14,75.6,75.635,74.88,75.48
COLM,2023-08-15,74.82,75.25,74.37,74.88
COLM,2023-08-16,74.92,75.825,74.69,74.72
COLM,2023-08-17,74.85,75.39,74.65,74.8
COLM,2023-08-18,74.2,75.49,74.02,75.03
COLM,2023-08-21,74.89,75.28,73.8,74.68
COLM,2023-08-22,73.88,74.73,73.65,73.88
COLM,2023-08-23,73.4,75.095,72.72,74.59
COLM,2023-08-24,74.43,74.77,70.75,70.83
COLM,2023-08-25,71.1,71.71,70.13,71.02
COLM,2023-08-28,71.02,72.67,71.02,72.62
COLM,2023-08-29,72.92,73.71,72.495,73.6
COLM,2023-08-30,73.53,73.885,73.08,73.52
COLM,2023-08-31,73.39,74.02,73.28,73.34
COLM,2023-09-01,73.59,74.15,73.52,73.87
COLM,2023-09-05,73.58,73.695,71.7,71.93
COLM,2023-09-06,72.07,72.41,71.14,72.2
COLM,2023-09-07,71.77,72.8,71.77,72.15
COLM,2023-09-08,72.42,72.42,71.54,71.58
COLM,2023-09-11,72.15,72.15,70.01,70.43
COLM,2023-09-12,70.04,71.905,70.0,71.69
COLM,2023-09-13,71.52,71.54,70.9101,71.1
COLM,2023-09-14,71.71,71.99,71.0876,71.74
COLM,2023-09-15,71.65,72.22,71.52,71.76
COLM,2023-09-18,71.83,72.0,70.37,70.56
COLM,2023-09-19,70.61,71.56,70.07,71.46
COLM,2023-09-20,71.75,72.58,71.58,71.63
COLM,2023-09-21,71.17,71.18,70.16,70.21
COLM,2023-09-22,70.29,70.7,69.82,69.95
COLM,2023-09-25,69.7,70.3278,69.57,70.16
COLM,2023-09-26,69.61,70.67,69.59,69.96
COLM,2023-09-27,70.21,70.88,69.76,70.54
COLM,2023-09-28,70.84,72.715,70.52,72.56
COLM,2023-09-29,74.38,74.98,73.43,74.1
COLM,2023-10-02,74.33,74.63,70.44,70.83
COLM,2023-10-03,70.5,71.39,70.19,70.73
COLM,2023-10-04,70.73,71.18,69.93,70.96
COLM,2023-10-05,71.09,71.89,70.39,71.01
COLM,2023-10-06,70.58,71.64,69.94,70.98
COLM,2023-10-09,70.22,70.85,69.54,70.55
COLM,2023-10-10,70.32,71.16,69.93,70.32
COLM,2023-10-11,70.46,71.54,70.46,71.2
COLM,2023-10-12,71.39,71.49,70.16,70.97
COLM,2023-10-13,71.1,71.83,70.39,71.77
COLM,2023-10-16,72.17,74.6,72.05,74.47
COLM,2023-10-17,74.37,76.52,74.24,75.98
COLM,2023-10-18,75.4,75.78,74.79,74.94
COLM,2023-10-19,74.63,75.075,72.94,73.01
COLM,2023-10-20,72.16,72.92,71.21,71.33
COLM,2023-10-23,71.11,72.13,70.55,71.3
COLM,2023-10-24,71.49,72.7,70.41,70.42
COLM,2023-10-25,70.52,70.84,69.96,70.25
COLM,2023-10-26,69.99,70.99,69.38,70.37
COLM,2023-10-27,69.45,73.21,66.01,71.34
COLM,2023-10-30,71.81,72.39,70.79,71.8
COLM,2023-10-31,71.89,74.13,71.21,73.8
COLM,2023-11-01,73.98,74.018,72.13,73.98
COLM,2023-11-02,75.14,76.73,74.97,75.89
COLM,2023-11-03,76.72,77.98,76.41,77.59
COLM,2023-11-06,77.88,78.12,76.705,77.65
COLM,2023-11-07,77.19,77.75,76.895,77.27
COLM,2023-11-08,77.75,78.42,77.04,77.38
COLM,2023-11-09,77.81,78.02,76.675,76.82
COLM,2023-11-10,76.88,76.97,75.3,76.35
COLM,2023-11-13,75.81,75.825,74.88,75.05
COLM,2023-11-14,77.22,78.43,77.06,77.35
COLM,2023-11-15,77.34,79.68,77.34,78.06
COLM,2023-11-16,77.8,77.8,76.05,76.54
COLM,2023-11-17,77.97,77.97,76.7,76.9
COLM,2023-11-20,76.9,76.9,74.85,75.4
COLM,2023-11-21,75.1,75.23,74.16,74.71
COLM,2023-11-22,74.78,75.34,74.5,74.89
COLM,2023-11-24,74.89,75.47,74.55,75.43
COLM,2023-11-27,74.85,75.42,73.7,75.37
COLM,2023-11-28,75.42,77.0,74.98,76.43
COLM,2023-11-29,77.17,77.86,77.02,77.69
COLM,2023-11-30,78.0,78.86,77.11,78.33
COLM,2023-12-01,78.12,79.8,77.62,79.77
COLM,2023-12-04,79.45,81.795,79.45,81.21
COLM,2023-12-05,80.72,80.87,79.43,79.53
COLM,2023-12-06,79.92,81.0675,79.8,80.44
COLM,2023-12-07,80.36,81.03,79.82,80.02
COLM,2023-12-08,79.98,80.82,79.655,80.13
COLM,2023-12-11,80.12,81.19,80.12,80.9
COLM,2023-12-12,80.95,80.95,79.225,79.6
COLM,2023-12-13,79.25,81.58,79.16,81.5
COLM,2023-12-14,82.0,83.24,81.79,82.39
COLM,2023-12-15,82.5,83.34,81.2134,81.51
COLM,2023-12-18,81.59,81.77,80.93,81.68
COLM,2023-12-19,81.92,82.97,81.92,82.96
COLM,2023-12-20,83.03,83.11,81.3,81.3
COLM,2023-12-21,81.69,82.3,81.32,81.99
COLM,2023-12-22,80.0,80.97,79.38,80.19
COLM,2023-12-26,80.49,81.34,79.75,80.8
COLM,2023-12-27,80.91,81.04,80.24,80.36
COLM,2023-12-28,80.0,80.54,79.9,80.44
COLM,2023-12-29,80.32,80.79,79.45,79.54
COLM,2024-01-02,79.39,79.75,78.45,79.32
COLM,2024-01-03,78.47,78.47,76.66,76.7
COLM,2024-01-04,76.37,76.97,75.71,76.89
COLM,2024-01-05,75.0,76.59,73.62,75.37
COLM,2024-01-08,75.39,76.99,75.14,76.75
COLM,2024-01-09,76.35,77.81,75.91,77.51
COLM,2024-01-10,77.59,77.94,76.66,77.79
COLM,2024-01-11,77.45,77.905,76.88,77.57
COLM,2024-01-12,78.07,78.77,77.04,77.39
COLM,2024-01-16,76.69,77.7,75.72,77.67
COLM,2024-01-17,76.83,77.28,76.03,76.99
COLM,2024-01-18,77.49,77.74,76.18,77.5
COLM,2024-01-19,77.79,78.41,76.84,78.4
COLM,2024-01-22,78.6,79.36,78.28,79.35
COLM,2024-01-23,79.95,80.66,78.84,79.55
COLM,2024-01-24,79.87,80.265,78.78,78.83
COLM,2024-01-25,79.27,80.03,78.17,78.39
COLM,2024-01-26,78.49,80.835,78.15,80.47
COLM,2024-01-29,80.32,81.33,79.77,81.24
COLM,2024-01-30,81.23,81.765,80.9,81.39
COLM,2024-01-31,81.13,81.56,79.25,79.26
COLM,2024-02-01,79.58,82.25,79.1975,82.07
COLM,2024-02-02,73.96,81.57,73.5101,81.36
COLM,2024-02-05,80.68,80.68,76.76,77.58
COLM,2024-02-06,77.49,78.29,76.94,77.58
COLM,2024-02-07,77.55,78.15,76.54,77.15
COLM,2024-02-08,77.65,78.58,76.53,78.07
COLM,2024-02-09,78.54,80.33,78.5,80.05
COLM,2024-02-12,80.38,81.67,80.38,81.25
COLM,2024-02-13,79.57,80.835,78.83,80.15
COLM,2024-02-14,80.88,81.595,79.81,81.49
COLM,2024-02-15,81.76,82.37,81.565,81.73
COLM,2024-02-16,80.78,81.67,80.5,81.09
COLM,2024-02-20,80.58,81.24,80.01,80.03
COLM,2024-02-21,80.02,81.51,79.9,81.5
COLM,2024-02-22,81.67,82.35,81.305,81.95
COLM,2024-02-23,82.22,83.15,81.78,82.73
COLM,2024-02-26,82.34,82.4,80.75,81.07
COLM,2024-02-27,81.83,82.02,81.15,81.65
COLM,2024-02-28,80.72,82.1,80.33,81.69
COLM,2024-02-29,82.08,82.89,81.75,82.69
COLM,2024-03-01,82.49,82.49,81.1,81.2
COLM,2024-03-04,81.13,81.13,79.87,79.97
COLM,2024-03-05,79.78,80.72,79.24,79.85
COLM,2024-03-06,80.42,80.625,79.82,80.41
COLM,2024-03-07,80.39,80.94,80.12,80.68
COLM,2024-03-08,81.18,81.42,80.66,80.69
COLM,2024-03-11,80.54,80.91,79.73,79.8
COLM,2024-03-12,79.94,80.29,79.17,80.1
COLM,2024-03-13,80.26,80.85,79.96,80.32
COLM,2024-03-14,80.53,80.53,79.16,79.52
COLM,2024-03-15,79.29,80.44,79.29,79.73
COLM,2024-03-18,79.23,79.36,76.48,76.83
COLM,2024-03-19,76.83,77.87,76.83,77.33
COLM,2024-03-20,77.51,78.18,77.195,77.97
COLM,2024-03-21,78.17,79.05,77.69,78.75
COLM,2024-03-22,77.99,78.07,76.9075,77.53
COLM,2024-03-25,77.47,78.9,77.47,78.06
COLM,2024-03-26,78.68,79.23,78.435,78.92
COLM,2024-03-27,79.4,80.42,79.25,79.62
COLM,2024-03-28,79.87,81.31,79.73,81.18
COLM,2024-04-01,81.22,81.32,80.28,81.04
COLM,2024-04-02,79.84,79.84,76.57,77.72
COLM,2024-04-03,77.69,77.77,75.91,76.41
COLM,2024-04-04,77.46,77.53,74.95,75.23
COLM,2024-04-05,74.9,76.09,74.86,75.47
COLM,2024-04-08,75.84,76.83,75.47,76.38
COLM,2024-04-09,76.77,77.02,75.96,76.91
COLM,2024-04-10,75.42,75.77,74.87,75.28
COLM,2024-04-11,75.88,76.11,74.87,75.44
COLM,2024-04-12,74.69,75.08,74.29,74.8
COLM,2024-04-15,75.44,75.6,73.91,74.21
COLM,2024-04-16,73.95,75.23,73.04,74.99
COLM,2024-04-17,75.63,75.83,74.82,75.0
COLM,2024-04-18,75.57,75.66,74.95,75.54
COLM,2024-04-19,75.28,76.82,75.28,76.49
COLM,2024-04-22,76.89,78.376,76.57,77.14
COLM,2024-04-23,76.9,79.24,76.61,78.99
COLM,2024-04-24,79.05,80.265,78.81,79.78
COLM,2024-04-25,79.56,79.82,78.54,79.01
COLM,2024-04-26,86.0,86.11,79.32,80.0
COLM,2024-04-29,80.13,80.25,76.9,79.09
COLM,2024-04-30,78.2,80.51,78.2,79.63
COLM,2024-05-01,79.78,81.81,78.965,81.48
COLM,2024-05-02,81.7,82.0,80.81,81.53
COLM,2024-05-03,82.17,82.885,80.28,81.01
COLM,2024-05-06,81.49,81.75,81.11,81.33
COLM,2024-05-07,81.76,82.43,81.69,82.2
COLM,2024-05-08,82.11,82.44,81.3,81.93
COLM,2024-05-09,82.1,82.99,81.81,82.99
COLM,2024-05-10,83.0,84.2,82.37,84.07
COLM,2024-05-13,84.5,86.73,84.1,84.77
COLM,2024-05-14,85.67,85.96,84.03,84.72
COLM,2024-05-15,84.69,84.77,83.19,83.59
COLM,2024-05-16,83.69,84.1,83.44,84.01
COLM,2024-05-17,84.23,84.23,83.23,83.61
COLM,2024-05-20,83.61,84.95,83.31,84.82
COLM,2024-05-21,84.51,85.89,84.1,85.83
COLM,2024-05-22,85.18,86.0,84.0,84.48
COLM,2024-05-23,84.38,85.09,83.73,84.57
COLM,2024-05-24,84.8,84.815,83.74,84.03
COLM,2024-05-28,83.96,84.78,82.855,82.98
COLM,2024-05-29,82.79,83.53,81.85,82.87
COLM,2024-05-30,82.87,84.36,82.7425,83.82
COLM,2024-05-31,84.19,85.74,81.82,85.62
COLM,2024-06-03,85.96,87.23,85.68,86.98
COLM,2024-06-04,86.37,87.16,84.67,84.97
COLM,2024-06-05,85.14,85.16,83.61,84.0
COLM,2024-06-06,84.09,84.31,83.38,83.69
COLM,2024-06-07,83.45,84.1699,82.215,82.83
COLM,2024-06-10,82.42,82.43,81.35,81.99
COLM,2024-06-11,81.63,81.83,80.91,81.4
COLM,2024-06-12,82.53,82.88,80.505,81.28
COLM,2024-06-13,81.04,82.05,80.0,81.87
COLM,2024-06-14,81.51,82.74,80.48,80.62
COLM,2024-06-17,80.56,82.28,80.39,81.98
COLM,2024-06-18,82.01,82.34,81.29,81.72
COLM,2024-06-20,81.14,82.84,80.77,82.02
COLM,2024-06-21,82.3,83.84,81.75,83.58
COLM,2024-06-24,83.34,84.67,82.67,83.75
COLM,2024-06-25,83.6,83.75,81.3,81.58
COLM,2024-06-26,82.05,82.17,79.84,79.9
COLM,2024-06-27,79.64,79.64,78.26,78.45
COLM,2024-06-28,78.62,79.9,78.176,79.0
COLM,2024-07-01,79.4,79.83,76.97,77.15
COLM,2024-07-02,77.11,77.705,76.63,77.16
COLM,2024-07-03,77.36,77.435,76.42,76.59
COLM,2024-07-05,76.48,76.695,75.49,76.16
COLM,2024-07-08,78.72,80.25,77.9,79.59
COLM,2024-07-09,79.55,80.4399,78.16,78.16
COLM,2024-07-10,78.2,78.6173,76.67,77.55
COLM,2024-07-11,78.18,79.475,78.09,79.19
COLM,2024-07-12,79.73,79.99,78.535,78.8
COLM,2024-07-15,78.8,78.92,77.62,77.73
COLM,2024-07-16,77.87,80.04,77.87,79.53
COLM,2024-07-17,79.21,80.775,79.21,80.43
COLM,2024-07-18,80.47,80.74,78.49,79.03
COLM,2024-07-19,78.01,78.47,77.4,77.655
COLM,2024-07-22,77.76,78.91,77.03,78.37
COLM,2024-07-23,78.29,79.85,78.29,78.75
COLM,2024-07-24,78.53,78.75,77.725,78.23
COLM,2024-07-25,78.53,79.605,77.13,77.22
COLM,2024-07-26,77.45,78.55,75.42,76.41
COLM,2024-07-29,76.77,79.39,76.0,78.99
COLM,2024-07-30,78.82,81.77,78.82,81.26
COLM,2024-07-31,81.19,84.0,80.43,81.7
COLM,2024-08-01,81.7,83.015,79.001,79.09
COLM,2024-08-02,78.0,78.935,77.09,78.19
COLM,2024-08-05,76.0,79.08,75.995,78.21
COLM,2024-08-06,77.67,81.975,77.67,80.46
COLM,2024-08-07,81.48,82.9,80.32,80.45
COLM,2024-08-08,81.48,82.3,80.6,81.81
COLM,2024-08-09,81.91,82.01,79.875,80.52
COLM,2024-08-12,80.75,81.78,79.81,79.98
COLM,2024-08-13,79.7,81.14,79.45,80.71
COLM,2024-08-14,80.63,80.91,79.76,79.8
COLM,2024-08-15,81.23,81.695,79.74,79.92
COLM,2024-08-16,80.13,80.6,79.2007,80.08
COLM,2024-08-19,80.36,81.02,79.83,80.07
COLM,2024-08-20,80.35,80.63,79.83,80.56
COLM,2024-08-21,81.28,82.02,80.82,81.88
COLM,2024-08-22,81.99,81.99,80.755,81.55
COLM,2024-08-23,81.96,83.915,81.76,83.74
COLM,2024-08-26,83.85,84.59,83.29,83.35
COLM,2024-08-27,82.94,83.46,82.44,82.56
COLM,2024-08-28,82.43,82.555,80.445,80.61
COLM,2024-08-29,80.57,81.3,79.98,80.47
COLM,2024-08-30,80.97,80.97,79.91,80.66
COLM,2024-09-03,80.54,81.33,80.04,80.85
COLM,2024-09-04,80.87,81.58,79.91,81.43
COLM,2024-09-05,81.62,82.0,80.65,81.45
COLM,2024-09-06,81.68,82.36,80.72,81.52
COLM,2024-09-09,81.75,83.37,81.26,82.05
COLM,2024-09-10,82.04,82.115,80.67,81.15
COLM,2024-09-11,80.69,80.81,79.24,80.72
COLM,2024-09-12,80.64,81.53,80.485,81.46
COLM,2024-09-13,81.86,83.26,81.255,82.67
COLM,2024-09-16,82.8,83.655,82.59,83.32
COLM,2024-09-17,83.72,83.87,82.84,83.59
COLM,2024-09-18,83.42,84.36,82.65,83.17
COLM,2024-09-19,84.37,84.615,82.31,82.48
COLM,2024-09-20,82.02,82.515,81.1421,82.23
COLM,2024-09-23,82.24,82.89,80.88,80.9
COLM,2024-09-24,80.85,81.22,79.71,79.8
COLM,2024-09-25,79.97,80.61,79.79,80.1
COLM,2024-09-26,80.71,82.3,80.51,82.13
COLM,2024-09-27,82.67,83.99,82.17,82.76
COLM,2024-09-30,82.89,83.38,81.81,83.19
COLM,2024-10-01,83.24,84.76,81.76,84.36
COLM,2024-10-02,83.62,83.81,81.96,82.16
COLM,2024-10-03,81.69,81.895,80.8,80.99
COLM,2024-10-04,81.59,82.51,81.21,82.43
COLM,2024-10-07,82.01,82.01,79.47,80.08
COLM,2024-10-08,79.92,80.88,79.59,80.765
COLM,2024-10-09,80.84,81.125,80.3,80.38
COLM,2024-10-10,80.07,80.685,79.26,79.5
COLM,2024-10-11,79.65,80.3675,79.65,80.13
COLM,2024-10-14,80.155,80.465,79.64,79.93
COLM,2024-10-15,79.99,82.83,79.99,81.63
COLM,2024-10-16,81.95,83.1,81.26,82.89
COLM,2024-10-17,79.915,83.776,79.915,83.57
COLM,2024-10-18,83.74,84.4,82.96,84.39
COLM,2024-10-21,84.0,84.04,79.84,80.83
COLM,2024-10-22,80.68,80.68,78.92,79.1
COLM,2024-10-23,78.68,79.035,77.7,77.94
COLM,2024-10-24,78.29,78.46,76.77,76.78
COLM,2024-10-25,77.15,77.825,75.08,75.18
COLM,2024-10-28,76.205,77.11,75.645,75.7
COLM,2024-10-29,76.0,77.23,75.77,76.11
COLM,2024-10-30,76.625,77.46,76.22,76.22
COLM,2024-10-31,79.355,82.25,79.355,80.47
COLM,2024-11-01,80.055,81.175,79.355,80.35
COLM,2024-11-04,80.66,82.42,80.585,81.82
COLM,2024-11-05,81.63,83.875,81.63,83.09
COLM,2024-11-06,84.535,85.18,83.0,83.79
COLM,2024-11-07,83.79,85.72,83.79,85.12
COLM,2024-11-08,84.91,85.05,83.0401,83.45
COLM,2024-11-11,83.87,84.88,83.46,83.65
COLM,2024-11-12,83.79,84.11,82.45,83.36
COLM,2024-11-13,83.46,85.26,83.46,84.59
COLM,2024-11-14,84.93,85.65,84.6,84.69
COLM,2024-11-15,84.69,85.07,83.51,83.61
COLM,2024-11-18,83.99,83.99,82.21,82.43
COLM,2024-11-19,81.7,82.56,81.035,82.13
COLM,2024-11-20,81.4,81.4,79.76,80.1
COLM,2024-11-21,80.6,81.65,80.01,80.99
COLM,2024-11-22,81.84,83.79,81.48,83.48
COLM,2024-11-25,84.54,88.62,84.54,88.07
COLM,2024-11-26,87.89,88.33,86.83,86.92
COLM,2024-11-27,87.11,88.025,86.45,87.16
COLM,2024-11-29,87.42,88.51,87.16,87.24
COLM,2024-12-02,87.37,88.18,86.05,88.1
COLM,2024-12-03,88.385,88.92,87.33,88.35
COLM,2024-12-04,88.01,88.82,87.46,88.58
COLM,2024-12-05,88.84,88.84,87.145,87.88
COLM,2024-12-06,88.295,89.57,87.89,88.35
COLM,2024-12-09,88.44,91.24,87.93,90.65
COLM,2025-01-27,89.08,89.945,88.67,89.58
COLM,2025-01-28,89.05,91.01,89.05,89.65
COLM,2025-01-29,89.72,90.42,88.5,88.51
COLM,2025-01-30,89.2,90.95,88.41,90.36
COLM,2025-01-31,90.1,90.65,88.27,88.3
COLM,2025-02-03,86.54,87.375,84.55,85.19
COLM,2025-02-04,85.69,87.4157,85.16,85.86
COLM,2025-02-05,79.0,82.66,78.88,80.97
COLM,2025-02-06,81.99,82.47,79.47,79.66
COLM,2025-02-07,79.32,81.37,78.58,79.27
COLM,2025-02-10,79.24,80.1565,77.69,78.0
COLM,2025-02-11,78.56,79.355,76.3,78.34
COLM,2025-02-12,77.62,80.22,77.6,79.46
COLM,2025-02-13,79.86,82.72,79.61,82.59
COLM,2025-02-14,82.85,84.93,82.365,84.58
COLM,2025-02-18,84.64,88.97,84.64,88.85
COLM,2025-02-19,88.0,90.49,86.635,90.12
COLM,2025-02-20,90.11,90.55,89.54,90.3
COLM,2025-02-21,90.71,92.09,89.84,90.74
COLM,2025-02-24,91.205,92.1,90.755,92.08
COLM,2025-02-25,91.61,92.31,90.4,91.8
COLM,2025-02-26,91.8,92.88,90.44,91.0
COLM,2025-02-27,90.67,91.01,89.355,89.63
COLM,2025-02-28,89.57,90.285,85.66,86.84
COLM,2025-03-03,86.6,87.72,84.07,84.17
COLM,2025-03-04,83.055,84.53,82.8,83.24
COLM,2025-03-05,83.24,84.64,82.54,84.36
COLM,2025-03-06,84.1,85.0,82.44,83.83
COLM,2025-03-07,83.65,84.55,81.87,84.26
COLM,2025-03-10,83.71,88.96,83.71,85.24
COLM,2025-03-11,84.72,84.72,80.36,80.52
COLM,2025-03-12,80.845,81.063,77.6,78.73
COLM,2025-03-13,78.53,78.555,77.11,77.96
COLM,2025-03-14,78.19,78.88,77.56,78.42
COLM,2025-03-17,78.68,80.37,78.67,79.56
COLM,2025-03-18,78.61,79.495,77.945,78.51
COLM,2025-03-19,78.34,78.71,76.76,78.09
COLM,2025-03-20,77.8,78.195,76.0825,76.36
COLM,2025-03-21,75.43,77.39,75.06,76.61
COLM,2025-03-24,77.09,78.2,76.61,77.97
COLM,2025-03-25,77.62,77.725,75.625,76.18
COLM,2025-03-26,76.36,76.36,75.68,76.36
COLM,2025-03-27,76.43,77.27,76.12,76.76
COLM,2025-03-28,76.26,76.26,74.99,75.3
COLM,2025-03-31,75.06,76.24,74.4,75.685
COLM,2025-04-01,75.83,77.145,75.83,76.83
COLM,2025-04-02,76.06,77.585,75.92,77.36
COLM,2025-04-03,71.74,74.05,66.91,67.17
COLM,2025-04-04,65.42,72.33,65.42,68.73
COLM,2025-04-07,67.17,68.59,64.53,65.55
COLM,2025-04-08,67.37,68.25,60.51,60.97
COLM,2025-04-09,60.38,68.94,59.23,68.36
COLM,2025-04-10,67.1,67.1,63.965,65.65
COLM,2025-04-11,65.39,65.88,63.48,65.62
COLM,2025-04-14,66.91,68.215,66.025,67.55
COLM,2025-04-15,67.67,68.49,65.665,65.97
COLM,2025-04-16,65.58,66.825,64.42,64.91
COLM,2025-04-17,65.1,65.73,64.49,65.52
COLM,2025-04-21,64.65,64.65,61.96,63.08
COLM,2025-04-22,63.735,64.56,63.12,64.34
COLM,2025-04-23,66.435,67.94,65.02,65.25
COLM,2025-04-24,65.39,66.96,64.98,65.96
COLM,2025-04-25,65.55,65.595,63.86,64.66
COLM,2025-04-28,64.87,65.54,63.74,64.0
COLM,2025-04-29,63.2,63.94,62.55,62.74
COLM,2025-04-30,61.96,62.38,60.44,62.15
COLM,2025-05-01,62.03,63.415,61.285,62.27
COLM,2025-05-02,61.175,61.9626,58.44,59.63
COLM,2025-05-05,59.57,62.635,59.57,62.14
COLM,2025-05-06,60.635,63.42,60.635,63.21
COLM,2025-05-07,63.86,65.48,63.295,64.65
COLM,2025-05-08,65.42,67.545,64.8301,67.24
COLM,2025-05-09,67.385,67.48,65.55,66.08
COLM,2025-05-12,69.64,71.68,68.92,69.59
COLM,2025-05-13,69.83,69.83,68.48,68.63
COLM,2025-05-14,68.26,68.26,66.93,67.05
COLM,2025-05-15,67.09,67.52,66.1501,67.22
COLM,2025-05-16,67.12,67.465,66.7,66.7
COLM,2025-05-19,65.49,65.65,65.37,65.65
COLM,2025-05-20,65.99,67.52,65.56,66.4
COLM,2025-05-21,65.48,66.47,64.71,64.75
COLM,2025-05-22,64.04,65.2,63.875,64.92
COLM,2025-05-23,63.13,64.25,62.79,63.8
COLM,2025-05-27,64.82,66.44,64.505,66.17
COLM,2025-05-28,65.84,66.27,64.995,65.07
COLM,2025-05-29,65.58,65.91,63.71,64.51
COLM,2025-05-30,63.94,64.29,63.465,63.77
COLM,2025-06-02,63.38,63.415,61.07,61.27
COLM,2025-06-03,61.58,61.985,60.22,61.79
COLM,2025-06-04,61.83,62.0,61.12,61.55
COLM,2025-06-05,61.22,62.09,60.7,61.34
COLM,2025-06-06,61.4,61.98,60.845,61.78
COLM,2025-06-09,62.01,62.9399,61.36,62.25
COLM,2025-06-10,62.5,64.75,62.5,64.066
COLM,2025-06-11,64.67,64.69,62.69,62.967
COLM,2025-06-12,62.57,62.65,61.37,62.37
COLM,2025-06-13,61.68,62.71,59.205,59.62
COLM,2025-06-16,60.75,61.83,60.27,61.67
COLM,2025-06-17,61.28,61.47,59.74,60.08
COLM,2025-06-18,60.08,60.825,59.87,60.06
COLM,2025-06-20,60.76,61.04,60.13,60.38
COLM,2025-06-23,60.07,60.39,58.89,60.27
COLM,2025-06-24,60.99,61.27,60.07,60.9
COLM,2025-06-25,60.85,61.015,59.85,60.21
COLM,2025-06-26,60.6,61.74,60.1501,61.7
COLM,2025-06-27,62.5,63.25,60.78,61.45
COLM,2025-06-30,61.49,61.61,60.605,61.08
COLM,2025-07-01,61.0,65.24,61.0,63.35
COLM,2025-07-02,63.55,65.18,62.1801,64.28
COLM,2025-07-03,64.22,64.46,63.54,63.83
COLM,2025-07-07,63.54,64.34,62.51,62.95
COLM,2025-07-08,63.03,64.44,62.54,63.76
COLM,2025-07-09,63.75,63.955,62.58,63.19
COLM,2025-07-10,62.97,64.78,62.84,63.57
COLM,2025-07-11,61.45,61.45,61.28,61.45
COLM,2025-07-14,61.23,61.23,59.79,60.44
COLM,2025-07-15,60.54,60.89,58.61,58.62
COLM,2025-07-16,58.9,59.4,58.545,59.28
COLM,2025-07-17,59.28,60.05,59.1,59.91
COLM,2025-07-18,60.44,60.6,59.39,59.61
COLM,2025-07-21,60.02,60.725,59.82,59.88
COLM,2025-07-22,60.28,62.13,60.28,62.09
COLM,2025-07-23,62.71,63.275,62.33,62.46
COLM,2025-07-24,61.97,62.36,60.39,60.44
COLM,2025-07-25,60.85,61.275,59.5,60.63
COLM,2025-07-28,60.86,61.075,60.15,60.37
COLM,2025-07-29,60.18,60.34,58.86,59.335
COLM,2025-07-30,59.64,59.96,58.035,58.4
COLM,2025-07-31,57.75,57.945,56.33,56.57
COLM,2025-08-01,49.955,52.14,48.105,49.29
COLM,2025-08-04,49.92,51.09,49.375,51.08
COLM,2025-08-05,51.26,52.66,51.13,52.29
COLM,2025-08-06,52.47,53.0,51.69,51.84
COLM,2025-08-07,52.24,52.405,50.85,50.97
COLM,2025-08-08,50.84,50.99,50.0,50.7
COLM,2025-08-11,50.78,51.04,49.32,49.42
COLM,2025-08-12,49.65,50.64,49.52,50.58
COLM,2025-08-13,50.88,53.13,50.88,53.07
COLM,2025-08-14,51.78,52.91,51.25,52.72
COLM,2025-08-15,53.28,53.69,52.97,53.45
COLM,2025-08-18,53.48,54.26,53.33,53.81
COLM,2025-08-19,54.0,54.745,53.64,54.45
COLM,2025-08-20,54.32,54.98,53.545,54.01
COLM,2025-08-21,53.24,53.82,52.9458,53.56
COLM,2025-08-22,54.06,56.94,53.825,56.52
COLM,2025-08-25,56.41,56.75,55.24,55.4
COLM,2025-08-26,55.47,56.04,54.18,54.54
COLM,2025-08-27,54.66,55.22,53.83,55.18
COLM,2025-08-28,55.51,55.68,54.42,55.04
COLM,2025-08-29,54.93,56.27,54.88,55.72
COLM,2025-09-02,55.31,56.62,55.31,56.37
COLM,2025-09-03,56.37,57.35,55.94,56.62
COLM,2025-09-04,56.32,57.58,56.32,57.52
COLM,2025-09-05,57.43,58.4825,56.17,56.5
COLM,2025-09-08,56.6,56.97,55.06,56.6
COLM,2025-09-09,56.22,56.22,55.09,55.24
COLM,2025-09-10,55.0,55.32,54.45,55.02
COLM,2025-09-11,55.2,55.9,54.9,55.678
COLM,2025-09-12,55.38,55.38,54.11,54.61
COLM,2025-09-15,54.7,54.975,53.74,54.11
COLM,2025-09-16,54.15,54.275,53.44,53.9
COLM,2025-09-17,54.18,55.34,53.15,53.23
COLM,2025-09-18,54.01,54.47,53.71,54.39
COLM,2025-09-19,54.47,54.47,53.21,53.35
COLM,2025-09-22,53.24,53.625,52.77,53.04
COLM,2025-09-23,53.05,54.04,52.61,52.67
COLM,2025-09-24,52.59,53.95,52.59,53.71
COLM,2025-09-25,53.31,53.67,50.44,50.89
COLM,2025-09-26,51.0,52.65,50.98,52.64
COLM,2025-09-29,53.08,53.095,51.29,51.65
COLM,2025-09-30,51.51,52.395,51.27,52.305
COLM,2025-10-01,52.57,53.29,52.02,52.67
COLM,2025-10-02,52.54,53.71,52.12,53.7
COLM,2025-10-03,53.79,54.275,53.15,53.3
COLM,2025-10-06,53.3,53.9,52.405,53.45
COLM,2025-10-07,53.65,53.7836,51.89,52.03
COLM,2025-10-08,52.19,53.25,51.78,53.19
COLM,2025-10-09,53.13,53.13,51.12,51.39
COLM,2025-10-10,51.47,51.47,48.89,48.96
COLM,2025-10-13,50.05,50.935,49.67,50.71
COLM,2025-10-14,49.55,51.67,49.47,51.43
COLM,2025-10-15,52.45,52.87,50.89,51.0
COLM,2025-10-16,50.77,51.18,50.275,50.84
COLM,2025-10-17,50.99,52.56,50.925,52.23
COLM,2025-10-20,52.57,53.45,52.42,52.53
COLM,2025-10-21,52.39,54.7461,52.26,54.2
COLM,2025-10-22,53.8,54.35,53.26,53.26
COLM,2025-10-23,53.66,54.64,53.42,54.57
COLM,2025-10-24,54.53,54.53,53.15,53.62
COLM,2025-10-27,54.31,55.11,54.07,54.89
COLM,2025-10-28,54.25,54.942,52.84,53.77
COLM,2025-10-29,53.77,53.77,51.575,51.97
COLM,2025-10-30,51.97,52.935,51.42,51.42
COLM,2025-10-31,48.5,51.48,47.47,49.63
COLM,2025-11-03,49.23,50.6,48.16,50.38
COLM,2025-11-04,50.38,51.63,49.96,50.15
COLM,2025-11-05,50.26,52.945,49.93,52.35
COLM,2025-11-06,51.86,52.49,50.28,50.76
COLM,2025-11-07,50.69,51.765,50.59,51.67
COLM,2025-11-10,52.11,52.34,50.655,51.07
COLM,2025-11-11,51.25,52.88,51.12,52.52
COLM,2025-11-12,53.12,53.865,52.715,53.05
COLM,2025-11-13,52.91,54.76,52.83,54.47
COLM,2025-11-14,54.305,54.57,53.435,53.69
COLM,2025-11-17,53.62,53.62,51.295,51.45
COLM,2025-11-18,50.93,51.75,50.51,51.16
COLM,2025-11-19,50.83,50.9,49.96,50.16
COLM,2025-11-20,49.96,50.75,49.565,49.88
COLM,2025-11-21,50.555,53.495,50.555,53.34
COLM,2025-11-24,52.905,52.96,51.88,52.31
COLM,2025-11-25,52.74,54.64,52.665,54.22
COLM,2025-11-26,53.85,54.87,53.77,54.02
COLM,2025-11-28,53.92,54.52,53.54,53.71
COLM,2025-12-01,53.2,55.965,53.2,55.33
COLM,2025-12-02,55.24,55.24,54.075,54.64
COLM,2025-12-03,54.48,55.845,54.445,55.18
COLM,2025-12-04,54.82,55.5,54.21,54.51
COLM,2025-12-05,54.54,55.44,54.07,55.11
COLM,2025-12-08,55.16,55.165,53.643,54.09
COLM,2025-12-09,53.89,54.7,53.45,53.84
COLM,2025-12-10,54.03,55.965,54.03,55.86
COLM,2025-12-11,55.92,57.385,55.63,57.28
COLM,2025-12-12,57.775,58.47,56.82,57.18
