ticker,date,open,high,low,close
FENC,2017-09-13,10.1201,12.42,10.0,12.0
FENC,2017-09-14,12.5,13.9499,11.85,12.19
FENC,2017-09-15,12.55,12.7112,11.7001,12.0
FENC,2017-09-18,11.37,11.99,11.15,11.365
FENC,2017-09-19,11.34,11.35,10.1702,11.3
FENC,2017-09-20,11.5,11.85,11.15,11.69
FENC,2017-09-21,11.75,12.48,11.7401,11.7401
FENC,2017-09-22,12.02,12.5,11.7501,11.8101
FENC,2017-09-25,11.82,11.95,11.31,11.51
FENC,2017-09-26,11.5201,11.6161,11.32,11.4
FENC,2017-09-27,11.3,11.88,11.3,11.56
FENC,2017-09-28,11.74,11.74,11.0,11.3
FENC,2017-09-29,11.3662,11.3662,10.8,11.09
FENC,2017-10-02,11.46,11.7351,11.25,11.4
FENC,2017-10-03,11.74,11.74,11.505,11.697
FENC,2017-10-04,11.74,11.749,11.5,11.5
FENC,2017-10-05,11.6,11.74,11.2,11.74
FENC,2017-10-06,11.93,12.0,11.44,11.78
FENC,2017-10-09,11.53,13.2,11.53,12.17
FENC,2017-10-10,12.8,12.8,11.52,12.0535
FENC,2017-10-11,11.9,12.48,11.9,12.03
FENC,2017-10-12,12.2,13.0,11.6,12.35
FENC,2017-10-13,12.36,12.4,12.0,12.04
FENC,2017-10-16,12.04,12.04,9.99,10.56
FENC,2017-10-17,10.56,10.56,10.0,10.55
FENC,2017-10-18,10.09,11.04,9.07,10.36
FENC,2017-10-19,9.89,10.6708,9.89,10.4
FENC,2017-10-20,10.45,10.7299,10.3,10.4399
FENC,2017-10-23,10.3866,10.48,9.761,10.19
FENC,2017-10-24,9.91,10.22,9.91,10.14
FENC,2017-10-25,9.88,10.24,9.85,9.89
FENC,2017-10-26,10.0,10.24,9.75,9.83
FENC,2017-10-27,9.66,9.749,9.211,9.65
FENC,2017-10-30,10.05,10.05,9.1486,9.4638
FENC,2017-10-31,9.25,9.5,9.25,9.49
FENC,2017-11-01,9.42,9.42,8.0001,9.05
FENC,2017-11-02,9.06,9.5,9.06,9.36
FENC,2017-11-03,9.55,9.6,9.4947,9.56
FENC,2017-11-06,9.21,9.44,8.99,9.26
FENC,2017-11-07,9.3,9.3,9.02,9.1702
FENC,2017-11-08,8.62,9.3,8.61,9.2885
FENC,2017-11-09,9.2524,9.27,9.0561,9.1201
FENC,2017-11-10,8.72,9.98,8.72,9.98
FENC,2017-11-13,10.19,10.25,9.99,10.1845
FENC,2017-11-14,10.28,10.28,9.2,10.08
FENC,2017-11-15,10.1752,10.1752,9.73,10.1
FENC,2017-11-16,9.78,10.2,9.11,10.09
FENC,2017-11-17,9.45,10.0,9.45,10.0
FENC,2017-11-20,10.0,10.2987,10.0,10.2
FENC,2017-11-21,10.3,10.47,9.7972,10.08
FENC,2017-11-22,10.0001,10.15,9.962,10.14
FENC,2017-11-24,10.15,10.15,9.59,9.95
FENC,2017-11-27,9.95,10.18,9.7091,10.05
FENC,2017-11-28,9.9,9.99,9.37,9.7
FENC,2017-11-29,9.7,9.85,9.3,9.36
FENC,2017-11-30,9.3,9.71,9.04,9.675
FENC,2017-12-01,9.13,9.67,9.0601,9.57
FENC,2017-12-04,9.57,9.57,8.65,9.0
FENC,2017-12-05,9.49,9.49,8.74,8.9
FENC,2017-12-06,8.7285,8.96,8.7285,8.905
FENC,2017-12-07,8.9,9.1,8.62,8.99
FENC,2017-12-08,8.5,9.47,8.5,9.25
FENC,2017-12-11,9.1613,9.1865,8.61,8.97
FENC,2017-12-12,8.97,9.03,8.9,8.9396
FENC,2017-12-13,8.9434,9.16,8.8,9.025
FENC,2017-12-14,8.995,9.14,8.995,9.05
FENC,2017-12-15,9.1317,9.1594,9.0601,9.15
FENC,2017-12-18,9.16,9.4,9.14,9.3
FENC,2017-12-19,9.15,9.25,9.05,9.25
FENC,2017-12-20,9.4,9.4,9.14,9.39
FENC,2017-12-21,9.145,9.5,9.0501,9.33
FENC,2017-12-22,9.4807,9.5,9.16,9.3
FENC,2017-12-26,9.4052,9.94,9.2401,9.55
FENC,2017-12-27,9.5,9.95,8.75,9.42
FENC,2017-12-28,9.39,9.92,9.35,9.54
FENC,2017-12-29,9.5,10.05,9.5,9.97
FENC,2018-01-02,9.98,11.24,9.8206,10.15
FENC,2018-01-03,10.09,10.32,9.7807,9.9
FENC,2018-01-04,10.13,10.13,9.7501,10.0
FENC,2018-01-05,10.05,10.1117,9.8196,9.98
FENC,2018-01-08,9.82,9.82,9.54,9.59
FENC,2018-01-09,9.6691,10.07,9.4794,9.6
FENC,2018-01-10,9.76,9.8,9.49,9.6
FENC,2018-01-11,9.23,9.66,9.23,9.45
FENC,2018-01-12,9.48,9.7,9.41,9.46
FENC,2018-01-16,9.45,9.8,9.02,9.26
FENC,2018-01-17,9.1063,9.42,9.1,9.21
FENC,2018-01-18,9.27,9.62,9.06,9.4001
FENC,2018-01-19,9.49,9.73,9.4,9.63
FENC,2018-01-22,9.54,9.7,9.4,9.4
FENC,2018-01-23,9.314,9.5,9.314,9.41
FENC,2018-01-24,9.41,9.48,9.31,9.3287
FENC,2018-01-25,9.34,9.3799,9.11,9.11
FENC,2018-01-26,9.08,9.31,9.05,9.16
FENC,2018-01-29,9.16,9.18,8.89,8.89
FENC,2018-01-30,8.91,9.0011,8.8,8.98
FENC,2018-01-31,9.0,9.185,8.85,8.85
FENC,2018-02-01,8.65,9.08,8.65,8.83
FENC,2018-02-02,8.88,9.075,8.88,8.99
FENC,2018-02-05,8.89,8.89,8.26,8.26
FENC,2018-02-06,8.2,8.85,8.2,8.43
FENC,2018-02-07,8.6,8.995,8.31,8.33
FENC,2018-02-08,8.5,8.71,8.3,8.71
FENC,2018-02-09,8.87,8.9,7.5537,8.26
FENC,2018-02-12,8.12,8.9,8.12,8.9
FENC,2018-02-13,8.5555,8.8,7.9,8.5042
FENC,2018-02-14,8.32,8.9,8.28,8.45
FENC,2018-02-15,8.43,8.8516,8.43,8.66
FENC,2018-02-16,8.66,9.5,8.62,9.02
FENC,2018-02-20,9.11,9.495,9.11,9.11
FENC,2018-02-21,9.49,9.589,9.05,9.31
FENC,2018-02-22,9.65,9.65,9.05,9.13
FENC,2018-02-23,9.3,9.3499,8.9421,9.16
FENC,2018-02-26,9.0,9.6,8.99,9.5
FENC,2018-02-27,9.6,9.66,9.41,9.52
FENC,2018-02-28,9.47,9.5427,9.12,9.2301
FENC,2018-03-01,9.25,9.4732,9.11,9.37
FENC,2018-03-02,9.38,9.43,9.01,9.19
FENC,2018-03-05,9.1,9.2499,9.1,9.18
FENC,2018-03-06,9.15,9.25,9.01,9.16
FENC,2018-03-07,9.02,9.24,8.99,9.24
FENC,2018-03-08,9.1,9.42,9.05,9.19
FENC,2018-03-09,9.29,9.4314,8.91,9.4
FENC,2018-03-12,9.51,9.7,9.16,9.27
FENC,2018-03-13,9.47,9.836,9.02,9.375
FENC,2018-03-14,9.59,9.8,9.0655,9.43
FENC,2018-03-15,9.34,9.7893,9.34,9.41
FENC,2018-03-16,9.48,9.78,9.38,9.57
FENC,2018-03-19,9.5787,9.68,9.2796,9.51
FENC,2018-03-20,9.729,9.729,9.575,9.7
FENC,2018-03-21,10.5,10.8,9.7401,10.35
FENC,2018-03-22,10.48,10.878,10.48,10.73
FENC,2018-03-23,10.73,11.7,10.72,10.94
FENC,2018-03-26,11.2,11.31,10.334,10.9
FENC,2018-03-27,12.26,12.26,10.85,11.3
FENC,2018-03-28,11.33,12.5,11.3,12.1
FENC,2018-03-29,12.04,12.095,11.5656,12.095
FENC,2018-04-02,12.25,12.74,11.8801,12.17
FENC,2018-04-03,12.06,12.86,11.98,12.59
FENC,2018-04-04,12.61,12.95,12.5,12.58
FENC,2018-04-05,12.68,13.38,12.68,13.03
FENC,2018-04-06,13.0258,14.3399,13.0091,14.07
FENC,2018-04-09,14.24,14.9862,13.64,14.33
FENC,2018-04-10,14.85,14.88,13.15,13.5
FENC,2018-04-11,13.95,14.3,13.25,13.95
FENC,2018-04-12,13.99,14.3,13.99,14.05
FENC,2018-04-13,14.05,14.157,13.16,13.85
FENC,2018-04-16,13.95,14.29,13.34,13.75
FENC,2018-04-17,13.75,13.75,13.05,13.56
FENC,2018-04-18,13.5,13.75,12.75,13.75
FENC,2018-04-19,13.75,13.9,13.3601,13.44
FENC,2018-04-20,13.51,13.689,13.26,13.34
FENC,2018-04-23,13.42,13.44,12.88,13.06
FENC,2018-04-24,12.97,13.48,12.86,13.01
FENC,2018-04-25,13.09,13.5438,12.651,12.81
FENC,2018-04-26,12.74,13.3,12.46,12.46
FENC,2018-04-27,12.52,13.3959,12.025,12.16
FENC,2018-04-30,12.36,12.9899,11.9348,12.5
FENC,2018-05-01,12.5,13.4382,11.97,12.22
FENC,2018-05-02,12.16,12.91,12.02,12.57
FENC,2018-05-03,12.66,12.84,12.01,12.49
FENC,2018-05-04,12.41,13.29,12.1,12.25
FENC,2018-05-07,12.11,12.7,11.72,11.87
FENC,2018-05-08,11.71,12.03,11.57,11.9
FENC,2018-05-09,11.99,12.3,11.44,11.67
FENC,2018-05-10,11.5459,11.78,11.43,11.54
FENC,2018-05-11,11.56,11.84,11.371,11.69
FENC,2018-05-14,11.84,12.0,11.43,11.58
FENC,2018-05-15,11.6,11.8,11.28,11.35
FENC,2018-05-16,11.42,11.74,11.13,11.3
FENC,2018-05-17,11.22,11.6,10.91,11.06
FENC,2018-05-18,11.07,11.56,11.0044,11.08
FENC,2018-05-21,11.14,11.52,10.94,11.11
FENC,2018-05-22,11.01,11.09,10.34,10.69
FENC,2018-05-23,10.75,11.51,10.7,11.24
FENC,2018-05-24,11.1,11.22,10.88,11.08
FENC,2018-05-25,11.15,11.489,10.85,11.12
FENC,2018-05-29,11.12,11.54,10.72,11.23
FENC,2018-05-30,11.42,12.51,11.01,11.69
FENC,2018-05-31,11.94,12.08,11.5,11.54
FENC,2018-06-01,11.62,12.07,11.56,12.03
FENC,2018-06-04,12.08,12.099,11.29,11.66
FENC,2018-06-05,11.59,11.73,10.67,10.94
FENC,2018-06-06,11.04,11.5919,11.0,11.18
FENC,2018-06-07,11.37,11.37,10.79,10.93
FENC,2018-06-08,11.01,11.01,10.46,10.77
FENC,2018-06-11,10.78,11.05,10.6,11.02
FENC,2018-06-12,11.04,11.04,10.52,10.56
FENC,2018-06-13,10.52,10.62,10.07,10.61
FENC,2018-06-14,10.62,10.62,10.33,10.4
FENC,2018-06-15,10.4,10.4234,10.01,10.05
FENC,2018-06-18,10.25,11.17,10.0833,10.83
FENC,2018-06-19,10.78,11.0299,10.53,10.96
FENC,2018-06-20,10.84,11.12,10.84,10.95
FENC,2018-06-21,11.01,11.25,10.335,10.43
FENC,2018-06-22,10.52,11.2,10.35,10.98
FENC,2018-06-25,11.0,11.8095,10.36,10.74
FENC,2018-06-26,10.82,10.98,10.35,10.5
FENC,2018-06-27,10.58,10.58,10.07,10.24
FENC,2018-06-28,10.24,10.43,10.185,10.26
FENC,2018-06-29,10.33,10.47,10.19,10.44
FENC,2018-07-02,10.37,10.455,9.9005,10.19
FENC,2018-07-03,10.26,10.67,10.08,10.54
FENC,2018-07-05,10.61,10.95,10.45,10.83
FENC,2018-07-06,10.85,11.0,10.0705,10.35
FENC,2018-07-09,10.4174,10.4174,9.9892,10.08
FENC,2018-07-10,10.1,10.2,9.761,9.89
FENC,2018-07-11,9.82,9.99,9.45,9.59
FENC,2018-07-12,9.66,9.86,9.57,9.81
FENC,2018-07-13,9.76,9.8167,9.63,9.68
FENC,2018-07-16,9.66,9.66,9.26,9.39
FENC,2018-07-17,9.36,9.46,9.289,9.3
FENC,2018-07-18,9.35,9.4586,9.201,9.3
FENC,2018-07-19,9.32,9.37,9.1101,9.16
FENC,2018-07-20,9.2,9.35,9.2,9.21
FENC,2018-07-23,9.17,9.24,9.12,9.15
FENC,2018-07-24,9.18,9.18,8.821,8.99
FENC,2018-07-25,9.04,9.22,9.0,9.13
FENC,2018-07-26,9.18,9.49,9.18,9.26
FENC,2018-07-27,9.26,9.29,8.78,8.98
FENC,2018-07-30,9.0,9.4,8.92,9.28
FENC,2018-07-31,9.26,9.31,9.15,9.2
FENC,2018-08-01,9.15,9.43,9.11,9.34
FENC,2018-08-02,9.34,9.34,9.015,9.18
FENC,2018-08-03,9.2,9.2,8.9,9.03
FENC,2018-08-06,9.01,9.669,9.01,9.38
FENC,2018-08-07,9.8,9.94,9.35,9.81
FENC,2018-08-08,9.75,10.009,9.5,9.53
FENC,2018-08-09,9.51,10.0399,9.5,9.9
FENC,2018-08-10,9.9,10.21,9.85,10.01
FENC,2018-08-13,10.11,10.61,9.7929,10.44
FENC,2018-08-14,10.36,10.5499,10.29,10.42
FENC,2018-08-15,10.47,10.47,9.8,9.85
FENC,2018-08-16,9.9,10.29,9.78,9.94
FENC,2018-08-17,9.97,9.97,9.52,9.73
FENC,2018-08-20,9.78,9.78,9.56,9.61
FENC,2018-08-21,9.56,9.76,9.51,9.67
FENC,2018-08-22,9.68,10.19,9.59,10.02
FENC,2018-08-23,9.99,10.0799,9.3828,9.68
FENC,2018-08-24,9.69,9.87,9.54,9.79
FENC,2018-08-27,9.8,9.96,9.68,9.74
FENC,2018-08-28,9.8,9.8799,9.59,9.71
FENC,2018-08-29,9.8,9.85,9.59,9.72
FENC,2018-08-30,9.68,9.94,9.68,9.91
FENC,2018-08-31,9.94,9.99,9.35,9.52
FENC,2018-09-04,9.52,9.65,8.6,9.29
FENC,2018-09-05,9.26,9.5,8.8,8.98
FENC,2018-09-06,9.02,9.13,8.6,8.87
FENC,2018-09-07,8.89,8.9891,8.701,8.79
FENC,2018-09-10,8.86,8.86,8.459,8.61
FENC,2018-09-11,8.57,8.65,8.06,8.2
FENC,2018-09-12,8.15,8.17,7.82,7.95
FENC,2018-09-13,7.81,8.1,7.75,7.84
FENC,2018-09-14,7.7,8.57,7.69,8.4
FENC,2018-09-17,8.46,8.47,8.0,8.22
FENC,2018-09-18,8.17,8.74,8.17,8.3
FENC,2018-09-19,8.31,8.46,8.22,8.23
FENC,2018-09-20,8.25,8.4058,8.09,8.17
FENC,2018-09-21,8.16,8.3395,8.08,8.14
FENC,2018-09-24,8.16,8.41,7.9,8.18
FENC,2018-09-25,8.23,8.515,8.17,8.46
FENC,2018-09-26,8.46,8.47,8.24,8.24
FENC,2018-09-27,8.24,8.2599,8.02,8.13
FENC,2018-09-28,8.0802,8.21,8.0416,8.2
FENC,2018-10-01,8.22,8.461,7.99,8.01
FENC,2018-10-02,8.04,8.17,7.99,8.03
FENC,2018-10-03,8.08,8.5911,7.905,8.39
FENC,2018-10-04,8.48,8.5,8.12,8.19
FENC,2018-10-05,8.17,8.2301,7.8,7.91
FENC,2018-10-08,7.83,8.17,7.72,7.83
FENC,2018-10-09,7.87,8.03,7.8,7.83
FENC,2018-10-10,7.83,7.83,7.17,7.26
FENC,2018-10-11,7.37,8.015,7.35,7.71
FENC,2018-10-12,7.92,8.15,7.43,7.79
FENC,2018-10-15,7.79,7.79,7.64,7.73
FENC,2018-10-16,7.78,8.25,7.6892,7.86
FENC,2018-10-17,7.79,7.96,7.7,7.91
FENC,2018-10-18,8.0,8.0397,7.52,7.59
FENC,2018-10-19,7.6,7.765,7.45,7.47
FENC,2018-10-22,7.47,7.5184,7.06,7.4
FENC,2018-10-23,7.27,7.39,7.13,7.26
FENC,2018-10-24,7.29,7.35,6.92,6.94
FENC,2018-10-25,6.9628,7.28,6.88,7.23
FENC,2018-10-26,7.1,7.2793,6.975,7.11
FENC,2018-10-29,7.04,7.128,6.31,6.42
FENC,2018-10-30,6.38,7.0281,6.28,6.9
FENC,2018-10-31,6.97,7.3773,6.97,7.28
FENC,2018-11-01,7.28,7.56,7.28,7.46
FENC,2018-11-02,7.5,7.61,7.4,7.55
FENC,2018-11-05,7.6,7.7,7.31,7.52
FENC,2018-11-06,7.48,7.63,7.29,7.35
FENC,2018-11-07,7.35,7.65,7.0,7.56
FENC,2018-11-08,7.58,8.23,7.55,8.11
FENC,2018-11-09,8.12,8.23,7.5,7.61
FENC,2018-11-12,7.57,7.6006,7.05,7.09
FENC,2018-11-13,7.43,7.43,6.61,6.74
FENC,2018-11-14,6.91,6.91,5.9374,6.77
FENC,2018-11-15,6.76,7.5,6.615,7.42
FENC,2018-11-16,7.31,7.313,6.8,6.93
FENC,2018-11-19,6.82,7.0,6.55,6.71
FENC,2018-11-20,6.67,7.04,6.52,6.75
FENC,2018-11-21,6.95,6.97,6.848,6.92
FENC,2018-11-23,6.99,6.99,6.84,6.98
FENC,2018-11-26,7.0,7.0,6.6901,6.81
FENC,2018-11-27,6.72,6.848,6.61,6.65
FENC,2018-11-28,6.62,6.99,6.15,6.95
FENC,2018-11-29,6.97,6.97,6.73,6.77
FENC,2018-11-30,6.83,6.83,6.54,6.7
FENC,2018-12-03,6.79,6.81,6.3684,6.8
FENC,2018-12-04,6.8,6.84,6.6,6.69
FENC,2018-12-06,6.5,6.64,6.3293,6.61
FENC,2018-12-07,6.65,6.65,6.14,6.19
FENC,2018-12-10,6.17,6.23,5.9101,6.18
FENC,2018-12-11,6.25,6.26,5.84,6.05
FENC,2018-12-12,6.11,6.52,5.975,6.05
FENC,2018-12-13,6.1,6.1,5.5,6.0
FENC,2018-12-14,5.98,6.01,5.71,5.91
FENC,2018-12-17,5.81,6.01,5.6301,5.83
FENC,2018-12-18,5.85,5.86,5.54,5.66
FENC,2018-12-19,5.7,5.75,5.33,5.37
FENC,2018-12-20,5.75,6.45,5.5,6.43
FENC,2018-12-21,6.43,6.45,6.015,6.25
FENC,2018-12-24,6.2,6.4,6.075,6.15
FENC,2018-12-26,6.1,6.43,5.9647,6.11
FENC,2018-12-27,6.1,6.2,5.83,6.0
FENC,2018-12-28,6.02,6.32,5.9304,6.2
FENC,2018-12-31,6.26,6.45,6.04,6.38
FENC,2019-01-02,6.28,6.7173,6.28,6.52
FENC,2019-01-03,6.53,6.53,6.23,6.44
FENC,2019-01-04,6.49,6.88,6.4643,6.8
FENC,2019-01-07,6.85,7.38,6.85,7.14
FENC,2019-01-08,7.27,7.35,7.03,7.34
FENC,2019-01-09,7.44,7.44,7.01,7.12
FENC,2019-01-10,6.98,7.0899,6.95,7.0
FENC,2019-01-11,7.0,7.06,6.99,7.05
FENC,2019-01-14,6.99,7.17,6.99,6.99
FENC,2019-01-15,7.03,7.29,7.01,7.13
FENC,2019-01-16,7.21,7.33,7.02,7.15
FENC,2019-01-17,7.06,7.29,7.05,7.21
FENC,2019-01-18,7.2,7.21,6.97,6.98
FENC,2019-01-22,6.97,7.06,6.81,6.85
FENC,2019-01-23,6.88,6.92,6.68,6.72
FENC,2019-01-24,6.77,7.09,6.64,6.81
FENC,2019-01-25,6.922,6.922,6.68,6.79
FENC,2019-01-28,6.68,6.78,6.37,6.49
FENC,2019-01-29,6.46,6.74,6.41,6.48
FENC,2019-01-30,6.6476,6.6476,6.23,6.52
FENC,2019-01-31,6.46,6.79,6.43,6.69
FENC,2019-02-01,6.64,6.7,6.48,6.56
FENC,2019-02-04,6.64,6.9,6.64,6.83
FENC,2019-02-05,6.83,7.29,6.83,6.95
FENC,2019-02-06,7.0354,7.0354,6.8,6.83
FENC,2019-02-07,6.875,6.875,6.495,6.66
FENC,2019-02-08,6.69,7.02,6.55,6.99
FENC,2019-02-11,7.12,7.12,6.8849,7.08
FENC,2019-02-12,7.09,7.1633,6.985,7.0
FENC,2019-02-13,7.0,7.46,6.9395,7.43
FENC,2019-02-14,7.44,7.6,7.4,7.44
FENC,2019-02-15,7.51,7.64,7.35,7.58
FENC,2019-02-19,7.3868,7.6519,7.3868,7.49
FENC,2019-02-20,7.55,7.58,7.15,7.18
FENC,2019-02-21,7.281,7.281,7.0551,7.16
FENC,2019-02-22,7.0853,7.115,6.88,7.04
FENC,2019-02-25,7.15,7.281,7.05,7.09
FENC,2019-02-26,7.1,7.14,6.83,6.85
FENC,2019-02-27,6.82,6.87,6.68,6.73
FENC,2019-02-28,6.76,6.76,6.6,6.65
FENC,2019-03-01,6.5627,6.86,6.5627,6.83
FENC,2019-03-04,6.89,7.19,6.8286,6.98
FENC,2019-03-05,6.99,7.09,6.86,7.02
FENC,2019-03-06,7.08,7.08,6.67,6.68
FENC,2019-03-07,6.67,6.9059,6.5,6.55
FENC,2019-03-08,6.56,7.038,6.3,6.37
FENC,2019-03-11,6.4122,6.74,6.4122,6.68
FENC,2019-03-12,6.71,6.97,6.69,6.85
FENC,2019-03-13,6.64,6.64,5.85,6.01
FENC,2019-03-14,6.01,6.1,5.67,5.83
FENC,2019-03-15,5.83,5.93,5.71,5.81
FENC,2019-03-18,5.8,5.93,5.43,5.7
FENC,2019-03-19,5.6205,5.68,5.4301,5.54
FENC,2019-03-20,5.5,5.62,5.38,5.49
FENC,2019-03-21,5.35,5.49,5.29,5.39
FENC,2019-03-22,5.39,5.4,5.2,5.25
FENC,2019-03-25,5.25,5.2899,5.1,5.25
FENC,2019-03-26,5.1447,5.1702,4.68,4.72
FENC,2019-03-27,4.64,4.79,4.63,4.64
FENC,2019-03-28,4.62,4.91,4.61,4.87
FENC,2019-03-29,4.9763,4.99,4.76,4.85
FENC,2019-04-01,4.85,5.01,4.75,4.9
FENC,2019-04-02,5.09,5.25,4.85,5.09
FENC,2019-04-03,5.05,5.09,4.92,5.01
FENC,2019-04-04,5.01,5.065,4.8,4.83
FENC,2019-04-05,5.476,5.476,4.65,4.84
FENC,2019-04-08,4.9,5.2,4.8062,5.06
FENC,2019-04-09,4.98,5.09,4.87,4.9
FENC,2019-04-10,4.97,5.02,4.8757,4.93
FENC,2019-04-11,4.95,5.14,4.9,4.93
FENC,2019-04-12,4.97,5.06,4.85,4.86
FENC,2019-04-15,4.88,4.9,4.45,4.58
FENC,2019-04-16,4.59,4.6989,4.59,4.65
FENC,2019-04-17,4.67,4.74,4.56,4.72
FENC,2019-04-18,4.68,4.73,4.44,4.7
FENC,2019-04-22,4.45,4.88,4.42,4.46
FENC,2019-04-23,4.36,4.79,4.36,4.53
FENC,2019-04-24,4.54,4.65,4.3,4.5
FENC,2019-04-25,4.51,4.77,4.33,4.6
FENC,2019-04-26,4.5,4.57,4.35,4.49
FENC,2019-04-29,4.5,4.77,4.37,4.51
FENC,2019-04-30,4.51,4.5456,4.35,4.45
FENC,2019-05-01,4.35,4.59,4.35,4.49
FENC,2019-05-02,4.4686,4.6,4.35,4.41
FENC,2019-05-03,4.48,4.53,4.36,4.38
FENC,2019-05-06,4.35,4.56,4.35,4.42
FENC,2019-05-07,4.41,4.48,4.16,4.38
FENC,2019-05-08,4.3,4.46,4.1501,4.26
FENC,2019-05-09,4.22,4.35,4.15,4.28
FENC,2019-05-10,4.2,4.3595,4.09,4.17
FENC,2019-05-13,4.05,4.14,3.91,3.97
FENC,2019-05-14,4.04,4.24,4.01,4.23
FENC,2019-05-15,4.3,4.45,4.12,4.3
FENC,2019-05-16,4.2552,4.27,4.12,4.27
FENC,2019-05-17,4.21,4.21,4.01,4.05
FENC,2019-05-20,4.01,4.03,3.94,3.96
FENC,2019-05-21,4.01,4.34,3.97,4.07
FENC,2019-05-22,4.06,4.13,3.96,4.11
FENC,2019-05-23,4.12,4.12,3.85,3.92
FENC,2019-05-24,3.98,4.0,3.85,3.91
FENC,2019-05-28,3.88,4.0,3.85,3.95
FENC,2019-05-29,3.9,4.135,3.86,3.89
FENC,2019-05-30,3.86,3.95,3.69,3.73
FENC,2019-05-31,3.7,3.81,3.67,3.75
FENC,2019-06-03,3.7951,3.95,3.7,3.81
FENC,2019-06-04,3.86,3.97,3.71,3.79
FENC,2019-06-05,3.77,3.85,3.745,3.76
FENC,2019-06-06,3.8,3.8,3.6,3.64
FENC,2019-06-07,3.66,3.66,3.48,3.56
FENC,2019-06-10,3.59,3.99,3.57,3.68
FENC,2019-06-11,3.65,3.65,3.47,3.53
FENC,2019-06-12,3.53,3.546,3.255,3.3
FENC,2019-06-13,3.32,3.82,3.32,3.7
FENC,2019-06-14,3.74,4.2028,3.71,4.0
FENC,2019-06-17,4.06,4.08,3.72,4.0
FENC,2019-06-18,4.0891,4.53,4.045,4.26
FENC,2019-06-19,4.28,4.28,3.84,3.92
FENC,2019-06-20,4.1299,4.1299,3.82,3.98
FENC,2019-06-21,3.94,4.025,3.79,4.0
FENC,2019-06-24,4.08,4.09,3.87,3.91
FENC,2019-06-25,3.95,3.99,3.82,3.88
FENC,2019-06-26,3.92,3.92,3.67,3.72
FENC,2019-06-27,3.91,4.1458,3.83,3.83
FENC,2019-06-28,3.81,4.49,3.59,4.0
FENC,2019-07-01,4.2,4.4,3.75,3.9
FENC,2019-07-02,3.81,4.03,3.81,3.96
FENC,2019-07-03,3.96,4.0,3.92,3.97
FENC,2019-07-05,3.93,4.17,3.93,4.09
FENC,2019-07-08,4.0,4.0706,3.93,4.0
FENC,2019-07-09,4.03,4.09,3.97,4.03
FENC,2019-07-10,4.0,4.13,3.97,4.08
FENC,2019-07-11,4.15,4.35,4.0,4.14
FENC,2019-07-12,4.19,4.36,4.0225,4.25
FENC,2019-07-15,4.25,4.27,4.04,4.1
FENC,2019-07-16,4.01,4.14,3.95,4.0
FENC,2019-07-17,3.9689,4.05,3.88,3.92
FENC,2019-07-18,3.8494,3.95,3.8,3.85
FENC,2019-07-19,3.87,4.08,3.83,3.85
FENC,2019-07-22,3.81,4.14,3.75,4.04
FENC,2019-07-23,4.05,4.235,3.88,3.9747
FENC,2019-07-24,3.79,4.02,3.79,3.975
FENC,2019-07-25,3.8693,4.12,3.8693,4.09
FENC,2019-07-26,4.0004,4.11,3.93,4.04
FENC,2019-07-29,4.08,4.34,4.08,4.15
FENC,2019-07-30,4.21,4.5,4.05,4.43
FENC,2019-07-31,4.5576,4.905,4.4201,4.68
FENC,2019-08-01,4.65,4.94,4.5,4.71
FENC,2019-08-02,4.73,4.8,4.57,4.67
FENC,2019-08-05,4.5,4.5627,4.33,4.33
FENC,2019-08-06,4.34,4.65,4.34,4.41
FENC,2019-08-07,4.35,4.62,4.33,4.42
FENC,2019-08-08,4.42,4.9299,4.42,4.77
FENC,2019-08-09,4.8,4.82,4.51,4.7
FENC,2019-08-12,4.8784,4.8784,4.375,4.54
FENC,2019-08-13,4.5225,4.5527,4.33,4.5
FENC,2019-08-14,4.48,4.67,4.3,4.3
FENC,2019-08-15,4.31,4.4548,4.31,4.33
FENC,2019-08-16,4.36,4.49,4.305,4.35
FENC,2019-08-19,4.45,4.5534,4.3718,4.55
FENC,2019-08-20,4.5,4.5586,4.36,4.48
FENC,2019-08-21,4.5782,4.5782,4.36,4.44
FENC,2019-08-22,4.47,4.51,4.41,4.41
FENC,2019-08-23,4.3945,4.3945,3.91,4.07
FENC,2019-08-26,4.14,4.17,4.05,4.11
FENC,2019-08-27,4.1982,4.3,4.1982,4.25
FENC,2019-08-28,4.25,4.25,4.11,4.2
FENC,2019-08-29,4.3,4.35,4.3,4.32
FENC,2019-08-30,4.35,4.4632,4.3,4.3
FENC,2019-09-03,4.26,4.5,4.24,4.41
FENC,2019-09-04,4.54,4.59,4.35,4.51
FENC,2019-09-05,4.53,4.75,4.27,4.75
FENC,2019-09-06,4.64,4.74,4.4331,4.74
FENC,2019-09-09,4.62,4.66,4.49,4.66
FENC,2019-09-10,4.65,4.825,4.5,4.71
FENC,2019-09-11,4.6,5.01,4.6,4.77
FENC,2019-09-12,4.8522,4.8522,4.8,4.8
FENC,2019-09-13,4.81,4.98,4.75,4.87
FENC,2019-09-16,4.91,4.98,4.82,4.95
FENC,2019-09-17,5.0,5.0,4.83,4.94
FENC,2019-09-18,4.87,4.87,4.75,4.8
FENC,2019-09-19,4.8672,4.9,4.8206,4.9
FENC,2019-09-20,4.8473,4.9245,4.8473,4.89
FENC,2019-09-23,4.94,4.95,4.8,4.89
FENC,2019-09-24,4.85,5.0,4.83,4.83
FENC,2019-09-25,4.7665,4.94,4.7,4.92
FENC,2019-09-26,4.92,4.97,4.8,4.8087
FENC,2019-09-27,4.8,4.885,4.79,4.8
FENC,2019-09-30,4.8313,4.97,4.8,4.81
FENC,2019-10-01,4.83,4.85,4.45,4.45
FENC,2019-10-02,4.37,4.48,4.2,4.37
FENC,2019-10-03,4.379,4.63,4.37,4.45
FENC,2019-10-04,4.68,4.86,4.5794,4.65
FENC,2019-10-07,4.8052,4.87,4.71,4.74
FENC,2019-10-08,4.5735,4.92,4.25,4.25
FENC,2019-10-09,4.47,4.5,4.26,4.26
FENC,2019-10-10,4.27,4.75,4.25,4.29
FENC,2019-10-11,4.36,4.4891,4.2,4.32
FENC,2019-10-14,4.32,4.6073,4.3,4.41
FENC,2019-10-15,4.43,4.54,4.36,4.4
FENC,2019-10-16,4.5,4.75,4.48,4.61
FENC,2019-10-17,4.63,4.8522,4.37,4.37
FENC,2019-10-18,4.4,4.62,4.4,4.56
FENC,2019-10-21,4.61,4.82,4.48,4.56
FENC,2019-10-22,4.65,4.82,4.38,4.61
FENC,2019-10-23,4.5,4.73,4.5,4.57
FENC,2019-10-24,4.69,4.695,4.61,4.68
FENC,2019-10-25,4.65,4.99,4.6,4.9163
FENC,2019-10-28,4.95,5.32,4.9,5.13
FENC,2019-10-29,5.29,5.31,5.05,5.2107
FENC,2019-10-30,5.29,5.3019,5.05,5.1473
FENC,2019-10-31,5.29,5.5,5.0875,5.34
FENC,2019-11-01,5.4,5.49,5.26,5.391
FENC,2019-11-04,5.47,5.5996,5.3,5.31
FENC,2019-11-05,5.3873,5.575,5.3,5.44
FENC,2019-11-06,5.53,5.92,4.69,4.69
FENC,2019-11-07,4.91,5.4,4.72,5.05
FENC,2019-11-08,4.93,5.25,4.9,5.12
FENC,2019-11-11,5.44,5.7667,5.08,5.3485
FENC,2019-11-12,5.59,5.5997,5.21,5.24
FENC,2019-11-13,5.35,5.4599,5.24,5.24
FENC,2019-11-14,5.26,5.35,5.07,5.23
FENC,2019-11-15,5.1873,5.39,5.17,5.2958
FENC,2019-11-18,5.2461,5.2749,5.025,5.19
FENC,2019-11-19,5.1,5.3156,5.0965,5.23
FENC,2019-11-20,5.27,5.37,5.22,5.36
FENC,2019-11-21,5.43,5.96,5.34,5.81
FENC,2019-11-22,5.86,5.87,5.62,5.82
FENC,2019-11-25,5.75,6.2061,5.5728,5.81
FENC,2019-11-26,5.85,6.13,5.7687,5.91
FENC,2019-11-27,5.97,6.05,5.85,5.85
FENC,2019-11-29,5.81,6.28,5.8,6.261
FENC,2019-12-02,6.42,6.68,6.07,6.2405
FENC,2019-12-03,6.46,6.46,6.0,6.01
FENC,2019-12-04,6.13,6.49,6.04,6.04
FENC,2019-12-05,6.01,6.3393,6.01,6.274
FENC,2019-12-06,6.39,6.395,6.22,6.34
FENC,2019-12-09,6.43,6.4499,6.14,6.23
FENC,2019-12-10,6.22,6.3,6.0911,6.2036
FENC,2019-12-11,6.13,6.2621,6.05,6.1
FENC,2019-12-12,6.1,6.24,6.05,6.2151
FENC,2019-12-13,6.2,6.28,6.0,6.0999
FENC,2019-12-16,6.1,6.29,6.01,6.07
FENC,2019-12-17,6.15,6.2411,5.92,6.08
FENC,2019-12-18,5.9,6.207,5.88,5.945
FENC,2019-12-19,5.93,6.1336,5.84,6.04
FENC,2019-12-20,5.99,6.12,5.77,5.91
FENC,2019-12-23,5.91,6.12,5.8,5.91
FENC,2019-12-24,5.96,6.15,5.9195,6.13
FENC,2019-12-26,6.27,6.33,6.0721,6.12
FENC,2019-12-27,6.25,6.31,6.1,6.225
FENC,2019-12-30,6.25,6.29,6.21,6.25
FENC,2019-12-31,6.29,6.685,6.2628,6.49
FENC,2020-01-02,6.62,6.787,6.39,6.48
FENC,2020-01-03,6.53,6.6295,6.5,6.56
FENC,2020-01-06,6.55,6.66,6.3817,6.47
FENC,2020-01-07,6.3,6.46,6.2559,6.39
FENC,2020-01-08,6.13,6.44,6.1,6.38
FENC,2020-01-09,6.4,6.59,6.4,6.4807
FENC,2020-01-10,6.8165,7.13,6.61,6.9825
FENC,2020-01-13,7.25,8.4,6.8733,6.88
FENC,2020-01-14,6.89,7.08,6.57,6.92
FENC,2020-01-15,6.92,6.92,6.6,6.65
FENC,2020-01-16,6.63,6.7303,6.4,6.43
FENC,2020-01-17,6.43,6.51,6.07,6.18
FENC,2020-01-21,6.01,6.39,6.01,6.21
FENC,2020-01-22,6.3633,6.3633,6.1,6.15
FENC,2020-01-23,6.0501,6.4473,6.05,6.21
FENC,2020-01-24,6.4399,6.44,6.1,6.12
FENC,2020-01-27,6.01,6.21,5.76,6.11
FENC,2020-01-28,6.1305,6.25,6.1,6.25
FENC,2020-01-29,6.25,6.28,6.1101,6.23
FENC,2020-01-30,6.23,6.49,6.18,6.38
FENC,2020-01-31,6.68,6.7399,6.46,6.66
FENC,2020-02-03,6.59,6.7,6.51,6.53
FENC,2020-02-04,6.52,6.66,6.51,6.59
FENC,2020-02-05,6.6528,6.695,6.52,6.69
FENC,2020-02-06,6.67,6.69,6.5362,6.6
FENC,2020-02-07,6.49,6.61,6.45,6.61
FENC,2020-02-10,6.62,6.7,6.5,6.65
FENC,2020-02-11,7.26,7.48,6.9676,7.17
FENC,2020-02-12,7.2,7.315,6.9847,7.19
FENC,2020-02-13,7.44,7.6,7.14,7.55
FENC,2020-02-14,7.36,7.94,7.36,7.82
FENC,2020-02-18,7.8001,8.03,7.55,7.95
FENC,2020-02-19,7.98,8.2,7.64,8.015
FENC,2020-02-20,8.12,8.12,7.61,8.1
FENC,2020-02-21,8.11,8.11,7.5,7.64
FENC,2020-02-24,7.3,7.54,6.97,7.1
FENC,2020-02-25,7.2,7.2,6.82,6.98
FENC,2020-02-26,6.94,6.95,6.495,6.65
FENC,2020-02-27,6.47,6.95,6.3255,6.835
FENC,2020-02-28,6.69,6.93,6.69,6.8535
FENC,2020-03-02,6.94,6.98,6.71,6.94
FENC,2020-03-03,6.99,7.3,6.26,6.97
FENC,2020-03-04,6.9,7.17,6.695,7.17
FENC,2020-03-05,7.01,7.57,7.0,7.57
FENC,2020-03-06,7.91,7.93,7.01,7.5
FENC,2020-03-09,7.22,7.22,6.62,6.81
FENC,2020-03-10,6.81,6.88,6.33,6.755
FENC,2020-03-11,6.51,7.274,6.15,6.63
FENC,2020-03-12,6.24,6.24,5.38,5.6
FENC,2020-03-13,5.7,5.87,5.33,5.84
FENC,2020-03-16,5.42,5.6001,4.93,5.0
FENC,2020-03-17,5.5,5.63,4.9696,5.32
FENC,2020-03-18,5.0,5.22,4.6501,4.89
FENC,2020-03-19,4.89,5.65,4.82,5.6
FENC,2020-03-20,5.92,5.92,5.05,5.38
FENC,2020-03-23,5.34,5.34,4.9245,5.26
FENC,2020-03-24,5.43,5.67,5.3,5.66
FENC,2020-03-25,5.658,5.94,5.48,5.72
FENC,2020-03-26,5.65,5.89,5.62,5.62
FENC,2020-03-27,5.94,5.94,5.51,5.79
FENC,2020-03-30,5.86,5.86,5.5396,5.76
FENC,2020-03-31,5.83,5.96,5.65,5.94
FENC,2020-04-01,5.65,5.6546,5.28,5.49
FENC,2020-04-02,5.58,5.9,5.34,5.43
FENC,2020-04-03,5.28,5.85,5.18,5.46
FENC,2020-04-06,5.34,7.25,5.2921,6.64
FENC,2020-04-07,6.96,6.96,6.03,6.16
FENC,2020-04-08,6.2267,6.6,6.205,6.35
FENC,2020-04-09,6.39,6.6861,6.25,6.46
FENC,2020-04-13,6.85,7.45,6.57,7.23
FENC,2020-04-14,7.56,7.99,6.95,6.95
FENC,2020-04-15,7.0,7.3562,6.34,6.34
FENC,2020-04-16,6.5,6.93,6.5,6.83
FENC,2020-04-17,7.0,7.15,6.91,6.99
FENC,2020-04-20,7.0,7.29,6.9,7.18
FENC,2020-04-21,7.0,7.2,6.75,7.14
FENC,2020-04-22,7.02,7.54,6.945,7.31
FENC,2020-04-23,7.77,7.78,7.34,7.49
FENC,2020-04-24,7.42,7.69,7.18,7.58
FENC,2020-04-27,7.64,7.6979,7.2,7.2
FENC,2020-04-28,7.29,7.47,6.85,7.01
FENC,2020-04-29,7.4,7.48,7.0166,7.23
FENC,2020-04-30,6.1,6.395,5.95,6.25
FENC,2020-05-01,6.23,6.565,6.17,6.32
FENC,2020-05-04,6.35,6.6,6.2,6.51
FENC,2020-05-05,6.6,6.91,6.44,6.5
FENC,2020-05-06,6.49,6.5669,6.2,6.35
FENC,2020-05-07,6.59,6.96,6.45,6.7
FENC,2020-05-08,7.04,7.04,6.48,6.64
FENC,2020-05-11,6.63,7.47,6.5,7.2
FENC,2020-05-12,7.24,7.97,7.14,7.4
FENC,2020-05-13,7.45,7.635,6.9101,7.07
FENC,2020-05-14,7.33,7.46,6.66,6.93
FENC,2020-05-15,7.24,7.58,7.14,7.34
FENC,2020-05-18,7.56,7.8,7.39,7.46
FENC,2020-05-19,7.41,7.5,7.25,7.4
FENC,2020-05-20,7.48,7.48,7.23,7.26
FENC,2020-05-21,7.22,7.485,7.2,7.25
FENC,2020-05-22,7.29,7.61,7.21,7.46
FENC,2020-05-26,7.62,7.74,7.435,7.58
FENC,2020-05-27,7.62,7.65,7.25,7.46
FENC,2020-05-28,7.47,7.54,7.25,7.32
FENC,2020-05-29,7.29,7.49,7.25,7.4
FENC,2020-06-01,7.39,7.75,7.29,7.29
FENC,2020-06-02,7.33,7.565,7.26,7.39
FENC,2020-06-03,7.51,7.53,7.36,7.5
FENC,2020-06-04,7.5,7.7545,7.3,7.55
FENC,2020-06-05,8.06,8.85,7.7817,8.33
FENC,2020-06-08,8.5,8.86,8.0,8.03
FENC,2020-06-09,8.0,8.27,7.85,7.99
FENC,2020-06-10,7.93,8.23,7.76,8.01
FENC,2020-06-11,7.79,7.98,7.6,7.69
FENC,2020-06-12,7.89,8.54,7.89,8.39
FENC,2020-06-15,8.44,8.96,8.44,8.825
FENC,2020-06-16,8.99,9.08,8.7,9.01
FENC,2020-06-17,9.17,9.2,8.91,9.2
FENC,2020-06-18,9.22,9.71,9.07,9.38
FENC,2020-06-19,9.6,9.7,8.88,9.1
FENC,2020-06-22,9.17,9.39,8.94,9.13
FENC,2020-06-23,9.48,9.48,9.1,9.19
FENC,2020-06-24,9.19,9.475,8.83,9.22
FENC,2020-06-25,9.27,9.75,9.22,9.39
FENC,2020-06-26,9.51,9.5999,8.95,9.11
FENC,2020-06-29,9.12,9.14,8.1,8.18
FENC,2020-06-30,8.19,8.6,8.03,8.35
FENC,2020-07-01,8.32,8.445,7.93,8.09
FENC,2020-07-02,8.03,8.3,7.87,8.22
FENC,2020-07-06,8.33,8.37,7.86,8.32
FENC,2020-07-07,8.35,8.51,7.87,8.06
FENC,2020-07-08,8.09,8.53,7.95,8.5
FENC,2020-07-09,8.48,8.5999,8.09,8.19
FENC,2020-07-10,8.2,8.4,8.065,8.27
FENC,2020-07-13,8.37,8.61,8.2,8.23
FENC,2020-07-14,8.21,8.55,7.94,8.48
FENC,2020-07-15,8.63,9.49,8.46,9.04
FENC,2020-07-16,9.21,9.49,9.06,9.42
FENC,2020-07-17,9.49,9.6999,9.18,9.34
FENC,2020-07-20,9.44,9.589,9.0518,9.16
FENC,2020-07-21,9.3,9.3,8.81,8.89
FENC,2020-07-22,8.84,8.97,8.65,8.89
FENC,2020-07-23,8.91,9.025,8.64,8.76
FENC,2020-07-24,8.76,8.875,8.51,8.68
FENC,2020-07-27,8.69,8.99,8.63,8.84
FENC,2020-07-28,8.82,8.9,8.63,8.67
FENC,2020-07-29,8.68,8.76,8.0301,8.17
FENC,2020-07-30,8.24,8.89,8.2102,8.33
FENC,2020-07-31,8.54,8.68,8.2825,8.445
FENC,2020-08-03,8.62,8.99,8.57,8.8
FENC,2020-08-04,8.85,9.02,8.84,9.0
FENC,2020-08-05,9.0,9.1,8.51,8.74
FENC,2020-08-06,8.84,9.04,8.55,8.67
FENC,2020-08-07,8.7,9.09,8.56,9.01
FENC,2020-08-10,9.46,10.67,9.33,10.17
FENC,2020-08-11,6.5,6.99,6.16,6.66
FENC,2020-08-12,6.72,6.98,5.93,6.17
FENC,2020-08-13,6.17,6.22,5.62,5.67
FENC,2020-08-14,5.76,5.8,5.39,5.67
FENC,2020-08-17,5.68,5.89,5.62,5.83
FENC,2020-08-18,5.8,6.16,5.63,5.93
FENC,2020-08-19,5.9,5.96,5.697,5.83
FENC,2020-08-20,5.8,5.86,5.64,5.66
FENC,2020-08-21,5.63,5.64,5.36,5.59
FENC,2020-08-24,5.56,5.65,5.19,5.32
FENC,2020-08-25,5.3,5.37,5.1204,5.23
FENC,2020-08-26,5.25,5.73,5.19,5.7
FENC,2020-08-27,5.6,5.77,5.32,5.56
FENC,2020-08-28,5.56,5.6538,5.38,5.46
FENC,2020-08-31,5.46,5.59,5.33,5.48
FENC,2020-09-01,5.5,5.59,5.3,5.36
FENC,2020-09-02,5.33,5.43,5.0801,5.42
FENC,2020-09-03,5.4,5.55,5.17,5.25
FENC,2020-09-04,5.26,5.32,4.8,5.19
FENC,2020-09-08,5.08,5.42,5.0,5.31
FENC,2020-09-09,5.33,5.89,5.33,5.84
FENC,2020-09-10,5.83,5.97,5.6097,5.71
FENC,2020-09-11,5.76,5.81,5.26,5.42
FENC,2020-09-14,5.52,5.88,5.45,5.82
FENC,2020-09-15,5.88,6.27,5.8102,6.1
FENC,2020-09-16,6.13,6.29,6.05,6.21
FENC,2020-09-17,6.08,6.28,6.03,6.16
FENC,2020-09-18,6.24,6.59,6.19,6.56
FENC,2020-09-21,6.48,6.57,6.12,6.38
FENC,2020-09-22,6.33,6.38,6.01,6.08
FENC,2020-09-23,6.09,6.16,5.79,5.82
FENC,2020-09-24,5.86,5.94,5.63,5.78
FENC,2020-09-25,5.78,5.9107,5.64,5.73
FENC,2020-09-28,5.74,5.89,5.57,5.84
FENC,2020-09-29,5.87,6.027,5.69,5.97
FENC,2020-09-30,6.0,6.08,5.79,6.06
FENC,2020-10-01,6.1,6.3516,6.06,6.25
FENC,2020-10-02,6.19,6.3278,5.935,5.99
FENC,2020-10-05,6.08,6.8,6.08,6.72
FENC,2020-10-06,6.82,7.15,6.71,7.045
FENC,2020-10-07,7.07,7.56,7.01,7.5
FENC,2020-10-08,7.55,8.18,7.52,8.09
FENC,2020-10-09,8.1,8.17,7.55,7.59
FENC,2020-10-12,7.65,7.72,7.3901,7.47
FENC,2020-10-13,7.4,7.61,7.3,7.4
FENC,2020-10-14,7.45,7.68,7.2215,7.34
FENC,2020-10-15,7.23,7.75,7.07,7.59
FENC,2020-10-16,7.54,7.73,7.54,7.62
FENC,2020-10-19,7.66,7.7204,7.22,7.25
FENC,2020-10-20,7.35,7.41,7.07,7.3
FENC,2020-10-21,7.28,7.3779,7.17,7.3
FENC,2020-10-22,7.21,7.745,7.17,7.66
FENC,2020-10-23,7.7,7.78,7.67,7.71
FENC,2020-10-26,7.69,7.79,7.21,7.34
FENC,2020-10-27,7.34,8.11,7.24,8.05
FENC,2020-10-28,7.91,7.91,7.33,7.38
FENC,2020-10-29,7.28,7.835,7.13,7.72
FENC,2020-10-30,7.7792,7.7792,7.28,7.56
FENC,2020-11-02,7.43,7.52,6.86,7.33
FENC,2020-11-03,7.43,8.02,7.4,7.9
FENC,2020-11-04,7.86,8.2,7.75,8.03
FENC,2020-11-05,7.9,8.05,7.66,7.99
FENC,2020-11-06,8.03,8.03,7.46,7.47
FENC,2020-11-09,7.63,8.25,7.51,8.05
FENC,2020-11-10,8.05,8.275,7.77,8.01
FENC,2020-11-11,8.09,8.4165,7.91,8.35
FENC,2020-11-12,8.47,8.47,8.02,8.22
FENC,2020-11-13,8.22,8.68,8.1,8.55
FENC,2020-11-16,8.69,8.75,7.81,8.2
FENC,2020-11-17,8.19,8.19,7.89,8.09
FENC,2020-11-18,8.09,8.15,7.9,7.92
FENC,2020-11-19,7.89,8.11,7.72,8.0
FENC,2020-11-20,7.93,8.01,7.82,7.96
FENC,2020-11-23,7.9,7.93,7.65,7.76
FENC,2020-11-24,7.81,7.81,7.54,7.64
FENC,2020-11-25,7.63,7.94,7.53,7.88
FENC,2020-11-27,7.8,7.8,7.713,7.74
FENC,2020-11-30,7.74,7.9,7.74,7.82
FENC,2020-12-01,7.943,7.95,7.77,7.83
FENC,2020-12-02,7.76,7.8,7.5,7.74
FENC,2020-12-03,7.6827,8.06,7.6827,7.85
FENC,2020-12-04,7.92,8.1,7.78,8.05
FENC,2020-12-07,8.04,8.3,7.94,8.08
FENC,2020-12-08,7.98,8.36,7.97,8.19
FENC,2020-12-09,8.31,8.31,7.66,7.72
FENC,2020-12-10,7.65,7.84,6.65,7.69
FENC,2020-12-11,7.67,7.67,7.56,7.61
FENC,2020-12-14,7.65,7.8,7.41,7.575
FENC,2020-12-15,7.71,7.86,7.47,7.73
FENC,2020-12-16,7.76,7.87,7.33,7.33
FENC,2020-12-17,7.44,7.51,7.29,7.42
FENC,2020-12-18,7.49,7.54,7.28,7.48
FENC,2020-12-21,7.23,7.504,7.2205,7.42
FENC,2020-12-22,7.48,7.55,7.3,7.34
FENC,2020-12-23,7.33,7.51,7.26,7.32
FENC,2020-12-24,7.32,7.33,6.52,7.16
FENC,2020-12-28,7.23,7.5,7.17,7.38
FENC,2020-12-29,7.31,7.46,6.97,7.09
FENC,2020-12-30,7.05,7.3628,7.05,7.14
FENC,2020-12-31,7.16,7.55,7.11,7.45
FENC,2021-01-04,7.49,7.55,7.25,7.46
FENC,2021-01-05,7.45,7.555,7.37,7.5
FENC,2021-01-06,7.5,7.61,7.07,7.33
FENC,2021-01-07,7.33,7.55,7.33,7.5
FENC,2021-01-08,7.5,7.57,7.23,7.49
FENC,2021-01-11,7.22,7.5,7.11,7.34
FENC,2021-01-12,7.32,7.49,7.28,7.44
FENC,2021-01-13,7.47,7.94,7.43,7.55
FENC,2021-01-14,7.57,7.725,7.37,7.39
FENC,2021-01-15,7.44,7.57,7.25,7.43
FENC,2021-01-19,7.54,7.95,7.47,7.91
FENC,2021-01-20,7.89,8.0,7.62,7.64
FENC,2021-01-21,7.7,7.88,7.57,7.81
FENC,2021-01-22,7.71,8.19,7.71,8.16
FENC,2021-01-25,8.14,8.19,7.86,8.09
FENC,2021-01-26,8.0,8.07,7.57,7.68
FENC,2021-01-27,7.53,7.83,7.3,7.43
FENC,2021-01-28,7.55,7.55,7.11,7.36
FENC,2021-01-29,7.32,7.49,7.05,7.2
FENC,2021-02-01,7.2,7.31,7.14,7.29
FENC,2021-02-02,7.38,7.58,7.27,7.53
FENC,2021-02-03,7.45,7.81,7.45,7.81
FENC,2021-02-04,7.84,8.0,7.8,7.97
FENC,2021-02-05,8.04,8.19,7.88,8.18
FENC,2021-02-08,8.19,8.64,8.19,8.59
FENC,2021-02-09,8.46,8.8249,8.4012,8.68
FENC,2021-02-10,8.61,8.84,8.35,8.55
FENC,2021-02-11,8.65,8.73,8.24,8.37
FENC,2021-02-12,8.2,8.33,7.96,8.05
FENC,2021-02-16,8.0,8.2382,7.9101,8.04
FENC,2021-02-17,7.98,8.32,7.9156,8.25
FENC,2021-02-18,8.23,8.23,7.8,7.8
FENC,2021-02-19,7.77,8.14,7.77,8.08
FENC,2021-02-22,8.05,8.36,7.84,8.31
FENC,2021-02-23,8.13,8.25,7.85,7.94
FENC,2021-02-24,7.95,8.23,7.84,7.9
FENC,2021-02-25,7.87,8.02,7.44,7.64
FENC,2021-02-26,7.64,7.69,7.27,7.32
FENC,2021-03-01,7.44,7.49,7.1002,7.47
FENC,2021-03-02,7.45,7.5,7.31,7.33
FENC,2021-03-03,7.33,7.84,7.2,7.66
FENC,2021-03-04,7.26,7.46,6.82,7.18
FENC,2021-03-05,6.96,7.505,6.73,7.335
FENC,2021-03-08,7.46,7.51,7.1,7.28
FENC,2021-03-09,7.38,7.62,7.3232,7.46
FENC,2021-03-10,7.6,7.7,7.41,7.49
FENC,2021-03-11,7.59,8.02,7.53,7.6
FENC,2021-03-12,7.57,7.86,7.5,7.7
FENC,2021-03-15,7.65,7.67,7.445,7.62
FENC,2021-03-16,7.63,7.73,7.4,7.65
FENC,2021-03-17,7.61,7.61,7.45,7.48
FENC,2021-03-18,7.46,7.6033,7.23,7.23
FENC,2021-03-19,7.23,7.3,7.09,7.12
FENC,2021-03-22,7.09,7.2657,6.9,6.94
FENC,2021-03-23,7.31,7.31,6.5,6.605
FENC,2021-03-24,6.67,6.8487,6.29,6.38
FENC,2021-03-25,6.36,6.6,6.26,6.6
FENC,2021-03-26,6.68,6.7,6.18,6.22
FENC,2021-03-29,6.19,6.39,5.9,6.21
FENC,2021-03-30,6.505,6.62,6.21,6.45
FENC,2021-03-31,6.48,6.565,6.16,6.21
FENC,2021-04-01,6.22,6.33,6.16,6.265
FENC,2021-04-05,6.32,6.32,5.95,5.99
FENC,2021-04-06,5.99,6.97,5.93,6.93
FENC,2021-04-07,6.96,6.96,6.31,6.41
FENC,2021-04-08,6.39,6.53,6.11,6.42
FENC,2021-04-09,6.41,6.43,6.1701,6.28
FENC,2021-04-12,6.21,6.3,5.9,6.11
FENC,2021-04-13,6.1,6.41,5.96,6.32
FENC,2021-04-14,6.33,6.59,6.21,6.45
FENC,2021-04-15,6.53,6.53,6.37,6.43
FENC,2021-04-16,6.51,6.54,6.14,6.27
FENC,2021-04-19,6.51,6.55,6.18,6.26
FENC,2021-04-20,6.28,6.38,5.97,6.22
FENC,2021-04-21,6.42,6.95,6.22,6.91
FENC,2021-04-22,6.97,6.99,6.62,6.88
FENC,2021-04-23,6.89,7.0,6.79,6.86
FENC,2021-04-26,6.635,7.13,6.635,7.03
FENC,2021-04-27,7.08,7.08,6.65,6.87
FENC,2021-04-28,6.8,6.83,6.56,6.68
FENC,2021-04-29,6.72,6.85,6.46,6.5
FENC,2021-04-30,6.48,6.52,6.18,6.25
FENC,2021-05-03,6.28,6.48,6.115,6.2
FENC,2021-05-04,6.2,6.2199,5.96,5.96
FENC,2021-05-05,6.01,6.24,5.95,6.18
FENC,2021-05-06,6.2,6.2,5.83,6.11
FENC,2021-05-07,6.1,6.265,5.96,6.17
FENC,2021-05-10,6.16,6.16,5.92,5.98
FENC,2021-05-11,5.84,6.21,5.8,6.07
FENC,2021-05-12,6.07,6.16,5.89,5.98
FENC,2021-05-13,5.98,6.23,5.9254,6.2
FENC,2021-05-14,6.2,6.56,6.08,6.31
FENC,2021-05-17,6.24,6.43,6.23,6.32
FENC,2021-05-18,6.34,6.68,6.34,6.56
FENC,2021-05-19,6.655,6.72,6.4501,6.65
FENC,2021-05-20,6.64,6.8536,6.58,6.77
FENC,2021-05-21,6.88,6.9,6.64,6.78
FENC,2021-05-24,6.8,6.91,6.68,6.72
FENC,2021-05-25,6.75,6.85,6.6,6.61
FENC,2021-05-26,6.68,6.98,6.5301,6.87
FENC,2021-05-27,6.93,7.0,6.75,6.91
FENC,2021-05-28,7.06,7.63,7.05,7.37
FENC,2021-06-01,7.78,7.78,7.4701,7.53
FENC,2021-06-02,7.58,7.58,7.35,7.46
FENC,2021-06-03,6.92,7.49,6.85,7.39
FENC,2021-06-04,7.45,7.5,7.4,7.47
FENC,2021-06-07,7.44,7.47,6.73,7.08
FENC,2021-06-08,7.11,7.24,6.93,6.97
FENC,2021-06-09,6.98,7.07,6.94,7.05
FENC,2021-06-10,7.07,7.07,6.83,6.88
FENC,2021-06-11,6.87,6.93,6.67,6.77
FENC,2021-06-14,6.8,6.94,6.65,6.69
FENC,2021-06-15,6.7,6.77,6.55,6.62
FENC,2021-06-16,6.6,6.76,6.46,6.57
FENC,2021-06-17,6.54,6.73,6.54,6.65
FENC,2021-06-18,6.54,6.7,6.32,6.53
FENC,2021-06-21,6.55,6.79,6.46,6.63
FENC,2021-06-22,6.9,7.05,6.63,6.97
FENC,2021-06-23,6.95,7.0,6.6,6.78
FENC,2021-06-24,7.145,7.325,6.65,7.29
FENC,2021-06-25,7.22,7.64,6.984,7.39
FENC,2021-06-28,7.46,7.94,7.2701,7.85
FENC,2021-06-29,7.8,7.82,7.48,7.52
FENC,2021-06-30,7.53,7.53,7.23,7.29
FENC,2021-07-01,7.25,7.34,7.0801,7.31
FENC,2021-07-02,7.33,7.42,7.04,7.2
FENC,2021-07-06,7.23,7.29,6.96,6.97
FENC,2021-07-07,6.99,7.0,6.56,6.63
FENC,2021-07-08,6.53,6.74,6.46,6.55
FENC,2021-07-09,6.56,6.67,6.54,6.63
FENC,2021-07-12,6.57,6.84,6.47,6.52
FENC,2021-07-13,6.55,6.9,6.5,6.84
FENC,2021-07-14,6.975,6.975,6.63,6.67
FENC,2021-07-15,6.6569,6.7,6.395,6.61
FENC,2021-07-16,6.48,6.68,6.48,6.58
FENC,2021-07-19,6.52,6.6699,6.48,6.54
FENC,2021-07-20,6.51,6.64,6.45,6.61
FENC,2021-07-21,6.61,6.9699,6.61,6.8
FENC,2021-07-22,6.85,6.94,6.58,6.71
FENC,2021-07-23,6.975,6.975,6.46,6.58
FENC,2021-07-26,6.58,6.66,6.45,6.54
FENC,2021-07-27,6.51,6.67,6.47,6.62
FENC,2021-07-28,6.64,6.7,6.5,6.61
FENC,2021-07-29,6.6,6.68,6.51,6.54
FENC,2021-07-30,6.54,6.57,6.45,6.51
FENC,2021-08-02,6.62,6.8132,6.55,6.7
FENC,2021-08-03,6.7,6.7,6.51,6.62
FENC,2021-08-04,6.55,6.69,6.5,6.61
FENC,2021-08-05,6.61,7.0,6.5672,6.88
FENC,2021-08-06,6.87,6.87,6.7,6.81
FENC,2021-08-09,6.75,7.08,6.7,6.97
FENC,2021-08-10,6.99,6.99,6.83,6.99
FENC,2021-08-11,7.05,7.34,6.93,7.34
FENC,2021-08-12,7.34,7.4,7.05,7.14
FENC,2021-08-13,7.16,7.255,7.0701,7.13
FENC,2021-08-16,7.15,7.2,6.9,6.97
FENC,2021-08-17,6.88,7.1,6.78,6.9
FENC,2021-08-18,6.84,7.08,6.82,6.88
FENC,2021-08-19,6.84,6.8999,6.7494,6.82
FENC,2021-08-20,6.8,7.03,6.8,6.97
FENC,2021-08-23,7.0,7.67,6.9625,7.54
FENC,2021-08-24,7.6,7.73,7.315,7.72
FENC,2021-08-25,7.6241,8.12,7.6241,7.99
FENC,2021-08-26,8.02,8.19,7.785,7.97
FENC,2021-08-27,7.99,8.21,7.6215,8.15
FENC,2021-08-30,8.0,8.12,7.77,7.86
FENC,2021-08-31,7.91,8.1177,7.81,7.92
FENC,2021-09-01,7.85,7.97,7.76,7.86
FENC,2021-09-02,7.86,8.22,7.86,8.05
FENC,2021-09-03,7.99,8.0,7.8,7.94
FENC,2021-09-07,7.99,8.14,7.8697,8.04
FENC,2021-09-08,8.0,8.0,7.85,7.88
FENC,2021-09-09,8.0,8.0,7.86,7.93
FENC,2021-09-10,7.93,8.23,7.87,8.19
FENC,2021-09-13,8.18,8.75,8.115,8.68
FENC,2021-09-14,8.3018,8.74,8.21,8.22
FENC,2021-09-15,8.28,8.77,8.21,8.64
FENC,2021-09-16,8.61,8.71,8.5,8.52
FENC,2021-09-17,8.57,8.67,8.386,8.46
FENC,2021-09-20,8.3,8.64,8.14,8.5
FENC,2021-09-21,8.62,8.7342,8.2,8.61
FENC,2021-09-22,8.74,8.79,8.6139,8.73
FENC,2021-09-23,8.79,9.5,8.79,9.4
FENC,2021-09-24,9.31,9.55,8.96,9.39
FENC,2021-09-27,9.4,9.4,9.3,9.35
FENC,2021-09-28,9.36,9.83,9.3454,9.62
FENC,2021-09-29,9.69,9.72,9.17,9.28
FENC,2021-09-30,9.35,9.5,9.05,9.42
FENC,2021-10-01,9.43,9.4734,9.15,9.32
FENC,2021-10-04,9.26,9.37,9.09,9.11
FENC,2021-10-05,9.16,9.44,9.095,9.41
FENC,2021-10-06,9.33,9.45,9.1805,9.36
FENC,2021-10-07,9.32,9.48,9.18,9.18
FENC,2021-10-08,9.23,9.4,9.0601,9.28
FENC,2021-10-11,9.3158,9.44,9.25,9.29
FENC,2021-10-12,9.36,9.48,9.2792,9.48
FENC,2021-10-13,9.45,9.6,9.26,9.36
FENC,2021-10-14,9.35,9.49,9.24,9.35
FENC,2021-10-15,9.36,9.4515,9.05,9.19
FENC,2021-10-18,8.54,9.1918,8.5,8.74
FENC,2021-10-19,8.67,8.95,8.66,8.89
FENC,2021-10-20,8.9,9.05,8.74,9.05
FENC,2021-10-21,9.05,9.05,8.79,8.79
FENC,2021-10-22,8.815,8.84,8.7173,8.76
FENC,2021-10-25,8.76,8.999,8.68,8.88
FENC,2021-10-26,8.7338,9.175,8.7338,9.15
FENC,2021-10-27,9.18,9.2,8.91,9.05
FENC,2021-10-28,9.03,9.03,8.79,8.97
FENC,2021-10-29,9.0,9.42,9.0,9.26
FENC,2021-11-01,9.25,9.75,9.0352,9.49
FENC,2021-11-02,9.53,9.74,9.33,9.74
FENC,2021-11-03,9.7,9.7,9.4,9.58
FENC,2021-11-04,9.55,9.6,9.22,9.31
FENC,2021-11-05,9.38,9.48,9.2,9.35
FENC,2021-11-08,9.32,9.4369,9.28,9.31
FENC,2021-11-09,9.4,9.45,9.21,9.37
FENC,2021-11-10,9.37,9.58,9.2,9.28
FENC,2021-11-11,9.34,9.43,9.21,9.35
FENC,2021-11-12,9.3,10.0781,9.29,9.53
FENC,2021-11-15,9.63,9.82,9.5147,9.65
FENC,2021-11-16,9.65,9.8399,9.59,9.71
FENC,2021-11-17,9.74,9.85,9.61,9.75
FENC,2021-11-18,9.89,9.95,9.75,9.85
FENC,2021-11-19,9.85,9.885,9.71,9.825
FENC,2021-11-22,9.93,10.01,9.715,10.01
FENC,2021-11-23,10.05,10.05,9.34,9.74
FENC,2021-11-24,9.8,9.94,9.49,9.85
FENC,2021-11-26,9.83,9.94,9.28,9.64
FENC,2021-11-29,4.94,5.2,4.69,4.78
FENC,2021-11-30,4.3938,4.59,4.2,4.39
FENC,2021-12-01,4.44,4.44,3.8219,3.89
FENC,2021-12-02,3.95,4.315,3.89,4.25
FENC,2021-12-03,4.31,4.52,4.27,4.43
FENC,2021-12-06,4.5,4.5,4.1,4.19
FENC,2021-12-07,4.2,4.42,4.19,4.29
FENC,2021-12-08,4.33,4.35,4.13,4.26
FENC,2021-12-09,4.245,4.29,4.1,4.14
FENC,2021-12-10,4.14,4.24,4.11,4.13
FENC,2021-12-13,4.1,4.225,4.04,4.18
FENC,2021-12-14,4.13,4.17,4.05,4.08
FENC,2021-12-15,4.05,4.336,4.05,4.28
FENC,2021-12-16,4.27,4.2924,3.96,4.02
FENC,2021-12-17,4.01,4.205,3.9721,4.08
FENC,2021-12-20,4.15,4.29,4.03,4.21
FENC,2021-12-21,4.18,4.27,4.05,4.21
FENC,2021-12-22,4.17,4.4,4.1,4.31
FENC,2021-12-23,4.3,4.57,4.27,4.49
FENC,2021-12-27,4.47,4.53,4.14,4.32
FENC,2021-12-28,4.26,4.3599,4.14,4.18
FENC,2021-12-29,4.23,4.3,4.1414,4.22
FENC,2021-12-30,4.23,4.5,4.23,4.38
FENC,2021-12-31,4.33,4.51,4.298,4.4
FENC,2022-01-03,4.39,4.6,4.37,4.58
FENC,2022-01-04,4.59,4.59,4.3025,4.52
FENC,2022-01-05,4.464,4.6,4.35,4.41
FENC,2022-01-06,4.23,4.53,4.175,4.4
FENC,2022-01-07,4.2601,4.56,4.2601,4.52
FENC,2022-01-10,4.35,4.54,4.3101,4.49
FENC,2022-01-11,4.46,4.79,4.3413,4.78
FENC,2022-01-12,4.55,4.8281,4.55,4.745
FENC,2022-01-13,4.57,4.775,4.45,4.68
FENC,2022-01-14,4.45,4.73,4.45,4.63
FENC,2022-01-18,4.63,4.7,4.5,4.6
FENC,2022-01-19,4.61,4.61,4.44,4.48
FENC,2022-01-20,4.555,4.7,4.53,4.64
FENC,2022-01-21,4.58,4.59,4.28,4.39
FENC,2022-01-24,4.59,4.6,4.11,4.55
FENC,2022-01-25,4.36,4.6191,4.35,4.6
FENC,2022-01-26,4.69,4.8243,4.46,4.64
FENC,2022-01-27,4.71,4.73,4.29,4.29
FENC,2022-01-28,4.24,4.4225,4.24,4.42
FENC,2022-01-31,4.18,4.95,4.16,4.65
FENC,2022-02-01,4.7,4.93,4.7,4.88
FENC,2022-02-02,4.9,4.9499,4.72,4.78
FENC,2022-02-03,4.7,4.7,4.6,4.68
FENC,2022-02-04,4.7,4.83,4.58,4.765
FENC,2022-02-07,4.76,4.9,4.74,4.9
FENC,2022-02-08,4.76,4.94,4.76,4.87
FENC,2022-02-09,4.87,5.0,4.87,4.98
FENC,2022-02-10,4.91,5.5,4.91,5.11
FENC,2022-02-11,4.7,5.21,4.7,5.0
FENC,2022-02-14,4.97,4.99,4.66,4.72
FENC,2022-02-15,4.8,4.92,4.76,4.86
FENC,2022-02-16,4.81,4.86,4.68,4.86
FENC,2022-02-17,4.96,5.02,4.72,4.88
FENC,2022-02-18,4.83,4.88,4.78,4.87
FENC,2022-02-22,4.87,4.97,4.75,4.955
FENC,2022-02-23,5.0,5.03,4.78,4.96
FENC,2022-02-24,4.7902,5.1925,4.64,5.09
FENC,2022-02-25,5.06,5.575,5.0201,5.43
FENC,2022-02-28,5.174,5.6,5.08,5.59
FENC,2022-03-01,5.7,5.78,5.475,5.56
FENC,2022-03-02,5.57,5.66,5.51,5.51
FENC,2022-03-03,5.51,5.5644,5.37,5.4624
FENC,2022-03-04,5.31,5.48,5.07,5.08
FENC,2022-03-07,4.84,5.2,4.84,5.1
FENC,2022-03-08,5.09,5.18,4.815,5.17
FENC,2022-03-09,5.15,5.31,5.07,5.21
FENC,2022-03-10,5.32,5.32,5.11,5.29
FENC,2022-03-11,5.29,5.485,5.24,5.47
FENC,2022-03-14,5.53,5.53,5.075,5.12
FENC,2022-03-15,5.125,5.2,4.89,5.2
FENC,2022-03-16,5.2,5.335,5.2,5.29
FENC,2022-03-17,5.26,5.4672,5.26,5.3784
FENC,2022-03-18,5.42,5.625,5.4,5.58
FENC,2022-03-21,5.56,5.88,5.51,5.88
FENC,2022-03-22,5.83,6.25,5.7468,6.07
FENC,2022-03-23,6.12,6.37,5.91,6.08
FENC,2022-03-24,6.08,6.2,5.6501,5.69
FENC,2022-03-25,5.9361,5.96,5.7,5.93
FENC,2022-03-28,6.05,6.05,5.78,5.85
FENC,2022-03-29,5.93,6.0,5.85,5.89
FENC,2022-03-30,5.82,6.0,5.82,5.83
FENC,2022-03-31,5.79,5.83,5.585,5.6
FENC,2022-04-01,5.54,5.99,5.54,5.9
FENC,2022-04-04,5.91,6.0,5.8377,5.9
FENC,2022-04-05,5.988,6.0,5.8201,5.86
FENC,2022-04-06,5.9599,6.13,5.9,6.09
FENC,2022-04-07,6.04,6.3,5.881,6.29
FENC,2022-04-08,6.22,6.55,6.0019,6.33
FENC,2022-04-11,6.38,6.38,5.96,5.99
FENC,2022-04-12,6.04,6.38,5.93,6.3
FENC,2022-04-13,6.32,6.4,6.24,6.3
FENC,2022-04-14,6.3837,6.4,6.2,6.2
FENC,2022-04-18,6.26,6.29,6.0,6.14
FENC,2022-04-19,6.07,6.1767,5.7,6.08
FENC,2022-04-20,6.14,6.3807,6.05,6.08
FENC,2022-04-21,6.14,6.4,5.98,5.98
FENC,2022-04-22,6.01,6.14,5.91,5.97
FENC,2022-04-25,6.0,6.06,5.77,5.96
FENC,2022-04-26,5.9832,6.2686,5.86,6.26
FENC,2022-04-27,6.17,6.29,5.58,5.68
FENC,2022-04-28,5.68,5.99,5.4112,5.95
FENC,2022-04-29,5.92,5.92,5.66,5.775
FENC,2022-05-02,5.76,6.35,5.6,6.15
FENC,2022-05-03,6.07,6.2,5.99,6.0
FENC,2022-05-04,5.99,6.2,5.92,6.2
FENC,2022-05-05,6.08,6.125,5.81,5.82
FENC,2022-05-06,5.88,5.95,5.72,5.76
FENC,2022-05-09,5.7,5.85,5.59,5.8
FENC,2022-05-10,5.74,5.9864,5.55,5.55
FENC,2022-05-11,5.62,5.88,5.1069,5.17
FENC,2022-05-12,5.1,5.42,5.0,5.3
FENC,2022-05-13,5.1,5.74,5.1,5.52
FENC,2022-05-16,5.45,5.99,5.448,5.95
FENC,2022-05-17,6.02,6.05,5.77,5.9581
FENC,2022-05-18,5.9678,5.98,5.78,5.97
FENC,2022-05-19,5.9,5.95,5.77,5.8
FENC,2022-05-20,5.8628,5.9338,5.6756,5.79
FENC,2022-05-23,5.86,5.86,5.55,5.62
FENC,2022-05-24,5.6,5.68,5.26,5.58
FENC,2022-05-25,5.63,5.6421,5.3601,5.61
FENC,2022-05-26,5.5169,5.8,5.5169,5.78
FENC,2022-05-27,5.8,5.97,5.7401,5.82
FENC,2022-05-31,5.92,5.93,5.695,5.71
FENC,2022-06-01,5.71,5.76,5.5701,5.69
FENC,2022-06-02,5.67,5.83,5.62,5.83
FENC,2022-06-03,5.62,5.8388,5.62,5.72
FENC,2022-06-06,5.72,5.85,5.57,5.6499
FENC,2022-06-07,5.65,5.766,5.64,5.6832
FENC,2022-06-08,5.71,5.7601,5.4801,5.58
FENC,2022-06-09,5.62,5.62,5.3,5.48
FENC,2022-06-10,5.53,5.58,5.3501,5.53
FENC,2022-06-13,5.42,5.73,5.35,5.505
FENC,2022-06-14,5.47,5.6,5.29,5.59
FENC,2022-06-15,5.54,5.73,5.45,5.61
FENC,2022-06-16,5.63,5.762,5.31,5.31
FENC,2022-06-17,5.28,5.9,5.265,5.5
FENC,2022-06-21,5.53,5.6954,5.53,5.585
FENC,2022-06-22,5.575,5.635,5.57,5.57
FENC,2022-06-23,5.64,5.6783,5.55,5.59
FENC,2022-06-24,5.6542,5.7,5.51,5.57
FENC,2022-06-27,5.66,5.75,5.53,5.6525
FENC,2022-06-28,5.63,5.91,5.63,5.82
FENC,2022-06-29,5.82,5.94,5.77,5.77
FENC,2022-06-30,5.9035,5.9035,5.51,5.58
FENC,2022-07-01,5.665,5.81,5.53,5.71
FENC,2022-07-05,5.71,6.35,5.71,6.15
FENC,2022-07-06,6.08,6.31,6.08,6.11
FENC,2022-07-07,6.095,6.44,6.09,6.29
FENC,2022-07-08,6.29,6.5,6.27,6.38
FENC,2022-07-11,6.41,6.5,6.1763,6.37
FENC,2022-07-12,6.31,6.49,6.25,6.395
FENC,2022-07-13,6.27,6.5873,6.27,6.51
FENC,2022-07-14,6.5068,6.59,6.26,6.5
FENC,2022-07-15,6.5,6.93,6.2601,6.72
FENC,2022-07-18,6.77,6.93,6.6,6.6
FENC,2022-07-19,6.63,6.98,6.55,6.56
FENC,2022-07-20,6.57,6.9199,6.57,6.66
FENC,2022-07-21,6.65,6.9899,6.65,6.83
FENC,2022-07-22,6.78,7.2674,6.78,6.85
FENC,2022-07-25,6.86,7.129,6.75,6.96
FENC,2022-07-26,6.88,7.02,6.6,6.66
FENC,2022-07-27,6.69,6.8399,6.68,6.78
FENC,2022-07-28,6.58,6.7199,6.55,6.7
FENC,2022-07-29,6.74,6.78,6.58,6.68
FENC,2022-08-01,6.6,7.59,6.6,6.84
FENC,2022-08-02,6.88,6.99,6.65,6.85
FENC,2022-08-03,6.66,6.8399,6.6,6.6
FENC,2022-08-04,6.66,6.92,6.66,6.75
FENC,2022-08-05,6.76,7.0,6.7001,6.995
FENC,2022-08-08,7.0,7.2599,6.93,6.93
FENC,2022-08-09,6.9468,6.9468,6.67,6.69
FENC,2022-08-10,6.83,7.31,6.76,7.08
FENC,2022-08-11,7.15,7.25,6.805,7.045
FENC,2022-08-12,6.985,7.05,6.9108,6.94
FENC,2022-08-15,6.9215,6.98,6.76,6.79
FENC,2022-08-16,6.99,7.02,6.53,6.75
FENC,2022-08-17,6.74,6.86,6.65,6.65
FENC,2022-08-18,6.63,6.68,6.46,6.46
FENC,2022-08-19,6.49,6.61,6.2312,6.36
FENC,2022-08-22,6.49,6.62,6.36,6.41
FENC,2022-08-23,6.46,6.82,6.36,6.68
FENC,2022-08-24,6.73,7.15,6.7,6.89
FENC,2022-08-25,6.93,7.3381,6.9294,7.11
FENC,2022-08-26,7.06,7.19,7.0,7.0
FENC,2022-08-29,6.91,7.1402,6.82,6.98
FENC,2022-08-30,7.1101,7.1101,6.81,6.91
FENC,2022-08-31,6.9,7.05,6.9,7.0
FENC,2022-09-01,7.03,7.485,7.01,7.44
FENC,2022-09-02,7.49,7.6,7.28,7.39
FENC,2022-09-06,7.4296,7.4992,7.3,7.35
FENC,2022-09-07,7.4,7.552,7.11,7.11
FENC,2022-09-08,7.17,7.17,6.81,6.88
FENC,2022-09-09,6.85,6.9696,6.29,6.34
FENC,2022-09-12,6.58,6.74,6.43,6.53
FENC,2022-09-13,6.53,6.95,6.5,6.66
FENC,2022-09-14,6.6,6.7177,6.4319,6.46
FENC,2022-09-15,6.5,6.78,6.4601,6.72
FENC,2022-09-16,6.65,6.7899,6.52,6.61
FENC,2022-09-19,6.67,6.8,6.53,6.59
FENC,2022-09-20,6.6,7.63,6.49,7.63
FENC,2022-09-21,7.85,8.75,7.65,8.54
FENC,2022-09-22,8.4,8.5,7.8501,8.03
FENC,2022-09-23,7.81,8.0,7.5801,7.83
FENC,2022-09-26,7.78,8.0937,6.92,7.18
FENC,2022-09-27,7.43,7.88,7.13,7.32
FENC,2022-09-28,7.3,7.5,7.12,7.46
FENC,2022-09-29,7.53,8.24,7.53,8.04
FENC,2022-09-30,7.96,8.19,7.75,8.1
FENC,2022-10-03,8.15,8.21,7.81,8.0
FENC,2022-10-04,8.03,8.05,7.67,7.81
FENC,2022-10-05,7.67,7.85,7.5679,7.81
FENC,2022-10-06,7.65,8.02,7.65,7.93
FENC,2022-10-07,7.8658,8.0,7.71,7.78
FENC,2022-10-10,7.71,7.8,7.51,7.63
FENC,2022-10-11,7.65,7.75,7.35,7.72
FENC,2022-10-12,7.74,7.89,7.64,7.71
FENC,2022-10-13,7.67,8.07,7.555,8.05
FENC,2022-10-14,8.07,8.085,7.84,7.87
FENC,2022-10-17,7.94,8.1199,7.935,8.08
FENC,2022-10-18,8.15,8.38,8.07,8.3
FENC,2022-10-19,8.35,8.4,8.07,8.2
FENC,2022-10-20,8.39,8.41,8.21,8.3
FENC,2022-10-21,8.32,8.46,8.24,8.3
FENC,2022-10-24,8.33,8.383,8.08,8.23
FENC,2022-10-25,8.24,8.4134,8.175,8.27
FENC,2022-10-26,8.18,8.35,8.18,8.29
FENC,2022-10-27,8.2,8.35,8.11,8.33
FENC,2022-10-28,8.33,8.47,8.29,8.42
FENC,2022-10-31,8.49,8.85,8.3,8.8
FENC,2022-11-01,8.86,8.88,8.51,8.55
FENC,2022-11-02,8.51,8.51,8.21,8.25
FENC,2022-11-03,8.2,8.485,8.2,8.32
FENC,2022-11-04,8.26,8.395,8.25,8.38
FENC,2022-11-07,8.28,8.64,8.13,8.47
FENC,2022-11-08,8.54,8.625,8.42,8.55
FENC,2022-11-09,8.45,8.47,8.16,8.28
FENC,2022-11-10,8.19,8.37,7.69,8.18
FENC,2022-11-11,8.0,8.36,8.0,8.22
FENC,2022-11-14,8.18,8.3,7.7,7.91
FENC,2022-11-15,7.93,8.12,7.93,8.03
FENC,2022-11-16,7.95,8.11,7.88,7.99
FENC,2022-11-17,7.99,8.26,7.9162,8.19
FENC,2022-11-18,8.28,8.63,8.245,8.58
FENC,2022-11-21,8.58,8.805,8.49,8.71
FENC,2022-11-22,9.0,9.6277,8.76,9.53
FENC,2022-11-23,9.54,9.87,9.4575,9.51
FENC,2022-11-25,9.38,9.54,9.1898,9.51
FENC,2022-11-28,9.55,9.89,9.12,9.61
FENC,2022-11-29,9.52,9.955,9.52,9.75
FENC,2022-11-30,9.71,10.06,9.63,9.76
FENC,2022-12-01,9.71,9.9699,9.65,9.86
FENC,2022-12-02,9.75,9.82,9.56,9.62
FENC,2022-12-05,9.52,9.65,9.5,9.57
FENC,2022-12-06,9.6,9.7168,9.32,9.54
FENC,2022-12-07,9.53,9.89,8.83,9.69
FENC,2022-12-08,9.81,9.92,9.58,9.88
FENC,2022-12-09,9.88,10.04,9.48,9.51
FENC,2022-12-12,9.65,9.94,9.29,9.85
FENC,2022-12-13,10.0,10.29,9.77,10.02
FENC,2022-12-14,10.07,10.375,9.62,9.85
FENC,2022-12-15,9.83,9.92,9.45,9.73
FENC,2022-12-16,9.78,9.93,9.425,9.91
FENC,2022-12-19,9.91,10.0,9.705,9.935
FENC,2022-12-20,9.85,10.0,9.7,9.79
FENC,2022-12-21,9.7,10.35,9.7,10.22
FENC,2022-12-22,10.2,10.2,9.37,9.93
FENC,2022-12-23,9.96,9.97,9.521,9.78
FENC,2022-12-27,9.99,9.99,9.6087,9.83
FENC,2022-12-28,9.72,9.8,9.53,9.53
FENC,2022-12-29,9.52,9.78,9.37,9.68
FENC,2022-12-30,9.65,9.73,9.51,9.6
FENC,2023-01-03,9.75,10.13,9.44,10.03
FENC,2023-01-04,10.14,10.45,10.0,10.25
FENC,2023-01-05,10.2,10.31,10.0,10.17
FENC,2023-01-06,10.11,10.19,9.86,9.94
FENC,2023-01-09,9.94,10.0,9.8,9.94
FENC,2023-01-10,10.01,10.38,9.9992,10.19
FENC,2023-01-11,10.28,10.28,10.07,10.21
FENC,2023-01-12,10.25,10.27,9.98,10.04
FENC,2023-01-13,10.01,10.85,10.0,10.35
FENC,2023-01-17,10.24,10.5,9.93,10.09
FENC,2023-01-18,10.03,10.1297,9.87,10.11
FENC,2023-01-19,10.01,10.07,9.86,9.93
FENC,2023-01-20,9.91,10.09,9.85,9.9
FENC,2023-01-23,9.81,9.81,9.54,9.69
FENC,2023-01-24,9.65,9.705,9.1,9.19
FENC,2023-01-25,9.35,10.06,9.35,9.95
FENC,2023-01-26,9.9,9.915,9.7,9.83
FENC,2023-01-27,9.84,9.84,9.34,9.46
FENC,2023-01-30,9.35,9.58,9.22,9.42
FENC,2023-01-31,9.4,10.18,9.35,10.01
FENC,2023-02-01,10.01,10.29,9.84,10.21
FENC,2023-02-02,10.32,10.5,9.92,10.15
FENC,2023-02-03,10.11,10.29,9.76,10.01
FENC,2023-02-06,10.0,10.0,9.52,9.71
FENC,2023-02-07,9.96,10.11,9.665,9.97
FENC,2023-02-08,9.85,10.13,9.76,9.81
FENC,2023-02-09,9.89,9.97,9.75,9.93
FENC,2023-02-10,9.84,9.885,9.63,9.8
FENC,2023-02-13,9.75,9.89,9.56,9.72
FENC,2023-02-14,9.61,9.76,9.56,9.68
FENC,2023-02-15,9.59,9.7581,9.21,9.46
FENC,2023-02-16,9.31,9.4,9.3,9.36
FENC,2023-02-17,9.26,9.5899,8.96,9.14
FENC,2023-02-21,9.14,9.23,8.86,9.02
FENC,2023-02-22,9.03,9.17,9.02,9.13
FENC,2023-02-23,9.14,9.16,8.99,9.09
FENC,2023-02-24,8.89,9.13,8.51,8.97
FENC,2023-02-27,9.05,9.28,8.81,8.98
FENC,2023-02-28,8.92,9.01,8.76,9.0
FENC,2023-03-01,8.92,9.45,8.77,9.14
FENC,2023-03-02,9.07,9.38,8.81,9.15
FENC,2023-03-03,9.09,9.17,8.95,9.01
FENC,2023-03-06,9.0,9.245,9.0,9.16
FENC,2023-03-07,9.15,9.2,8.85,8.97
FENC,2023-03-08,8.96,9.06,8.91,9.05
FENC,2023-03-09,9.01,9.31,9.01,9.19
FENC,2023-03-10,9.17,9.24,8.79,8.84
FENC,2023-03-13,8.75,8.75,8.08,8.26
FENC,2023-03-14,8.29,9.09,8.08,8.91
FENC,2023-03-15,8.9,9.0,8.2947,8.4
FENC,2023-03-16,8.39,8.46,8.1601,8.46
FENC,2023-03-17,8.34,8.39,8.23,8.25
FENC,2023-03-20,8.2,8.28,7.94,8.08
FENC,2023-03-21,8.09,8.2711,7.97,7.99
FENC,2023-03-22,8.05,8.05,7.02,7.57
FENC,2023-03-23,7.6,7.95,7.34,7.38
FENC,2023-03-24,7.4,7.65,7.29,7.59
FENC,2023-03-27,7.67,8.31,7.23,8.21
FENC,2023-03-28,8.21,8.57,7.93,8.405
FENC,2023-03-29,8.51,8.51,8.12,8.32
FENC,2023-03-30,8.21,8.7111,7.98,8.55
FENC,2023-03-31,8.7,9.11,8.035,8.32
FENC,2023-04-03,8.24,8.5,7.9,8.22
FENC,2023-04-04,8.22,8.55,8.08,8.39
FENC,2023-04-05,8.45,8.7199,8.44,8.48
FENC,2023-04-06,8.55,8.7,8.27,8.49
FENC,2023-04-10,8.38,9.07,8.27,9.0
FENC,2023-04-11,9.06,9.155,8.805,8.93
FENC,2023-04-12,8.89,9.03,8.51,8.6
FENC,2023-04-13,8.8287,8.8287,8.52,8.57
FENC,2023-04-14,8.61,8.65,8.285,8.42
FENC,2023-04-17,8.34,8.5527,8.11,8.2
FENC,2023-04-18,8.2469,8.36,7.95,8.31
FENC,2023-04-19,8.2,8.3489,7.94,8.07
FENC,2023-04-20,7.95,7.985,7.7,7.78
FENC,2023-04-21,7.85,7.85,7.66,7.7
FENC,2023-04-24,7.66,8.0819,7.58,8.01
FENC,2023-04-25,7.98,8.04,7.75,7.95
FENC,2023-04-26,7.97,8.26,7.82,8.16
FENC,2023-04-27,8.3862,8.59,8.16,8.54
FENC,2023-04-28,8.41,8.71,8.1,8.19
FENC,2023-05-01,8.19,8.29,7.9,7.98
FENC,2023-05-02,7.98,8.49,7.98,8.44
FENC,2023-05-03,8.38,8.74,8.11,8.245
FENC,2023-05-04,8.16,8.18,7.945,8.05
FENC,2023-05-05,8.13,8.26,8.01,8.19
FENC,2023-05-08,8.26,8.27,7.79,7.95
FENC,2023-05-09,8.02,8.02,7.73,7.82
FENC,2023-05-10,7.9,8.02,7.7,7.9
FENC,2023-05-11,7.79,7.94,7.4823,7.87
FENC,2023-05-12,7.96,7.96,7.36,7.51
FENC,2023-05-15,7.65,7.735,7.27,7.64
FENC,2023-05-16,7.69,7.72,7.36,7.38
FENC,2023-05-17,7.4545,7.73,7.4,7.54
FENC,2023-05-18,7.55,7.605,7.34,7.42
FENC,2023-05-19,7.36,7.54,7.36,7.47
FENC,2023-05-22,7.46,7.64,7.3,7.37
FENC,2023-05-23,7.3,7.58,7.3,7.42
FENC,2023-05-24,7.44,7.76,7.37,7.67
FENC,2023-05-25,7.65,7.65,7.3,7.35
FENC,2023-05-26,7.4,7.435,7.1,7.27
FENC,2023-05-30,7.32,7.46,7.24,7.39
FENC,2023-05-31,7.44,7.69,7.35,7.58
FENC,2023-06-01,7.41,8.15,7.37,8.05
FENC,2023-06-02,8.02,8.29,7.9,8.22
FENC,2023-06-05,8.27,8.46,8.11,8.33
FENC,2023-06-06,8.429,8.765,8.38,8.58
FENC,2023-06-07,8.49,8.75,8.48,8.6
FENC,2023-06-08,8.6,8.89,8.43,8.62
FENC,2023-06-09,8.7,8.84,8.47,8.63
FENC,2023-06-12,8.61,8.86,8.48,8.78
FENC,2023-06-13,8.75,9.1,8.625,9.08
FENC,2023-06-14,9.19,9.5,9.185,9.41
FENC,2023-06-15,9.36,9.765,9.31,9.68
FENC,2023-06-16,9.72,9.87,9.36,9.44
FENC,2023-06-20,9.4,9.81,9.25,9.55
FENC,2023-06-21,9.44,10.0,9.29,9.82
FENC,2023-06-22,9.75,9.99,9.4,9.48
FENC,2023-06-23,9.33,9.645,8.796,8.96
FENC,2023-06-26,9.0,9.0,8.79,8.88
FENC,2023-06-27,8.7525,9.1992,8.745,8.93
FENC,2023-06-28,8.82,9.38,8.76,9.29
FENC,2023-06-29,9.19,9.21,8.68,8.87
FENC,2023-06-30,8.83,8.945,8.65,8.83
FENC,2023-07-03,8.75,8.75,8.35,8.57
FENC,2023-07-05,8.57,8.65,8.415,8.57
FENC,2023-07-06,8.47,8.65,8.13,8.58
FENC,2023-07-07,8.64,8.9,8.39,8.88
FENC,2023-07-10,8.84,9.08,8.8101,8.9
FENC,2023-07-11,8.91,8.91,8.61,8.81
FENC,2023-07-12,8.94,9.06,8.79,8.94
FENC,2023-07-13,8.99,8.99,8.6601,8.85
FENC,2023-07-14,8.8,8.91,8.636,8.78
FENC,2023-07-17,8.79,8.98,8.58,8.75
FENC,2023-07-18,8.75,8.95,8.75,8.87
FENC,2023-07-19,8.85,8.85,8.522,8.61
FENC,2023-07-20,8.67,8.71,8.27,8.51
FENC,2023-07-21,8.56,8.56,8.05,8.2
FENC,2023-07-24,8.21,8.35,8.06,8.12
FENC,2023-07-25,8.11,8.26,8.0449,8.14
FENC,2023-07-26,8.11,8.16,7.93,8.06
FENC,2023-07-27,8.13,8.13,7.762,8.05
FENC,2023-07-28,8.05,8.31,8.0,8.2
FENC,2023-07-31,8.25,8.965,8.25,8.91
FENC,2023-08-01,8.78,8.78,8.57,8.75
FENC,2023-08-02,8.59,8.7242,8.4719,8.64
FENC,2023-08-03,8.62,8.67,7.762,8.01
FENC,2023-08-04,7.915,8.26,7.8,8.03
FENC,2023-08-07,8.11,8.23,7.845,8.12
FENC,2023-08-08,8.12,8.17,8.01,8.15
FENC,2023-08-09,8.08,8.35,8.0,8.2
FENC,2023-08-10,8.27,8.53,8.08,8.37
FENC,2023-08-11,8.3355,8.55,8.3355,8.49
FENC,2023-08-14,8.4067,8.48,8.26,8.37
FENC,2023-08-15,8.38,8.5402,8.2,8.29
FENC,2023-08-16,8.2,8.24,7.8601,8.02
FENC,2023-08-17,8.04,8.04,7.8201,7.9
FENC,2023-08-18,7.85,7.99,7.67,7.83
FENC,2023-08-21,7.88,8.0737,7.7195,7.79
FENC,2023-08-22,7.84,7.91,7.68,7.77
FENC,2023-08-23,7.86,8.03,7.64,7.93
FENC,2023-08-24,7.93,8.2,7.92,8.1
FENC,2023-08-25,8.02,8.25,8.0101,8.2
FENC,2023-08-28,8.2,8.2,7.9,7.99
FENC,2023-08-29,8.0,8.29,7.92,8.005
FENC,2023-08-30,8.05,8.365,8.02,8.26
FENC,2023-08-31,8.31,8.3318,8.11,8.16
FENC,2023-09-01,8.05,8.4124,8.045,8.37
FENC,2023-09-05,8.25,8.34,7.805,7.84
FENC,2023-09-06,7.91,8.26,7.73,7.96
FENC,2023-09-07,7.87,8.1,7.738,7.97
FENC,2023-09-08,7.94,8.46,7.873,8.2
FENC,2023-09-11,8.17,8.38,8.0713,8.11
FENC,2023-09-12,8.18,8.39,7.93,8.04
FENC,2023-09-13,7.64,8.2238,7.64,8.1
FENC,2023-09-14,8.14,8.325,7.79,8.09
FENC,2023-09-15,8.08,8.2965,7.79,7.93
FENC,2023-09-18,7.95,7.95,7.34,7.37
FENC,2023-09-19,7.39,7.4,7.1,7.24
FENC,2023-09-20,7.33,7.6499,7.29,7.62
FENC,2023-09-21,7.61,7.63,7.29,7.33
FENC,2023-09-22,7.35,7.575,7.335,7.49
FENC,2023-09-25,7.5,7.86,7.25,7.35
FENC,2023-09-26,7.33,7.4,7.12,7.2
FENC,2023-09-27,7.2,7.38,7.07,7.16
FENC,2023-09-28,7.23,7.32,7.09,7.15
FENC,2023-09-29,7.08,7.55,7.08,7.51
FENC,2023-10-02,7.51,7.6287,7.07,7.13
FENC,2023-10-03,7.08,7.1,6.83,7.03
FENC,2023-10-04,6.96,6.99,6.32,6.49
FENC,2023-10-05,6.53,6.74,6.35,6.48
FENC,2023-10-06,6.3,6.91,6.3,6.89
FENC,2023-10-09,6.83,6.83,6.54,6.61
FENC,2023-10-10,6.65,7.19,6.65,7.1
FENC,2023-10-11,7.09,7.22,6.935,7.16
FENC,2023-10-12,7.12,7.44,6.77,6.93
FENC,2023-10-13,7.16,7.16,6.72,6.9
FENC,2023-10-16,7.0,7.15,6.7701,7.11
FENC,2023-10-17,7.13,7.39,6.93,7.03
FENC,2023-10-18,6.9632,6.9632,6.63,6.82
FENC,2023-10-19,6.81,6.96,6.75,6.9
FENC,2023-10-20,6.92,7.03,6.76,6.81
FENC,2023-10-23,6.72,6.94,6.72,6.8
FENC,2023-10-24,6.9,7.09,6.85,6.92
FENC,2023-10-25,6.94,7.3089,6.8001,7.1
FENC,2023-10-26,6.87,7.22,6.75,6.93
FENC,2023-10-27,6.843,6.94,6.81,6.84
FENC,2023-10-30,6.81,6.89,6.55,6.88
FENC,2023-10-31,6.895,6.91,6.7323,6.88
FENC,2023-11-01,6.84,7.1,6.73,6.74
FENC,2023-11-02,7.2,7.43,6.8192,6.96
FENC,2023-11-03,7.09,7.23,6.68,6.9
FENC,2023-11-06,7.85,8.135,7.51,7.96
FENC,2023-11-07,8.06,8.235,7.995,8.16
FENC,2023-11-08,8.24,8.24,7.51,7.62
FENC,2023-11-09,7.19,7.86,7.107,7.75
FENC,2023-11-10,7.6,7.89,7.4,7.58
FENC,2023-11-13,7.69,7.925,7.5994,7.87
FENC,2023-11-14,7.9,8.3,7.9,8.1
FENC,2023-11-15,8.21,8.23,8.01,8.01
FENC,2023-11-16,8.01,8.3,7.9101,8.08
FENC,2023-11-17,8.15,8.35,8.06,8.32
FENC,2023-11-20,8.25,8.8,8.19,8.54
FENC,2023-11-21,8.4,8.87,8.38,8.63
FENC,2023-11-22,8.67,8.93,8.63,8.83
FENC,2023-11-24,8.85,8.94,8.5612,8.84
FENC,2023-11-27,8.8,8.8,8.33,8.41
FENC,2023-11-28,8.43,8.6653,8.35,8.53
FENC,2023-11-29,8.4989,8.72,8.4989,8.62
FENC,2023-11-30,8.7,8.82,8.49,8.6
FENC,2023-12-01,8.52,8.82,8.3764,8.65
FENC,2023-12-04,8.66,9.39,8.5722,9.19
FENC,2023-12-05,9.09,9.5399,9.08,9.24
FENC,2023-12-06,9.37,9.495,9.02,9.05
FENC,2023-12-07,9.07,9.35,9.07,9.31
FENC,2023-12-08,9.15,9.58,9.15,9.47
FENC,2023-12-11,9.54,9.59,9.22,9.29
FENC,2023-12-12,9.27,9.64,9.17,9.55
FENC,2023-12-13,9.29,9.94,9.29,9.51
FENC,2023-12-14,9.69,10.06,9.53,10.01
FENC,2023-12-15,10.06,10.12,9.55,9.95
FENC,2023-12-18,10.01,10.05,9.81,9.98
FENC,2023-12-19,9.98,10.19,9.92,10.13
FENC,2023-12-20,10.1,10.565,9.98,10.38
FENC,2023-12-21,10.53,10.7075,10.35,10.52
FENC,2023-12-22,10.62,11.02,10.575,10.96
FENC,2023-12-26,10.9,11.65,10.72,11.6
FENC,2023-12-27,11.6,11.8099,11.04,11.54
FENC,2023-12-28,11.53,11.92,11.36,11.61
FENC,2023-12-29,11.54,11.5467,11.19,11.22
FENC,2024-01-02,11.09,11.27,10.87,11.12
FENC,2024-01-03,11.22,11.22,10.75,10.81
FENC,2024-01-04,10.79,10.925,10.3016,10.67
FENC,2024-01-05,10.52,10.52,10.32,10.35
FENC,2024-01-08,10.24,10.67,10.24,10.66
FENC,2024-01-09,10.51,10.69,10.38,10.42
FENC,2024-01-10,10.4,10.6299,10.19,10.29
FENC,2024-01-11,10.3,10.3,9.92,10.19
FENC,2024-01-12,10.32,10.34,10.02,10.29
FENC,2024-01-16,10.19,10.28,9.9306,10.14
FENC,2024-01-17,10.0,10.43,9.86,10.3
FENC,2024-01-18,10.31,10.325,9.97,10.12
FENC,2024-01-19,10.19,10.31,9.88,10.01
FENC,2024-01-22,9.98,10.31,9.95,10.25
FENC,2024-01-23,10.36,10.36,10.15,10.23
FENC,2024-01-24,10.26,10.26,10.0355,10.08
FENC,2024-01-25,10.2,10.54,10.01,10.42
FENC,2024-01-26,9.9,10.06,9.66,9.9
FENC,2024-01-29,9.78,9.9,9.5524,9.85
FENC,2024-01-30,9.82,10.1293,9.7425,9.92
FENC,2024-01-31,9.98,10.2489,9.78,9.99
FENC,2024-02-01,10.05,10.09,9.91,9.99
FENC,2024-02-02,9.94,10.18,9.603,10.07
FENC,2024-02-05,10.03,10.07,9.79,9.79
FENC,2024-02-06,9.8,10.35,9.8,10.08
FENC,2024-02-07,10.08,10.15,10.0,10.02
FENC,2024-02-08,10.05,10.4,10.0,10.13
FENC,2024-02-09,10.25,10.25,10.06,10.16
FENC,2024-02-12,10.19,10.41,10.15,10.17
FENC,2024-02-13,9.99,10.06,9.36,9.4
FENC,2024-02-14,9.75,9.99,9.18,9.2
FENC,2024-02-15,9.32,9.43,9.0001,9.14
FENC,2024-02-16,9.14,9.155,8.93,9.01
FENC,2024-02-20,9.04,9.1899,8.76,8.82
FENC,2024-02-21,8.85,8.9,8.59,8.88
FENC,2024-02-22,8.86,9.14,8.84,9.03
FENC,2024-02-23,9.07,9.13,8.97,9.0
FENC,2024-02-26,9.0,9.23,8.98,9.14
FENC,2024-02-27,9.08,9.48,9.01,9.35
FENC,2024-02-28,9.26,9.5,9.26,9.31
FENC,2024-02-29,9.49,9.99,9.32,9.47
FENC,2024-03-01,9.5,9.92,9.44,9.82
FENC,2024-03-04,9.84,9.96,9.7,9.77
FENC,2024-03-05,9.8,9.88,9.5,9.57
FENC,2024-03-06,9.69,9.93,9.5,9.79
FENC,2024-03-07,9.79,9.8498,9.53,9.61
FENC,2024-03-08,9.6,10.034,9.5,9.66
FENC,2024-03-11,9.74,9.79,9.43,9.47
FENC,2024-03-12,9.4,9.75,9.4,9.72
FENC,2024-03-13,9.66,9.9,9.63,9.9
FENC,2024-03-14,9.9,10.12,9.74,10.0
FENC,2024-03-15,9.92,10.02,9.65,9.94
FENC,2024-03-18,10.75,11.4314,10.63,11.07
FENC,2024-03-19,10.91,11.25,10.62,11.01
FENC,2024-03-20,10.94,11.29,10.86,11.07
FENC,2024-03-21,11.39,11.49,10.83,11.07
FENC,2024-03-22,11.16,11.47,10.75,10.8
FENC,2024-03-25,10.75,11.27,10.75,11.0
FENC,2024-03-26,10.97,11.15,10.78,10.89
FENC,2024-03-27,11.04,11.15,10.98,11.085
FENC,2024-03-28,11.2,11.37,11.04,11.12
FENC,2024-04-01,11.05,11.16,10.75,10.84
FENC,2024-04-02,10.75,11.285,10.69,10.99
FENC,2024-04-03,10.89,10.96,10.73,10.77
FENC,2024-04-04,10.91,11.15,10.71,10.91
FENC,2024-04-05,10.86,11.07,10.65,10.69
FENC,2024-04-08,10.46,11.02,10.46,10.83
FENC,2024-04-09,10.73,10.91,10.38,10.89
FENC,2024-04-10,10.7,10.82,10.53,10.67
FENC,2024-04-11,10.72,11.11,10.575,10.83
FENC,2024-04-12,10.81,10.92,10.44,10.49
FENC,2024-04-15,10.45,10.58,10.13,10.33
FENC,2024-04-16,10.21,10.52,10.055,10.26
FENC,2024-04-17,10.26,10.29,9.7,9.7
FENC,2024-04-18,9.6,9.85,9.46,9.57
FENC,2024-04-19,9.52,9.655,9.175,9.33
FENC,2024-04-22,9.34,9.485,9.155,9.38
FENC,2024-04-23,9.5,9.61,9.05,9.24
FENC,2024-04-24,9.18,9.3,8.95,9.07
FENC,2024-04-25,9.0,9.33,8.8301,9.16
FENC,2024-04-26,9.15,9.3,9.04,9.21
FENC,2024-04-29,9.4,9.4,9.05,9.14
FENC,2024-04-30,9.05,9.32,9.01,9.18
FENC,2024-05-01,9.2,9.31,8.99,9.09
FENC,2024-05-02,9.21,9.31,8.9427,9.09
FENC,2024-05-03,9.23,9.38,9.15,9.23
FENC,2024-05-06,9.26,9.2899,9.05,9.09
FENC,2024-05-07,9.19,9.4,9.0804,9.35
FENC,2024-05-08,9.25,9.45,9.185,9.27
FENC,2024-05-09,9.1,9.46,9.1,9.42
FENC,2024-05-10,9.41,9.83,9.405,9.75
FENC,2024-05-13,9.88,10.0657,9.8,10.02
FENC,2024-05-14,9.02,9.27,6.51,7.34
FENC,2024-05-15,7.83,7.88,6.78,6.98
FENC,2024-05-16,7.14,7.1903,6.66,7.12
FENC,2024-05-17,7.03,7.09,6.7,7.04
FENC,2024-05-20,7.09,7.64,7.08,7.31
FENC,2024-05-21,7.32,7.4274,7.08,7.12
FENC,2024-05-22,7.06,7.33,6.98,7.19
FENC,2024-05-23,7.08,7.08,6.85,6.87
FENC,2024-05-24,6.77,6.98,6.66,6.7
FENC,2024-05-28,6.74,7.05,6.6102,7.03
FENC,2024-05-29,6.9,7.31,6.75,7.15
FENC,2024-05-30,7.15,7.27,6.84,6.85
FENC,2024-05-31,6.82,6.86,6.67,6.78
FENC,2024-06-03,6.76,6.8,6.58,6.73
FENC,2024-06-04,6.72,6.95,6.67,6.68
FENC,2024-06-05,6.7,6.75,6.65,6.7
FENC,2024-06-06,6.7,7.0,6.6628,6.85
FENC,2024-06-07,6.77,6.94,6.75,6.86
FENC,2024-06-10,6.85,7.1,6.72,7.08
FENC,2024-06-11,7.03,7.256,6.86,7.25
FENC,2024-06-12,7.31,7.31,6.8,6.86
FENC,2024-06-13,6.91,6.985,6.85,6.86
FENC,2024-06-14,6.88,6.97,6.71,6.76
FENC,2024-06-17,6.83,6.91,6.7,6.81
FENC,2024-06-18,6.78,6.886,6.65,6.65
FENC,2024-06-20,6.62,6.7,6.47,6.55
FENC,2024-06-21,6.6,6.65,6.42,6.43
FENC,2024-06-24,6.41,6.53,6.25,6.34
FENC,2024-06-25,6.35,6.39,6.12,6.2
FENC,2024-06-26,6.2,6.21,6.0,6.02
FENC,2024-06-27,6.01,6.235,6.01,6.15
FENC,2024-06-28,6.16,6.23,5.99,6.11
FENC,2024-07-01,6.14,6.33,6.13,6.27
FENC,2024-07-02,6.13,6.32,6.03,6.03
FENC,2024-07-03,5.97,6.08,5.97,6.03
FENC,2024-07-05,6.03,6.03,5.66,5.825
FENC,2024-07-08,5.82,6.07,5.785,5.81
FENC,2024-07-09,5.83,6.09,5.79,5.86
FENC,2024-07-10,5.98,6.01,5.89,6.0
FENC,2024-07-11,5.97,6.585,5.97,6.53
FENC,2024-07-12,6.66,6.72,6.35,6.39
FENC,2024-07-15,6.53,6.64,6.33,6.53
FENC,2024-07-16,6.52,6.82,6.52,6.72
FENC,2024-07-17,6.78,6.908,6.5,6.65
FENC,2024-07-18,6.65,6.73,6.26,6.33
FENC,2024-07-19,6.36,6.47,6.345,6.42
FENC,2024-07-22,6.44,6.61,6.27,6.57
FENC,2024-07-23,6.52,6.73,6.52,6.7
FENC,2024-07-24,6.7,6.73,6.57,6.57
FENC,2024-07-25,6.6,6.68,6.51,6.59
FENC,2024-07-26,6.7,6.7,6.46,6.51
FENC,2024-07-29,6.53,6.595,6.23,6.27
FENC,2024-07-30,6.21,6.365,6.21,6.33
FENC,2024-07-31,6.4,6.58,6.38,6.47
FENC,2024-08-01,6.47,6.49,6.04,6.263
FENC,2024-08-02,6.05,6.11,5.72,5.76
FENC,2024-08-05,5.56,5.85,5.56,5.76
FENC,2024-08-06,5.63,5.63,5.53,5.63
FENC,2024-08-07,5.71,5.94,5.67,5.76
FENC,2024-08-08,5.84,6.11,5.68,6.07
FENC,2024-08-09,6.05,6.17,5.91,5.93
FENC,2024-08-12,6.01,6.345,5.99,6.25
FENC,2024-08-13,5.77,6.2,5.3,5.85
FENC,2024-08-14,5.91,5.91,5.26,5.33
FENC,2024-08-15,5.47,5.58,5.37,5.58
FENC,2024-08-16,5.53,5.69,5.53,5.56
FENC,2024-08-19,5.52,5.74,5.0,5.72
FENC,2024-08-20,5.65,5.65,5.56,5.6
FENC,2024-08-21,5.63,5.75,5.61,5.63
FENC,2024-08-22,5.73,5.73,5.43,5.49
FENC,2024-08-23,5.55,5.8,5.55,5.7
FENC,2024-08-26,5.74,5.85,5.72,5.84
FENC,2024-08-27,5.78,5.89,5.6,5.67
FENC,2024-08-28,5.67,5.67,5.33,5.44
FENC,2024-08-29,5.48,5.59,5.3963,5.53
FENC,2024-08-30,5.55,5.6,5.38,5.57
FENC,2024-09-03,5.54,5.67,5.39,5.61
FENC,2024-09-04,5.52,5.77,5.43,5.56
FENC,2024-09-05,5.58,5.6,5.26,5.37
FENC,2024-09-06,5.35,5.385,5.3,5.3
FENC,2024-09-09,5.235,5.4,5.17,5.24
FENC,2024-09-10,5.305,5.305,5.13,5.24
FENC,2024-09-11,5.28,5.435,5.185,5.25
FENC,2024-09-12,5.24,5.43,5.24,5.38
FENC,2024-09-13,5.44,5.52,5.4101,5.47
FENC,2024-09-16,5.435,5.5,5.16,5.2
FENC,2024-09-17,5.25,5.305,5.17,5.26
FENC,2024-09-18,5.13,5.315,5.13,5.213
FENC,2024-09-19,5.34,5.35,5.26,5.29
FENC,2024-09-20,5.27,5.28,5.18,5.25
FENC,2024-09-23,5.29,5.31,5.11,5.11
FENC,2024-09-24,5.15,5.15,4.93,4.95
FENC,2024-09-25,4.95,4.975,4.8,4.85
FENC,2024-09-26,4.88,5.22,4.77,5.14
FENC,2024-09-27,5.2,5.33,5.1672,5.2
FENC,2024-09-30,5.234,5.234,4.87,5.027
FENC,2024-10-01,4.94,4.97,4.76,4.82
FENC,2024-10-02,4.75,4.774,4.58,4.62
FENC,2024-10-03,4.57,4.62,4.5,4.52
FENC,2024-10-04,4.58,4.705,4.55,4.62
FENC,2024-10-07,4.65,4.67,4.53,4.57
FENC,2024-10-08,4.53,4.6063,4.504,4.51
FENC,2024-10-09,4.53,4.54,4.23,4.26
FENC,2024-10-10,4.23,4.23,4.09,4.19
FENC,2024-10-11,4.17,4.46,4.17,4.42
FENC,2024-10-14,4.4,4.595,4.4,4.54
FENC,2024-10-15,4.54,4.76,4.54,4.659
FENC,2024-10-16,4.72,4.8592,4.58,4.65
FENC,2024-10-17,4.72,4.86,4.5712,4.65
FENC,2024-10-18,4.75,4.75,4.54,4.54
FENC,2024-10-21,4.62,4.68,4.6,4.66
FENC,2024-10-22,4.66,4.75,4.52,4.54
FENC,2024-10-23,4.55,4.55,4.3945,4.46
FENC,2024-10-24,4.48,4.6,4.44,4.58
FENC,2024-10-25,4.63,4.7042,4.22,4.24
FENC,2024-10-28,4.38,4.74,4.32,4.73
FENC,2024-10-29,4.77,4.985,4.7182,4.79
FENC,2024-10-30,4.78,4.82,4.43,4.47
FENC,2024-10-31,4.46,4.69,4.33,4.34
FENC,2024-11-01,4.44,4.44,4.26,4.34
FENC,2024-11-04,4.31,4.66,4.3,4.65
FENC,2024-11-05,4.62,4.9999,4.62,4.8
FENC,2024-11-06,4.92,4.92,4.86,4.92
FENC,2024-11-07,4.36,4.36,4.21,4.36
FENC,2024-11-08,4.345,4.345,4.22,4.29
FENC,2024-11-11,4.37,4.4007,3.985,4.25
FENC,2024-11-12,4.24,4.3,4.14,4.23
FENC,2024-11-13,4.26,4.565,4.26,4.49
FENC,2024-11-14,4.49,4.54,4.3,4.4
FENC,2024-11-15,4.42,4.42,3.965,3.99
FENC,2024-11-18,4.04,4.11,3.96,4.035
FENC,2024-11-19,4.01,4.295,4.0,4.275
FENC,2024-11-20,4.25,4.79,4.25,4.64
FENC,2024-11-21,4.68,5.19,4.6,4.72
FENC,2024-11-22,4.68,5.55,4.68,5.32
FENC,2024-11-25,5.31,5.7,5.125,5.66
FENC,2024-11-26,5.5,6.27,5.5,6.04
FENC,2024-11-27,6.01,6.5477,6.0,6.01
FENC,2024-11-29,6.01,6.11,5.8,6.06
FENC,2024-12-02,5.97,6.46,5.935,6.24
FENC,2024-12-03,6.1,6.32,5.92,6.23
FENC,2024-12-04,6.23,6.43,5.79,6.07
FENC,2024-12-05,6.04,6.08,5.56,5.72
FENC,2024-12-06,5.76,6.35,5.76,6.17
FENC,2024-12-09,6.17,6.325,5.95,6.06
FENC,2025-01-27,6.21,6.6683,6.17,6.55
FENC,2025-01-28,6.52,6.78,6.49,6.5
FENC,2025-01-29,6.5,6.64,6.42,6.47
FENC,2025-01-30,6.5,6.615,6.4135,6.55
FENC,2025-01-31,6.56,6.64,6.4,6.5
FENC,2025-02-03,6.43,6.6,6.3,6.5
FENC,2025-02-04,6.5,6.7624,6.5,6.65
FENC,2025-02-05,6.63,6.805,6.53,6.79
FENC,2025-02-06,6.86,6.86,6.5,6.66
FENC,2025-02-07,6.65,6.79,6.5,6.65
FENC,2025-02-10,6.64,6.78,6.52,6.67
FENC,2025-02-11,6.63,6.67,6.49,6.5
FENC,2025-02-12,6.45,6.6,6.16,6.52
FENC,2025-02-13,6.55,6.775,6.41,6.74
FENC,2025-02-14,6.82,6.96,6.61,6.68
FENC,2025-02-18,6.69,6.87,6.69,6.74
FENC,2025-02-19,6.7,6.7493,6.57,6.64
FENC,2025-02-20,6.62,6.71,6.58,6.6
FENC,2025-02-21,6.72,6.79,6.65,6.65
FENC,2025-02-24,6.72,6.865,6.63,6.77
FENC,2025-02-25,6.772,6.8602,6.7,6.75
FENC,2025-02-26,6.53,6.77,6.53,6.75
FENC,2025-02-27,6.75,6.985,6.71,6.87
FENC,2025-02-28,6.835,7.02,6.835,7.02
FENC,2025-03-03,7.06,7.06,6.7,6.78
FENC,2025-03-04,6.6,6.935,6.59,6.75
FENC,2025-03-05,6.76,6.92,6.68,6.75
FENC,2025-03-06,6.725,6.96,6.66,6.82
FENC,2025-03-07,6.695,6.96,6.695,6.88
FENC,2025-03-10,6.85,6.8902,5.75,6.14
FENC,2025-03-11,6.25,6.44,6.25,6.405
FENC,2025-03-12,6.44,6.64,6.44,6.5
FENC,2025-03-13,6.52,6.545,6.1,6.13
FENC,2025-03-14,6.17,6.64,5.89,6.51
FENC,2025-03-17,6.52,6.6359,6.29,6.32
FENC,2025-03-18,6.4,6.6,6.38,6.57
FENC,2025-03-19,6.59,6.899,6.46,6.67
FENC,2025-03-20,6.68,6.895,6.5,6.62
FENC,2025-03-21,6.5,6.77,6.45,6.67
FENC,2025-03-24,6.67,6.74,6.49,6.6
FENC,2025-03-25,6.555,6.555,6.35,6.43
FENC,2025-03-26,6.37,6.53,6.25,6.47
FENC,2025-03-27,6.49,6.5,6.31,6.46
FENC,2025-03-28,6.5,6.5,6.3008,6.5
FENC,2025-03-31,6.38,6.41,6.06,6.09
FENC,2025-04-01,6.02,6.105,5.47,5.53
FENC,2025-04-02,5.5,5.96,5.5,5.94
FENC,2025-04-03,5.72,5.72,5.56,5.59
FENC,2025-04-04,5.42,5.42,5.0987,5.25
FENC,2025-04-07,5.12,5.54,5.0,5.21
FENC,2025-04-08,5.45,5.45,4.86,5.055
FENC,2025-04-09,5.0,5.26,4.685,5.06
FENC,2025-04-10,5.06,5.2,4.87,5.03
FENC,2025-04-11,4.95,5.07,4.95,5.01
FENC,2025-04-14,5.1,5.36,4.98,5.27
FENC,2025-04-15,5.25,5.25,5.18,5.25
FENC,2025-04-16,5.0501,5.305,5.02,5.1
FENC,2025-04-17,5.16,5.16,5.03,5.08
FENC,2025-04-21,5.02,5.31,5.02,5.21
FENC,2025-04-22,5.355,5.5067,5.17,5.44
FENC,2025-04-23,5.6,5.75,5.53,5.65
FENC,2025-04-24,5.59,5.72,5.51,5.69
FENC,2025-04-25,5.69,5.745,5.54,5.63
FENC,2025-04-28,5.58,6.04,5.58,6.0
FENC,2025-04-29,6.02,6.27,5.95,6.19
FENC,2025-04-30,6.12,6.365,6.04,6.04
FENC,2025-05-01,6.1,6.23,5.78,6.11
FENC,2025-05-02,6.13,6.48,6.0351,6.3
FENC,2025-05-05,6.27,6.45,6.1,6.28
FENC,2025-05-06,6.11,6.2,5.85,6.01
FENC,2025-05-07,5.9492,6.19,5.9492,6.11
FENC,2025-05-08,6.08,6.6089,6.07,6.205
FENC,2025-05-09,6.2,6.36,5.9,5.95
FENC,2025-05-12,6.16,6.438,6.16,6.27
FENC,2025-05-13,6.61,6.61,5.95,6.48
FENC,2025-05-14,6.51,6.555,6.305,6.33
FENC,2025-05-15,6.33,6.55,6.2,6.55
FENC,2025-05-16,6.55,6.88,6.55,6.84
FENC,2025-05-19,6.83,7.74,6.83,7.65
FENC,2025-05-20,8.1,8.26,7.8228,8.17
FENC,2025-05-21,8.06,8.408,7.98,8.29
FENC,2025-05-22,8.26,8.37,7.8981,7.97
FENC,2025-05-23,7.78,7.97,7.5594,7.87
FENC,2025-05-27,7.99,8.3,7.8111,8.13
FENC,2025-05-28,8.09,8.29,8.01,8.12
FENC,2025-05-29,8.13,8.34,7.93,8.1
FENC,2025-05-30,8.1,8.2,7.79,8.13
FENC,2025-06-02,8.15,8.28,7.85,7.93
FENC,2025-06-03,7.87,8.06,7.73,7.875
FENC,2025-06-04,8.23,8.23,7.64,7.675
FENC,2025-06-05,7.63,7.95,7.63,7.9
FENC,2025-06-06,7.99,8.72,7.975,8.43
FENC,2025-06-09,8.41,8.49,8.1001,8.25
FENC,2025-06-10,8.32,8.46,8.1,8.31
FENC,2025-06-11,8.4,8.4175,7.88,8.2
FENC,2025-06-12,8.15,8.4,8.0,8.32
FENC,2025-06-13,8.17,8.275,7.83,7.93
FENC,2025-06-16,7.93,8.17,7.8,8.17
FENC,2025-06-17,8.11,8.19,7.59,7.72
FENC,2025-06-18,7.66,7.98,7.5251,7.86
FENC,2025-06-20,7.93,8.0876,7.53,7.85
FENC,2025-06-23,7.72,8.08,7.6,8.07
FENC,2025-06-24,8.14,8.461,7.8403,8.45
FENC,2025-06-25,8.49,8.68,8.16,8.4
FENC,2025-06-26,8.46,8.46,8.145,8.28
FENC,2025-06-27,8.33,8.37,7.935,8.225
FENC,2025-06-30,8.25,8.505,8.17,8.315
FENC,2025-07-01,8.31,8.4837,8.28,8.31
FENC,2025-07-02,8.46,8.61,8.35,8.54
FENC,2025-07-03,8.57,8.875,8.38,8.8
FENC,2025-07-07,8.71,8.92,8.46,8.47
FENC,2025-07-08,8.57,8.8333,8.4955,8.7
FENC,2025-07-09,8.79,8.89,8.5524,8.89
FENC,2025-07-10,8.88,9.11,8.7,9.04
FENC,2025-07-11,8.78,8.78,8.74,8.78
FENC,2025-07-14,8.68,8.835,8.5908,8.79
FENC,2025-07-15,8.85,8.85,8.47,8.71
FENC,2025-07-16,8.83,8.945,8.655,8.92
FENC,2025-07-17,8.94,8.9625,8.69,8.75
FENC,2025-07-18,8.85,8.92,8.4,8.445
FENC,2025-07-21,8.47,8.65,8.28,8.41
FENC,2025-07-22,8.7,8.76,8.365,8.57
FENC,2025-07-23,8.68,8.89,8.585,8.73
FENC,2025-07-24,8.77,8.94,8.58,8.72
FENC,2025-07-25,8.79,8.8247,8.41,8.63
FENC,2025-07-28,8.63,8.82,8.53,8.66
FENC,2025-07-29,8.73,8.73,8.51,8.54
FENC,2025-07-30,8.64,8.69,8.34,8.41
FENC,2025-07-31,8.39,8.63,8.2,8.23
FENC,2025-08-01,8.13,8.16,7.84,7.84
FENC,2025-08-04,7.93,8.36,7.81,8.32
FENC,2025-08-05,8.29,8.51,7.94,8.17
FENC,2025-08-06,8.11,8.265,7.98,8.16
FENC,2025-08-07,8.14,8.31,7.93,8.07
FENC,2025-08-08,8.17,8.465,8.1,8.33
FENC,2025-08-11,8.31,8.46,8.15,8.25
FENC,2025-08-12,8.33,9.29,8.25,9.24
FENC,2025-08-13,9.31,9.42,8.905,9.11
FENC,2025-08-14,7.17,9.05,7.17,8.53
FENC,2025-08-15,8.62,8.65,8.36,8.36
FENC,2025-08-18,8.38,8.5147,8.06,8.2
FENC,2025-08-19,8.2,8.3,7.86,7.91
FENC,2025-08-20,7.88,8.08,7.5678,8.08
FENC,2025-08-21,8.07,8.31,7.97,8.17
FENC,2025-08-22,8.27,8.73,8.105,8.66
FENC,2025-08-25,8.65,8.74,8.48,8.65
FENC,2025-08-26,8.73,8.81,8.65,8.68
FENC,2025-08-27,8.65,9.105,8.65,9.04
FENC,2025-08-28,9.06,9.06,8.86,8.87
FENC,2025-08-29,8.96,9.025,8.77,8.87
FENC,2025-09-02,8.95,9.07,8.8732,8.91
FENC,2025-09-03,8.95,8.98,8.73,8.82
FENC,2025-09-04,8.9,9.18,8.84,9.18
FENC,2025-09-05,9.2,9.29,8.95,9.0
FENC,2025-09-08,9.05,9.18,9.0,9.07
FENC,2025-09-09,9.01,9.22,8.955,9.22
FENC,2025-09-10,9.22,9.23,8.965,9.01
FENC,2025-09-11,9.08,9.11,8.98,9.03
FENC,2025-09-12,8.99,9.13,8.655,8.76
FENC,2025-09-15,8.87,8.98,8.535,8.67
FENC,2025-09-16,8.63,9.11,8.415,8.85
FENC,2025-09-17,8.87,9.05,8.63,8.67
FENC,2025-09-18,8.76,9.1,8.69,8.93
FENC,2025-09-19,9.0,9.125,8.01,8.67
FENC,2025-09-22,8.64,8.77,8.57,8.67
FENC,2025-09-23,8.66,8.81,8.41,8.49
FENC,2025-09-24,8.48,8.64,8.26,8.4
FENC,2025-09-25,8.27,8.7,8.27,8.7
FENC,2025-09-26,8.69,9.1216,8.67,9.04
FENC,2025-09-29,9.0,9.17,8.99,9.09
FENC,2025-09-30,9.05,9.37,9.05,9.36
FENC,2025-10-01,9.26,9.7,9.26,9.59
FENC,2025-10-02,9.6,9.67,9.39,9.67
FENC,2025-10-03,9.7,9.89,9.61,9.88
FENC,2025-10-06,9.82,9.92,9.625,9.74
FENC,2025-10-07,9.72,9.81,9.42,9.48
FENC,2025-10-08,9.57,9.605,9.16,9.22
FENC,2025-10-09,9.18,9.73,9.18,9.33
FENC,2025-10-10,9.24,9.26,8.5642,8.57
FENC,2025-10-13,8.69,8.79,8.357,8.44
FENC,2025-10-14,8.21,8.6765,8.21,8.256
FENC,2025-10-15,8.34,8.79,8.27,8.72
FENC,2025-10-16,8.75,8.895,8.515,8.64
FENC,2025-10-17,8.54,8.79,8.24,8.24
FENC,2025-10-20,8.3,8.77,8.3,8.66
FENC,2025-10-21,8.6,8.84,8.39,8.72
FENC,2025-10-22,8.57,8.73,8.31,8.72
FENC,2025-10-23,8.8699,9.0,8.72,8.96
FENC,2025-10-24,9.01,9.08,8.825,8.99
FENC,2025-10-27,8.99,9.1,8.8,8.82
FENC,2025-10-28,8.78,9.16,8.6001,8.76
FENC,2025-10-29,8.75,8.92,8.205,8.47
FENC,2025-10-30,8.37,8.59,8.27,8.27
FENC,2025-10-31,8.27,8.47,8.095,8.2
FENC,2025-11-03,8.24,8.32,8.03,8.12
FENC,2025-11-04,8.02,8.202,7.84,8.0
FENC,2025-11-05,8.02,8.36,7.83,8.25
FENC,2025-11-06,8.25,8.25,7.94,8.0
FENC,2025-11-07,7.97,8.11,7.86,7.98
FENC,2025-11-10,8.22,8.4167,7.64,7.68
FENC,2025-11-11,7.67,8.075,7.67,7.92
FENC,2025-11-12,7.93,8.05,7.665,7.78
FENC,2025-11-13,7.88,7.92,7.53,7.69
FENC,2025-11-14,8.75,8.75,7.75,7.87
FENC,2025-11-17,7.97,9.0,7.95,8.75
FENC,2025-11-18,8.75,8.95,8.6,8.74
FENC,2025-11-19,8.85,8.95,8.16,8.18
FENC,2025-11-20,8.34,8.34,7.75,7.855
FENC,2025-11-21,7.8,8.21,7.66,7.87
FENC,2025-11-24,7.88,7.88,7.495,7.74
FENC,2025-11-25,7.7,8.205,7.54,7.95
FENC,2025-11-26,7.9,8.0,7.72,7.89
FENC,2025-11-28,7.835,8.25,7.835,8.19
FENC,2025-12-01,8.17,8.235,7.7,7.73
FENC,2025-12-02,7.77,7.85,7.51,7.61
FENC,2025-12-03,7.6,7.705,7.3501,7.57
FENC,2025-12-04,7.58,7.79,7.47,7.78
FENC,2025-12-05,7.75,7.88,7.43,7.55
FENC,2025-12-08,7.59,7.7,7.48,7.54
FENC,2025-12-09,7.6,7.74,7.48,7.64
FENC,2025-12-10,7.695,7.695,7.35,7.45
FENC,2025-12-11,7.43,7.6238,7.36,7.49
FENC,2025-12-12,7.5,7.63,7.45,7.55
